  0.000000000000000000e+00  -8.986439307126322092e+03   0.000000000000000000e+00   8.986388305677770404e+03   0.000000000000000000e+00  -2.423059839743351768e+04
  3.000000000000000000e+03   2.579131557258633165e+03   0.000000000000000000e+00   8.469407703805774872e+03   0.000000000000000000e+00  -2.390658011348414948e+04
  6.000000000000000000e+03   1.412245613312039859e+04   0.000000000000000000e+00   7.966705340718871412e+03   0.000000000000000000e+00  -2.359653897012076777e+04
  9.000000000000000000e+03   2.565126641019343151e+04   0.000000000000000000e+00   7.476484499690397570e+03   0.000000000000000000e+00  -2.329986312713914958e+04
  1.200000000000000000e+04   3.717592373069698078e+04   0.000000000000000000e+00   6.997049190622279639e+03   0.000000000000000000e+00  -2.301517592144207083e+04
  1.500000000000000000e+04   4.870336467433383950e+04   0.000000000000000000e+00   6.528593813387290538e+03   0.000000000000000000e+00  -2.274082523022632813e+04
  1.800000000000000000e+04   6.023492833690555562e+04   0.000000000000000000e+00   6.073248554119370056e+03   0.000000000000000000e+00  -2.247538776010521542e+04
  2.100000000000000000e+04   7.177055964606984344e+04   0.000000000000000000e+00   5.633134798232829780e+03   0.000000000000000000e+00  -2.221713112992354945e+04
  2.400000000000000000e+04   8.331484505489519506e+04   0.000000000000000000e+00   5.208009945705774044e+03   0.000000000000000000e+00  -2.196200002512562423e+04
  2.700000000000000000e+04   9.487880189260290354e+04   0.000000000000000000e+00   4.794586349109439652e+03   0.000000000000000000e+00  -2.170066265483177995e+04
  3.000000000000000000e+04   1.064777592829597415e+05   0.000000000000000000e+00   4.387716728869517283e+03   0.000000000000000000e+00  -2.141411332989775838e+04
  3.300000000000000000e+04   1.181318115718164772e+05   0.000000000000000000e+00   3.981310220809452858e+03   0.000000000000000000e+00  -2.106145186368547365e+04
  3.600000000000000000e+04   1.344323738850242225e+05   0.000000000000000000e+00   4.418778999004120689e-02   0.000000000000000000e+00   4.791265740616103358e+03
  3.900000000000000000e+04   1.458856065161167644e+05   0.000000000000000000e+00  -7.127952523857608580e-02   0.000000000000000000e+00   4.060240243367365565e+03
  4.200000000000000000e+04   1.574202184049632051e+05   0.000000000000000000e+00  -7.066020309013058831e-02   0.000000000000000000e+00   3.212645305007538809e+03
  4.500000000000000000e+04   1.690671234702408547e+05   0.000000000000000000e+00  -7.973706759783143194e-03   0.000000000000000000e+00   2.217781103168034861e+03
  4.800000000000000000e+04   1.808801008314773790e+05   0.000000000000000000e+00   3.384190104473099731e-02   0.000000000000000000e+00   1.026743575516096371e+03
  5.100000000000000000e+04   1.929481241686293215e+05   0.000000000000000000e+00   7.789591482463412153e-02   0.000000000000000000e+00  -4.467378434830640117e+02
  5.400000000000000000e+04   2.054391566391039523e+05   0.000000000000000000e+00  -1.241711835851458910e-02   0.000000000000000000e+00  -2.386955786164552592e+03
  5.700000000000000000e+04   2.847304935416594963e+05   0.000000000000000000e+00   4.312249571106929216e+04   0.000000000000000000e+00  -4.312244424048880319e+04
  6.000000000000000000e+04   2.976977763979553711e+05   0.000000000000000000e+00   4.173380057795584435e+04   0.000000000000000000e+00  -4.173373189090149390e+04
  6.300000000000000000e+04   3.605669898744988604e+05   0.000000000000000000e+00  -7.231606041158804288e-02   0.000000000000000000e+00  -2.392466143956672661e-02
  6.600000000000000000e+04   3.713813578545741620e+05   0.000000000000000000e+00   1.049788539594760303e-02   0.000000000000000000e+00  -9.734792668728882090e-03
  6.900000000000000000e+04   3.821231236462632078e+05   0.000000000000000000e+00   9.409453902301275060e-04   0.000000000000000000e+00   2.586795802326238673e-03
  7.200000000000000000e+04   3.927989363689163001e+05   0.000000000000000000e+00  -5.204855385798210421e-04   0.000000000000000000e+00  -4.663978494130430224e-05
  7.500000000000000000e+04   4.034146919286944321e+05   0.000000000000000000e+00   5.040787888403499417e-05   0.000000000000000000e+00  -8.456768573554550078e-05
  7.800000000000000000e+04   4.139757030282492633e+05   0.000000000000000000e+00   1.147560391947809187e-05   0.000000000000000000e+00   1.481922035362046345e-05
  8.100000000000000000e+04   4.244867345396814635e+05   0.000000000000000000e+00  -3.390971666241905984e-06   0.000000000000000000e+00   1.152172224932242338e-06
  8.400000000000000000e+04   4.349520214845560258e+05   0.000000000000000000e+00  -6.650400526476636870e-08   0.000000000000000000e+00  -6.935733844658584094e-07
  8.700000000000000000e+04   4.453754726823668461e+05   0.000000000000000000e+00   1.332929114088799520e-07   0.000000000000000000e+00   8.782323981663321113e-09
  9.000000000000000000e+04   4.557604299234370701e+05   0.000000000000000000e+00  -9.686629897805627609e-09   0.000000000000000000e+00   2.278825471100097484e-08
  9.300000000000000000e+04   4.661097465575265815e+05   0.000000000000000000e+00  -5.860818089428614656e-09   0.000000000000000000e+00  -4.884015074523845408e-09
  9.600000000000000000e+04   4.764258862102220301e+05   0.000000000000000000e+00  -8.954027636627051087e-10   0.000000000000000000e+00  -2.757433510824921357e-09
  9.900000000000000000e+04   4.867108821161661763e+05   0.000000000000000000e+00  -1.709405276083345976e-09   0.000000000000000000e+00  -1.813063408524411979e-09
  1.020000000000000000e+05   4.969663454247086192e+05   0.000000000000000000e+00  -1.709405276083345976e-09   0.000000000000000000e+00  -1.906546509560220082e-09
  1.050000000000000000e+05   5.071934364156030351e+05   0.000000000000000000e+00  -1.587304899220249923e-09   0.000000000000000000e+00  -1.921809056668106933e-09
  1.080000000000000000e+05   5.173928741500442848e+05   0.000000000000000000e+00  -1.505904647978185681e-09   0.000000000000000000e+00  -1.792713345713895971e-09
  1.110000000000000000e+05   5.275649047668556450e+05   0.000000000000000000e+00  -1.383804271115089629e-09   0.000000000000000000e+00  -1.725939702116890272e-09
  1.140000000000000000e+05   5.377092847020605113e+05   0.000000000000000000e+00  -1.180303643009929335e-09   0.000000000000000000e+00  -1.683967697570201016e-09
  1.170000000000000000e+05   5.478251286719804630e+05   0.000000000000000000e+00  -1.180303643009929335e-09   0.000000000000000000e+00  -1.678880181867572066e-09
  1.200000000000000000e+05   5.579111845490143169e+05   0.000000000000000000e+00  -1.098903391767865300e-09   0.000000000000000000e+00  -1.586668959757421201e-09
  1.230000000000000000e+05   5.679655157410741085e+05   0.000000000000000000e+00  -1.017503140525801265e-09   0.000000000000000000e+00  -1.412421546942377786e-09
  1.260000000000000000e+05   5.779855447066810448e+05   0.000000000000000000e+00  -9.564529520942530316e-10   0.000000000000000000e+00  -1.315758748592426692e-09
  1.290000000000000000e+05   5.879682272657731082e+05   0.000000000000000000e+00  -8.343525752311569791e-10   0.000000000000000000e+00  -1.308763414501311782e-09
  1.320000000000000000e+05   5.979094144434490008e+05   0.000000000000000000e+00  -7.326022611785768320e-10   0.000000000000000000e+00  -1.235630376276019895e-09
  1.350000000000000000e+05   6.078043462754064240e+05   0.000000000000000000e+00  -7.326022611785768320e-10   0.000000000000000000e+00  -1.172672369455985909e-09
  1.380000000000000000e+05   6.176470392800634727e+05   0.000000000000000000e+00  -6.919021355575448145e-10   0.000000000000000000e+00  -1.096359633916550824e-09
  1.410000000000000000e+05   6.274308497365042567e+05   0.000000000000000000e+00  -6.512020099365127970e-10   0.000000000000000000e+00  -1.008599988046200394e-09
  1.440000000000000000e+05   6.371477297146602068e+05   0.000000000000000000e+00  -5.901518215049646673e-10   0.000000000000000000e+00  -8.629698510584451358e-10
  1.470000000000000000e+05   6.467881138803446665e+05   0.000000000000000000e+00  -5.494516958839326498e-10   0.000000000000000000e+00  -8.222697254374131183e-10
  1.500000000000000000e+05   6.563415100562558509e+05   0.000000000000000000e+00  -5.494516958839326498e-10   0.000000000000000000e+00  -6.690083148957143305e-10
  1.485000000000000000e+05   6.515765756875618827e+05   0.000000000000000000e+00  -4.884015074523846236e-10   0.000000000000000000e+00  -7.624914159315223297e-10
  1.470000000000000000e+05   6.467882207492671441e+05   0.000000000000000000e+00  -4.884015074523846236e-10   0.000000000000000000e+00  -7.643992343200081861e-10
  1.455000000000000000e+05   6.419780866863335250e+05   0.000000000000000000e+00  -4.680514446418685114e-10   0.000000000000000000e+00  -8.343525752311569791e-10
  1.440000000000000000e+05   6.371475773888605181e+05   0.000000000000000000e+00  -5.087515702629006323e-10   0.000000000000000000e+00  -9.221122211015073056e-10
  1.425000000000000000e+05   6.322980178628928261e+05   0.000000000000000000e+00  -4.477013818313525544e-10   0.000000000000000000e+00  -1.007328109120543157e-09
  1.410000000000000000e+05   6.274306230975541985e+05   0.000000000000000000e+00  -4.477013818313525544e-10   0.000000000000000000e+00  -1.030221929782373641e-09
  1.395000000000000000e+05   6.225465240509477444e+05   0.000000000000000000e+00  -4.477013818313525544e-10   0.000000000000000000e+00  -1.079189268420177806e-09
  1.380000000000000000e+05   6.176467566385575337e+05   0.000000000000000000e+00  -5.698017586944486586e-10   0.000000000000000000e+00  -1.102083089082008497e-09
  1.365000000000000000e+05   6.127325258383203764e+05   0.000000000000000000e+00  -5.494516958839326498e-10   0.000000000000000000e+00  -1.189842734952358720e-09
  1.350000000000000000e+05   6.078042684436080744e+05   0.000000000000000000e+00  -5.494516958839326498e-10   0.000000000000000000e+00  -1.207013100448731738e-09
  1.335000000000000000e+05   6.028630028164836112e+05   0.000000000000000000e+00  -6.512020099365127970e-10   0.000000000000000000e+00  -1.257252318012193141e-09
  1.320000000000000000e+05   5.979094886706800899e+05   0.000000000000000000e+00  -6.512020099365127970e-10   0.000000000000000000e+00  -1.339924448179914414e-09
  1.305000000000000000e+05   5.929444041265606647e+05   0.000000000000000000e+00  -7.326022611785768320e-10   0.000000000000000000e+00  -1.325297840534856078e-09
  1.290000000000000000e+05   5.879682717079030117e+05   0.000000000000000000e+00  -7.529523239890928407e-10   0.000000000000000000e+00  -1.327205658923342038e-09
  1.275000000000000000e+05   5.829818478718039114e+05   0.000000000000000000e+00  -7.733023867996089528e-10   0.000000000000000000e+00  -1.375537058098317481e-09
  1.260000000000000000e+05   5.779856020660225768e+05   0.000000000000000000e+00  -7.326022611785768320e-10   0.000000000000000000e+00  -1.354551055824972957e-09
  1.245000000000000000e+05   5.729800007595160278e+05   0.000000000000000000e+00  -7.733023867996089528e-10   0.000000000000000000e+00  -1.423868457273293131e-09
  1.230000000000000000e+05   5.679654652903106762e+05   0.000000000000000000e+00  -7.326022611785768320e-10   0.000000000000000000e+00  -1.416237183719349498e-09
  1.215000000000000000e+05   5.629423819815227762e+05   0.000000000000000000e+00  -6.512020099365127970e-10   0.000000000000000000e+00  -1.455029490951895763e-09
  1.200000000000000000e+05   5.579110778247811832e+05   0.000000000000000000e+00  -7.326022611785768320e-10   0.000000000000000000e+00  -1.442310701695323180e-09
  1.185000000000000000e+05   5.528718511789900949e+05   0.000000000000000000e+00  -7.326022611785768320e-10   0.000000000000000000e+00  -1.496365556035756296e-09
  1.170000000000000000e+05   5.478249717024374986e+05   0.000000000000000000e+00  -8.547026380416729878e-10   0.000000000000000000e+00  -1.502089011201213969e-09
  1.155000000000000000e+05   5.427706572287743911e+05   0.000000000000000000e+00  -8.954027636627051087e-10   0.000000000000000000e+00  -1.544061015747903430e-09
  1.140000000000000000e+05   5.377090917324209586e+05   0.000000000000000000e+00  -8.954027636627051087e-10   0.000000000000000000e+00  -1.594936172774193349e-09
  1.125000000000000000e+05   5.326404239651975222e+05   0.000000000000000000e+00  -9.768030149047692471e-10   0.000000000000000000e+00  -1.626733145915624703e-09
  1.110000000000000000e+05   5.275649338840299752e+05   0.000000000000000000e+00  -9.361028892837370228e-10   0.000000000000000000e+00  -1.640723814097854524e-09
  1.095000000000000000e+05   5.224823681930647581e+05   0.000000000000000000e+00  -1.017503140525801265e-09   0.000000000000000000e+00  -1.634364419469568129e-09
  1.080000000000000000e+05   5.173929344927936327e+05   0.000000000000000000e+00  -1.180303643009929335e-09   0.000000000000000000e+00  -1.669977029387971196e-09
  1.065000000000000000e+05   5.122966630646291305e+05   0.000000000000000000e+00  -1.221003768630961352e-09   0.000000000000000000e+00  -1.762824190960950576e-09
  1.050000000000000000e+05   5.071935243960449006e+05   0.000000000000000000e+00  -1.221003768630961352e-09   0.000000000000000000e+00  -1.662345755834027770e-09
  1.035000000000000000e+05   5.020834769257521257e+05   0.000000000000000000e+00  -1.221003768630961352e-09   0.000000000000000000e+00  -1.637544116783711326e-09
  1.020000000000000000e+05   4.969664456121884868e+05   0.000000000000000000e+00  -1.302404019873025594e-09   0.000000000000000000e+00  -1.635000358932396851e-09
  1.005000000000000000e+05   4.918423294307749020e+05   0.000000000000000000e+00  -1.343104145494057611e-09   0.000000000000000000e+00  -1.742474128150434567e-09
  9.900000000000000000e+04   4.867109985480229370e+05   0.000000000000000000e+00  -1.343104145494057611e-09   0.000000000000000000e+00  -1.768547646126408249e-09
  9.750000000000000000e+04   4.815722939446085948e+05   0.000000000000000000e+00  -1.261703894251993576e-09   0.000000000000000000e+00  -1.746289764927406280e-09
  9.600000000000000000e+04   4.764260282167577534e+05   0.000000000000000000e+00  -1.261703894251993576e-09   0.000000000000000000e+00  -1.759644493646807379e-09
  9.450000000000000000e+04   4.712719836615166278e+05   0.000000000000000000e+00  -1.261703894251993576e-09   0.000000000000000000e+00  -1.680152060793229304e-09
  9.300000000000000000e+04   4.661099265099121258e+05   0.000000000000000000e+00  -1.261703894251993576e-09   0.000000000000000000e+00  -1.683967697570201016e-09
  9.150000000000000000e+04   4.609395785974500468e+05   0.000000000000000000e+00  -1.302404019873025594e-09   0.000000000000000000e+00  -1.573950170500848825e-09
  9.000000000000000000e+04   4.557606420413359301e+05   0.000000000000000000e+00  -1.302404019873025594e-09   0.000000000000000000e+00  -1.617829993436023833e-09
  8.850000000000000000e+04   4.505727887466122047e+05   0.000000000000000000e+00  -1.302404019873025594e-09   0.000000000000000000e+00  -1.601931506865308259e-09
  8.700000000000000000e+04   4.453756588931629085e+05   0.000000000000000000e+00  -1.302404019873025594e-09   0.000000000000000000e+00  -1.624189388064310228e-09
  8.550000000000000000e+04   4.401688860021066503e+05   0.000000000000000000e+00  -1.383804271115089629e-09   0.000000000000000000e+00  -1.640723814097854524e-09
  8.400000000000000000e+04   4.349520897130388767e+05   0.000000000000000000e+00  -1.383804271115089629e-09   0.000000000000000000e+00  -1.554871986615990054e-09
  8.250000000000000000e+04   4.297248416741973488e+05   0.000000000000000000e+00  -1.424504396736121646e-09   0.000000000000000000e+00  -1.453121672563409803e-09
  8.100000000000000000e+04   4.244866758850681945e+05   0.000000000000000000e+00  -1.546604773599217906e-09   0.000000000000000000e+00  -1.393343363057519014e-09
  7.950000000000000000e+04   4.192370963435930898e+05   0.000000000000000000e+00  -1.790805527325410217e-09   0.000000000000000000e+00  -1.365997966155888095e-09
  7.800000000000000000e+04   4.139755971315571805e+05   0.000000000000000000e+00  -1.709405276083345976e-09   0.000000000000000000e+00  -1.421960638884807171e-09
  7.650000000000000000e+04   4.087016265480892034e+05   0.000000000000000000e+00  -1.750105401704377993e-09   0.000000000000000000e+00  -1.200653705820445343e-09
  7.500000000000000000e+04   4.034145976372801815e+05   0.000000000000000000e+00  -1.790805527325410217e-09   0.000000000000000000e+00  -1.369813602932859808e-09
  7.350000000000000000e+04   3.981138973867158056e+05   0.000000000000000000e+00  -1.750105401704377993e-09   0.000000000000000000e+00  -1.243897589292792043e-09
  7.200000000000000000e+04   3.927988796621102956e+05   0.000000000000000000e+00  -1.668705150462313958e-09   0.000000000000000000e+00  -1.184119279786901254e-09
  7.050000000000000000e+04   3.874688602811128367e+05   0.000000000000000000e+00  -1.790805527325410217e-09   0.000000000000000000e+00  -1.148506669868498187e-09
  6.900000000000000000e+04   3.821231161437024130e+05   0.000000000000000000e+00  -1.790805527325410217e-09   0.000000000000000000e+00  -9.971530777152852559e-10
  6.750000000000000000e+04   3.767608775755843963e+05   0.000000000000000000e+00  -1.709405276083345976e-09   0.000000000000000000e+00  -9.857061673843699105e-10
  6.600000000000000000e+04   3.713813481358665158e+05   0.000000000000000000e+00  -1.709405276083345976e-09   0.000000000000000000e+00  -9.818905306073981976e-10
  6.450000000000000000e+04   3.659836803782685893e+05   0.000000000000000000e+00  -1.668705150462313958e-09   0.000000000000000000e+00  -1.062018902923804995e-09
  6.300000000000000000e+04   3.605669788199760369e+05   0.000000000000000000e+00  -1.750105401704377993e-09   0.000000000000000000e+00  -1.148506669868498187e-09
  6.150000000000000000e+04   3.551302887109816074e+05   0.000000000000000000e+00  -1.709405276083345976e-09   0.000000000000000000e+00  -1.063290781849462233e-09
  6.000000000000000000e+04   3.496726037398930639e+05   0.000000000000000000e+00  -1.750105401704377993e-09   0.000000000000000000e+00  -1.173944248381643147e-09
  5.850000000000000000e+04   3.441928579743608716e+05   0.000000000000000000e+00  -1.831505652946442235e-09   0.000000000000000000e+00  -9.386466471350517049e-10
  5.700000000000000000e+04   3.386899032779551926e+05   0.000000000000000000e+00  -1.912905904188506063e-09   0.000000000000000000e+00  -9.106653107705920636e-10
  5.550000000000000000e+04   3.331625320135507500e+05   0.000000000000000000e+00  -1.953606029809538494e-09   0.000000000000000000e+00  -9.017621582909912969e-10
  5.400000000000000000e+04   3.276093988026474253e+05   0.000000000000000000e+00  -2.157106657914698582e-09   0.000000000000000000e+00  -8.343525752311569791e-10
  5.250000000000000000e+04   3.220291424991294043e+05   0.000000000000000000e+00  -2.116406532293666564e-09   0.000000000000000000e+00  -8.229056649002417371e-10
  5.100000000000000000e+04   3.164202607210165006e+05   0.000000000000000000e+00  -2.360607286019858669e-09   0.000000000000000000e+00  -7.415054136581775987e-10
  4.950000000000000000e+04   3.107811295459472458e+05   0.000000000000000000e+00  -2.360607286019858669e-09   0.000000000000000000e+00  -7.974680863870966745e-10
  4.800000000000000000e+04   3.051099839073836338e+05   0.000000000000000000e+00  -2.319907160398826652e-09   0.000000000000000000e+00  -6.537457677878272722e-10
  4.650000000000000000e+04   2.994049035439317231e+05   0.000000000000000000e+00  -2.482707662882955135e-09   0.000000000000000000e+00  -3.332322785221998759e-10
  4.500000000000000000e+04   2.936637859076045570e+05   0.000000000000000000e+00  -2.523407788503987153e-09   0.000000000000000000e+00  -3.154259735629983941e-10
  4.350000000000000000e+04   2.878843049131116713e+05   0.000000000000000000e+00  -2.442007537261922704e-09   0.000000000000000000e+00  -2.035006281051602426e-10
  4.200000000000000000e+04   2.820638656998066581e+05   0.000000000000000000e+00  -2.442007537261922704e-09   0.000000000000000000e+00  -2.009568702538457415e-10
  4.050000000000000000e+04   2.761996590454656980e+05   0.000000000000000000e+00  -2.564107914125019170e-09   0.000000000000000000e+00   1.017503140525801245e-11
  3.900000000000000000e+04   2.702884681095924461e+05   0.000000000000000000e+00  -2.604808039746051188e-09   0.000000000000000000e+00   3.815636776971754872e-12
  3.750000000000000000e+04   2.643266645181466592e+05   0.000000000000000000e+00  -2.645508165367083205e-09   0.000000000000000000e+00   1.767911706663579682e-10
  3.600000000000000000e+04   2.583101018648302415e+05   0.000000000000000000e+00  -2.767608542230179258e-09   0.000000000000000000e+00   5.087515702629006226e-12
  3.450000000000000000e+04   2.522338880556211807e+05   0.000000000000000000e+00  -2.889708919093275310e-09   0.000000000000000000e+00  -1.144691033091526300e-11
  3.300000000000000000e+04   2.460925038547531003e+05   0.000000000000000000e+00  -3.011809295956371363e-09   0.000000000000000000e+00   9.793467727560836965e-11
  3.150000000000000000e+04   2.398792386782728427e+05   0.000000000000000000e+00  -3.133909672819467829e-09   0.000000000000000000e+00   7.758461446509234798e-11
  3.000000000000000000e+04   2.335860614740327001e+05   0.000000000000000000e+00  -3.174609798440499846e-09   0.000000000000000000e+00   3.065228210833976274e-10
  2.850000000000000000e+04   2.272029676439965551e+05   0.000000000000000000e+00  -3.378110426545659934e-09   0.000000000000000000e+00   1.449941975249266657e-10
  2.700000000000000000e+04   2.207175840273001813e+05   0.000000000000000000e+00  -3.296710175303595899e-09   0.000000000000000000e+00   5.469079380326181229e-11
  2.550000000000000000e+04   2.141137150044442096e+05   0.000000000000000000e+00  -3.418810552166691951e-09   0.000000000000000000e+00   3.739324041432319451e-10
  2.400000000000000000e+04   2.073700850159516558e+05   0.000000000000000000e+00  -3.581611054650820435e-09   0.000000000000000000e+00   1.691598971124144390e-10
  2.250000000000000000e+04   2.004565745224924176e+05   0.000000000000000000e+00  -3.744411557134948091e-09   0.000000000000000000e+00   9.030340372166485345e-11
  2.100000000000000000e+04   1.933288710824596928e+05   0.000000000000000000e+00  -3.907212059619076989e-09   0.000000000000000000e+00  -1.221003768630961559e-10
  1.950000000000000000e+04   1.859158667107008514e+05   0.000000000000000000e+00  -4.314213315829397164e-09   0.000000000000000000e+00  -6.664645570443997518e-10
  1.800000000000000000e+04   1.780895711325807497e+05   0.000000000000000000e+00  -5.128215828250038341e-09   0.000000000000000000e+00  -1.573314231038020103e-09
  1.650000000000000000e+04   1.695656137408365321e+05   0.000000000000000000e+00  -1.892555841377990096e-08   0.000000000000000000e+00  -1.987946760802284117e-09
  1.500000000000000000e+04   1.592986264562331489e+05   0.000000000000000000e+00   4.093040693179584606e-05   0.000000000000000000e+00  -5.036604678617012437e-05
  1.350000000000000000e+04   4.773037869543312991e+04   0.000000000000000000e+00  -3.459994602281358123e-04   0.000000000000000000e+00  -9.665071931579414860e-05
  1.200000000000000000e+04   4.123762230667929543e+04   0.000000000000000000e+00  -2.319907160398826900e-08   0.000000000000000000e+00  -6.720747259539491521e-05
  1.050000000000000000e+04   3.482459178521786089e+04   0.000000000000000000e+00   1.250751490447373786e-05   0.000000000000000000e+00  -3.057170857839937548e-06
  9.000000000000000000e+03   2.848436201002437156e+04   0.000000000000000000e+00   1.083600144534357281e-06   0.000000000000000000e+00   2.250205651514957840e-06
  7.500000000000000000e+03   2.221086953479231670e+04   0.000000000000000000e+00  -4.234441069612174393e-07   0.000000000000000000e+00   1.981930773483925339e-07
  6.000000000000000000e+03   1.599907728341822622e+04   0.000000000000000000e+00  -3.654871280768677736e-08   0.000000000000000000e+00  -7.938432314489735865e-08
  4.500000000000000000e+03   9.844438363622124598e+03   0.000000000000000000e+00   1.396014308801399234e-08   0.000000000000000000e+00  -5.477982532805782616e-09
  3.000000000000000000e+03   3.743003101241477907e+03   0.000000000000000000e+00  -3.663011305892884160e-10   0.000000000000000000e+00   3.830899324079641904e-09
  1.500000000000000000e+03  -2.308729658807903434e+03   0.000000000000000000e+00  -1.994306155430570512e-09   0.000000000000000000e+00   1.198109947969130868e-09
  0.000000000000000000e+00  -8.313886640379270830e+03   0.000000000000000000e+00  -1.505904647978185681e-09   0.000000000000000000e+00   7.275147454759478815e-10
 -1.500000000000000000e+03  -1.427527224852812105e+04   0.000000000000000000e+00  -1.383804271115089629e-09   0.000000000000000000e+00   8.292650595285280286e-10
 -3.000000000000000000e+03  -2.019541580770050859e+04   0.000000000000000000e+00  -1.383804271115089629e-09   0.000000000000000000e+00   8.394400909337860330e-10
 -4.500000000000000000e+03  -2.607661616435985343e+04   0.000000000000000000e+00  -1.424504396736121646e-09   0.000000000000000000e+00   5.634423640661623671e-10
 -6.000000000000000000e+03  -3.192097353013569955e+04   0.000000000000000000e+00  -1.628005024841281941e-09   0.000000000000000000e+00   7.236991086989760652e-10
 -7.500000000000000000e+03  -3.773041377731726243e+04   0.000000000000000000e+00  -1.709405276083345976e-09   0.000000000000000000e+00   8.305369384541852662e-10
 -9.000000000000000000e+03  -4.350671268028162012e+04   0.000000000000000000e+00  -1.790805527325410217e-09   0.000000000000000000e+00   1.026406293005401928e-09
 -1.050000000000000000e+04  -4.925151082036134176e+04   0.000000000000000000e+00  -1.668705150462313958e-09   0.000000000000000000e+00   7.822055392792097196e-10
 -1.200000000000000000e+04  -5.496633385871939390e+04   0.000000000000000000e+00  -1.750105401704377993e-09   0.000000000000000000e+00   8.852277322574470010e-10
 -1.350000000000000000e+04  -6.065260416984480980e+04   0.000000000000000000e+00  -1.709405276083345976e-09   0.000000000000000000e+00   8.229056649002417371e-10
 -1.500000000000000000e+04  -6.631164944210888643e+04   0.000000000000000000e+00  -1.709405276083345976e-09   0.000000000000000000e+00   9.437341628376806554e-10
 -1.650000000000000000e+04  -7.194471603450748080e+04   0.000000000000000000e+00  -1.546604773599217906e-09   0.000000000000000000e+00   8.788683376291608129e-10
 -1.800000000000000000e+04  -7.755297767338114500e+04   0.000000000000000000e+00  -1.505904647978185681e-09   0.000000000000000000e+00   1.031493808708030878e-09
 -1.950000000000000000e+04  -8.313754177944084222e+04   0.000000000000000000e+00  -1.587304899220249923e-09   0.000000000000000000e+00   1.090000239288264636e-09
 -2.100000000000000000e+04  -8.869945747131902317e+04   0.000000000000000000e+00  -1.628005024841281941e-09   0.000000000000000000e+00   1.149778548794155425e-09
 -2.250000000000000000e+04  -9.423971837463128031e+04   0.000000000000000000e+00  -1.790805527325410217e-09   0.000000000000000000e+00   1.112894059950095120e-09
 -2.400000000000000000e+04  -9.975927367760900233e+04   0.000000000000000000e+00  -1.790805527325410217e-09   0.000000000000000000e+00   1.262975773177650814e-09
 -2.550000000000000000e+04  -1.052590219337920571e+05   0.000000000000000000e+00  -1.709405276083345976e-09   0.000000000000000000e+00   1.325297840534856078e-09
 -2.700000000000000000e+04  -1.107398270416216692e+05   0.000000000000000000e+00  -1.912905904188506063e-09   0.000000000000000000e+00   1.415601244256520983e-09
 -2.850000000000000000e+04  -1.162025126825247862e+05   0.000000000000000000e+00  -1.872205778567474046e-09   0.000000000000000000e+00   1.260432015326336339e-09
 -3.000000000000000000e+04  -1.216478664901626034e+05   0.000000000000000000e+00  -1.872205778567474046e-09   0.000000000000000000e+00   1.324025961609198840e-09
 -3.150000000000000000e+04  -1.270766148912181670e+05   0.000000000000000000e+00  -1.831505652946442235e-09   0.000000000000000000e+00   1.204469342597417263e-09
 -3.300000000000000000e+04  -1.324896035253899754e+05   0.000000000000000000e+00  -1.953606029809538494e-09   0.000000000000000000e+00   1.315122809129597970e-09
 -3.450000000000000000e+04  -1.378874706536019512e+05   0.000000000000000000e+00  -1.912905904188506063e-09   0.000000000000000000e+00   1.418145002107835458e-09
 -3.600000000000000000e+04  -1.432709015934719355e+05   0.000000000000000000e+00  -2.116406532293666564e-09   0.000000000000000000e+00   1.315122809129597970e-09
 -3.750000000000000000e+04  -1.486405547879911610e+05   0.000000000000000000e+00  -2.035006281051602529e-09   0.000000000000000000e+00   1.190478674415187442e-09
 -3.900000000000000000e+04  -1.539970725012236799e+05   0.000000000000000000e+00  -2.197806783535730599e-09   0.000000000000000000e+00   1.271878925657251477e-09
 -4.050000000000000000e+04  -1.593410800100569613e+05   0.000000000000000000e+00  -2.442007537261922704e-09   0.000000000000000000e+00   1.324025961609198840e-09
 -4.200000000000000000e+04  -1.646731852154762310e+05   0.000000000000000000e+00  -2.401307411640890687e-09   0.000000000000000000e+00   1.336744750865771423e-09
 -4.350000000000000000e+04  -1.699939766974808590e+05   0.000000000000000000e+00  -2.604808039746051188e-09   0.000000000000000000e+00   1.261067954789164854e-09
 -4.500000000000000000e+04  -1.753040272427881428e+05   0.000000000000000000e+00  -2.604808039746051188e-09   0.000000000000000000e+00   1.414965304793692261e-09
 -4.650000000000000000e+04  -1.806039026624892722e+05   0.000000000000000000e+00  -2.523407788503987153e-09   0.000000000000000000e+00   1.330385356237485028e-09
 -4.800000000000000000e+04  -1.858941471816032426e+05   0.000000000000000000e+00  -2.604808039746051188e-09   0.000000000000000000e+00   1.520531255623244224e-09
 -4.950000000000000000e+04  -1.911753033623248048e+05   0.000000000000000000e+00  -2.767608542230179258e-09   0.000000000000000000e+00   1.572042352112362865e-09
 -5.100000000000000000e+04  -1.964478915064591565e+05   0.000000000000000000e+00  -2.767608542230179258e-09   0.000000000000000000e+00   1.624825327527138743e-09
 -5.250000000000000000e+04  -2.017124297268575756e+05   0.000000000000000000e+00  -2.645508165367083205e-09   0.000000000000000000e+00   1.495093677110099058e-09
 -5.400000000000000000e+04  -2.069694322045314475e+05   0.000000000000000000e+00  -2.686208290988115223e-09   0.000000000000000000e+00   1.481738948390697960e-09
 -5.550000000000000000e+04  -2.122193656360461609e+05   0.000000000000000000e+00  -2.889708919093275310e-09   0.000000000000000000e+00   1.295408685781910684e-09
 -5.700000000000000000e+04  -2.174627255420333240e+05   0.000000000000000000e+00  -2.889708919093275310e-09   0.000000000000000000e+00   1.334200993014456741e-09
 -5.850000000000000000e+04  -2.227000096459404449e+05   0.000000000000000000e+00  -3.011809295956371363e-09   0.000000000000000000e+00   1.445490399009466377e-09
 -6.000000000000000000e+04  -2.279317040201116470e+05   0.000000000000000000e+00  -3.093209547198435811e-09   0.000000000000000000e+00   1.327841598386170553e-09
 -6.150000000000000000e+04  -2.331582643126075272e+05   0.000000000000000000e+00  -3.296710175303595899e-09   0.000000000000000000e+00   1.249621044458249509e-09
 -6.300000000000000000e+04  -2.383801625227570476e+05   0.000000000000000000e+00  -3.215309924061531864e-09   0.000000000000000000e+00   1.483646766779183920e-09
 -6.450000000000000000e+04  -2.435978558605182916e+05   0.000000000000000000e+00  -3.418810552166691951e-09   0.000000000000000000e+00   1.453757612026238525e-09
 -6.600000000000000000e+04  -2.488116914491360658e+05   0.000000000000000000e+00  -3.337410300924627916e-09   0.000000000000000000e+00   1.586033020294592686e-09
 -6.750000000000000000e+04  -2.540223437191636185e+05   0.000000000000000000e+00  -3.418810552166691951e-09   0.000000000000000000e+00   1.672520787239285671e-09
 -6.900000000000000000e+04  -2.592301516859236581e+05   0.000000000000000000e+00  -3.256010049682563881e-09   0.000000000000000000e+00   1.815607166375726455e-09
 -7.050000000000000000e+04  -2.644355636111962958e+05   0.000000000000000000e+00  -3.337410300924627916e-09   0.000000000000000000e+00   1.771091403977722724e-09
 -7.200000000000000000e+04  -2.696390276200484950e+05   0.000000000000000000e+00  -3.337410300924627916e-09   0.000000000000000000e+00   1.790169587862581495e-09
 -7.350000000000000000e+04  -2.748409926737064379e+05   0.000000000000000000e+00  -3.256010049682563881e-09   0.000000000000000000e+00   1.847404139517157809e-09
 -7.500000000000000000e+04  -2.800419080392809701e+05   0.000000000000000000e+00  -3.296710175303595899e-09   0.000000000000000000e+00   2.056628222787775776e-09
 -7.650000000000000000e+04  -2.852422251153581310e+05   0.000000000000000000e+00  -3.418810552166691951e-09   0.000000000000000000e+00   2.097328348408807793e-09
 -7.800000000000000000e+04  -2.904423990214230143e+05   0.000000000000000000e+00  -3.622311180271852452e-09   0.000000000000000000e+00   2.139936292418325564e-09
 -7.950000000000000000e+04  -2.956428890122029115e+05   0.000000000000000000e+00  -3.663011305892884470e-09   0.000000000000000000e+00   2.159014476303184335e-09
 -8.100000000000000000e+04  -3.008441610110774054e+05   0.000000000000000000e+00  -3.622311180271852452e-09   0.000000000000000000e+00   2.134848776715696613e-09
 -8.250000000000000000e+04  -3.060466897078723414e+05   0.000000000000000000e+00  -3.703711431513916487e-09   0.000000000000000000e+00   2.173641083948242878e-09
 -8.400000000000000000e+04  -3.112509577484936453e+05   0.000000000000000000e+00  -3.500210803408755986e-09   0.000000000000000000e+00   2.115770592830837842e-09
 -8.550000000000000000e+04  -3.164574638801249675e+05   0.000000000000000000e+00  -3.866511933998044557e-09   0.000000000000000000e+00   2.230875635602819191e-09
 -8.700000000000000000e+04  -3.216667200026215869e+05   0.000000000000000000e+00  -3.825811808377012126e-09   0.000000000000000000e+00   2.291925824034367010e-09
 -8.850000000000000000e+04  -3.268792538442220539e+05   0.000000000000000000e+00  -3.744411557134948091e-09   0.000000000000000000e+00   2.543757851314502955e-09
 -9.000000000000000000e+04  -3.320956157458897796e+05   0.000000000000000000e+00  -3.825811808377012126e-09   0.000000000000000000e+00   2.628337799870710187e-09
 -9.150000000000000000e+04  -3.373163863356807269e+05   0.000000000000000000e+00  -3.825811808377012126e-09   0.000000000000000000e+00   2.780327331486751634e-09
 -9.300000000000000000e+04  -3.425421692155286437e+05   0.000000000000000000e+00  -3.825811808377012126e-09   0.000000000000000000e+00   2.447730992427380377e-09
 -9.450000000000000000e+04  -3.477736062411417370e+05   0.000000000000000000e+00  -3.947912185240108592e-09   0.000000000000000000e+00   2.637240952350311057e-09
 -9.600000000000000000e+04  -3.530113905307189561e+05   0.000000000000000000e+00  -4.110712687724236662e-09   0.000000000000000000e+00   2.770152300081493733e-09
 -9.750000000000000000e+04  -3.582562549951876281e+05   0.000000000000000000e+00  -4.151412813345269094e-09   0.000000000000000000e+00   2.871902614134073984e-09
 -9.900000000000000000e+04  -3.635090003751504701e+05   0.000000000000000000e+00  -4.151412813345269094e-09   0.000000000000000000e+00   2.925321529011678377e-09
 -1.005000000000000000e+05  -3.687706675236970186e+05   0.000000000000000000e+00  -4.070012562103205059e-09   0.000000000000000000e+00   2.822935275496269818e-09
 -1.020000000000000000e+05  -3.740418638731315150e+05   0.000000000000000000e+00  -3.988612310861141024e-09   0.000000000000000000e+00   3.013717114344857529e-09
 -1.035000000000000000e+05  -3.793238373096550931e+05   0.000000000000000000e+00  -4.029312436482172627e-09   0.000000000000000000e+00   2.896068313721561705e-09
 -1.050000000000000000e+05  -3.846177759024410043e+05   0.000000000000000000e+00  -4.151412813345269094e-09   0.000000000000000000e+00   2.728180295534804685e-09
 -1.065000000000000000e+05  -3.899250363787261304e+05   0.000000000000000000e+00  -4.151412813345269094e-09   0.000000000000000000e+00   2.649959741606883434e-09
 -1.080000000000000000e+05  -3.952471592294438742e+05   0.000000000000000000e+00  -4.029312436482172627e-09   0.000000000000000000e+00   2.548209427554303597e-09
 -1.095000000000000000e+05  -4.005858219293242437e+05   0.000000000000000000e+00  -3.947912185240108592e-09   0.000000000000000000e+00   2.152019142212069631e-09
 -1.110000000000000000e+05  -4.059434328546621255e+05   0.000000000000000000e+00  -4.314213315829397164e-09   0.000000000000000000e+00   2.286202368868909751e-09
 -1.125000000000000000e+05  -4.113221490263411542e+05   0.000000000000000000e+00  -4.273513190208364732e-09   0.000000000000000000e+00   2.242958485396562845e-09
 -1.140000000000000000e+05  -4.167250617034487077e+05   0.000000000000000000e+00  -4.151412813345269094e-09   0.000000000000000000e+00   2.090968953780521398e-09
 -1.155000000000000000e+05  -4.221558200777942548e+05   0.000000000000000000e+00  -4.314213315829397164e-09   0.000000000000000000e+00   1.993034276504913067e-09
 -1.170000000000000000e+05  -4.276189843370651943e+05   0.000000000000000000e+00  -4.314213315829397164e-09   0.000000000000000000e+00   1.886196446749703866e-09
 -1.185000000000000000e+05  -4.331203781528144027e+05   0.000000000000000000e+00  -4.558414069555589269e-09   0.000000000000000000e+00   1.869026081253331262e-09
 -1.200000000000000000e+05  -4.386676531910771155e+05   0.000000000000000000e+00  -4.680514446418685735e-09   0.000000000000000000e+00   2.148839444897926434e-09
 -1.215000000000000000e+05  -4.442712240699722897e+05   0.000000000000000000e+00  -4.843314948902813805e-09   0.000000000000000000e+00   2.176184841799557353e-09
 -1.230000000000000000e+05  -4.499458958651564317e+05   0.000000000000000000e+00  -4.639814320797653304e-09   0.000000000000000000e+00   2.244866303785049012e-09
 -1.245000000000000000e+05  -4.557141186383021413e+05   0.000000000000000000e+00  -4.721214572039717339e-09   0.000000000000000000e+00   2.158378536840355613e-09
 -1.260000000000000000e+05  -4.616130546147875139e+05   0.000000000000000000e+00  -5.046815577007974306e-09   0.000000000000000000e+00   2.162194173617327532e-09
 -1.275000000000000000e+05  -4.677132766188943060e+05   0.000000000000000000e+00  -4.924715200144877840e-09   0.000000000000000000e+00   1.845496321128671849e-09
 -1.290000000000000000e+05  -4.741899968249916565e+05   0.000000000000000000e+00  -4.924715200144877840e-09   0.000000000000000000e+00   1.614014356659052120e-09
 -1.305000000000000000e+05  -5.929443362593388883e+05   0.000000000000000000e+00  -2.238506909156762772e-10   0.000000000000000000e+00  -1.486190524630498395e-09
 -1.320000000000000000e+05  -5.979093065831591375e+05   0.000000000000000000e+00  -2.442007537261923118e-10   0.000000000000000000e+00  -1.446126338472294893e-09
 -1.335000000000000000e+05  -6.028628636745344847e+05   0.000000000000000000e+00  -2.035006281051602426e-10   0.000000000000000000e+00  -1.456937309340381516e-09
 -1.350000000000000000e+05  -6.078041655329534551e+05   0.000000000000000000e+00  -2.035006281051602426e-10   0.000000000000000000e+00  -1.472835795911097296e-09
 -1.365000000000000000e+05  -6.127324660884978948e+05   0.000000000000000000e+00  -2.035006281051602426e-10   0.000000000000000000e+00  -1.463296703968667911e-09
 -1.380000000000000000e+05  -6.176471413988631684e+05   0.000000000000000000e+00  -2.238506909156762772e-10   0.000000000000000000e+00  -1.365362026693059580e-09
 -1.395000000000000000e+05  -6.225468810608363710e+05   0.000000000000000000e+00  -2.645508165367083205e-10   0.000000000000000000e+00  -1.417509062645006736e-09
 -1.410000000000000000e+05  -6.274309304146488430e+05   0.000000000000000000e+00  -3.256010049682563985e-10   0.000000000000000000e+00  -1.352643237436486997e-09
 -1.425000000000000000e+05  -6.322982679329843959e+05   0.000000000000000000e+00  -3.459510677787724072e-10   0.000000000000000000e+00  -1.308127475038483267e-09
 -1.440000000000000000e+05  -6.371477702456526458e+05   0.000000000000000000e+00  -3.459510677787724072e-10   0.000000000000000000e+00  -1.262975773177650814e-09
 -1.455000000000000000e+05  -6.419782219162575202e+05   0.000000000000000000e+00  -3.256010049682563985e-10   0.000000000000000000e+00  -1.252164802309564191e-09
 -1.470000000000000000e+05  -6.467883188185935142e+05   0.000000000000000000e+00  -4.070012562103204852e-10   0.000000000000000000e+00  -1.228635042184904985e-09
 -1.485000000000000000e+05  -6.515766386364274658e+05   0.000000000000000000e+00  -3.256010049682563985e-10   0.000000000000000000e+00  -1.135787880611925604e-09
 -1.500000000000000000e+05  -6.563416520961434580e+05   0.000000000000000000e+00  -3.256010049682563985e-10   0.000000000000000000e+00  -1.149142609331326703e-09
 -1.485000000000000000e+05  -6.515765722550902283e+05   0.000000000000000000e+00  -3.663011305892884160e-10   0.000000000000000000e+00  -1.213372495077017926e-09
 -1.470000000000000000e+05  -6.467882207481600344e+05   0.000000000000000000e+00  -3.663011305892884160e-10   0.000000000000000000e+00  -1.259160136400678894e-09
 -1.455000000000000000e+05  -6.419780866863317788e+05   0.000000000000000000e+00  -4.070012562103204852e-10   0.000000000000000000e+00  -1.258524196937850379e-09
 -1.440000000000000000e+05  -6.371475773888590047e+05   0.000000000000000000e+00  -3.663011305892884160e-10   0.000000000000000000e+00  -1.348827600659515284e-09
 -1.425000000000000000e+05  -6.322980178628911963e+05   0.000000000000000000e+00  -3.663011305892884160e-10   0.000000000000000000e+00  -1.343104145494057611e-09
 -1.410000000000000000e+05  -6.274306230975525687e+05   0.000000000000000000e+00  -3.663011305892884160e-10   0.000000000000000000e+00  -1.309399353964140504e-09
 -1.395000000000000000e+05  -6.225465240509462310e+05   0.000000000000000000e+00  -3.256010049682563985e-10   0.000000000000000000e+00  -1.418780941570663974e-09
 -1.380000000000000000e+05  -6.176467566385561367e+05   0.000000000000000000e+00  -3.866511933998044764e-10   0.000000000000000000e+00  -1.394615241983176252e-09
 -1.365000000000000000e+05  -6.127325258383189794e+05   0.000000000000000000e+00  -4.273513190208364939e-10   0.000000000000000000e+00  -1.435315367604208270e-09
 -1.350000000000000000e+05  -6.078042684436065610e+05   0.000000000000000000e+00  -2.849008793472243293e-10   0.000000000000000000e+00  -1.495093677110099058e-09
 -1.335000000000000000e+05  -6.028630028164820978e+05   0.000000000000000000e+00  -3.256010049682563985e-10   0.000000000000000000e+00  -1.520531255623244224e-09
 -1.320000000000000000e+05  -5.979094886706786929e+05   0.000000000000000000e+00  -2.238506909156762772e-10   0.000000000000000000e+00  -1.523710952937387215e-09
 -1.305000000000000000e+05  -5.929444041265591513e+05   0.000000000000000000e+00  -2.645508165367083205e-10   0.000000000000000000e+00  -1.605747143642279972e-09
 -1.290000000000000000e+05  -5.879682717079016147e+05   0.000000000000000000e+00  -3.866511933998044764e-10   0.000000000000000000e+00  -1.675064545090600146e-09
 -1.275000000000000000e+05  -5.829818478718026308e+05   0.000000000000000000e+00  -4.477013818313525544e-10   0.000000000000000000e+00  -1.718944368025775361e-09
 -1.260000000000000000e+05  -5.779856020660212962e+05   0.000000000000000000e+00  -4.680514446418685114e-10   0.000000000000000000e+00  -1.747561643853063518e-09
 -1.245000000000000000e+05  -5.729800007595148636e+05   0.000000000000000000e+00  -4.680514446418685114e-10   0.000000000000000000e+00  -1.747561643853063518e-09
 -1.230000000000000000e+05  -5.679654652903092792e+05   0.000000000000000000e+00  -4.477013818313525544e-10   0.000000000000000000e+00  -1.745017886001749043e-09
 -1.215000000000000000e+05  -5.629423819815214956e+05   0.000000000000000000e+00  -3.663011305892884160e-10   0.000000000000000000e+00  -1.849947897368472284e-09
 -1.200000000000000000e+05  -5.579110778247800190e+05   0.000000000000000000e+00  -3.663011305892884160e-10   0.000000000000000000e+00  -1.917993419891135427e-09
 -1.185000000000000000e+05  -5.528718511789890472e+05   0.000000000000000000e+00  -2.849008793472243293e-10   0.000000000000000000e+00  -1.925624693445078853e-09
 -1.170000000000000000e+05  -5.478249717024363345e+05   0.000000000000000000e+00  -3.256010049682563985e-10   0.000000000000000000e+00  -1.918629359353963736e-09
 -1.155000000000000000e+05  -5.427706572287733434e+05   0.000000000000000000e+00  -2.442007537261923118e-10   0.000000000000000000e+00  -1.942795058941451871e-09
 -1.140000000000000000e+05  -5.377090917324200273e+05   0.000000000000000000e+00  -3.256010049682563985e-10   0.000000000000000000e+00  -1.884924567824046835e-09
 -1.125000000000000000e+05  -5.326404239651965909e+05   0.000000000000000000e+00  -2.849008793472243293e-10   0.000000000000000000e+00  -1.873477657493131490e-09
 -1.110000000000000000e+05  -5.275649338840289274e+05   0.000000000000000000e+00  -2.035006281051602426e-10   0.000000000000000000e+00  -1.871569839104645737e-09
 -1.095000000000000000e+05  -5.224823681930637686e+05   0.000000000000000000e+00  -2.849008793472243293e-10   0.000000000000000000e+00  -1.923080935593764378e-09
 -1.080000000000000000e+05  -5.173929344927926431e+05   0.000000000000000000e+00  -2.442007537261923118e-10   0.000000000000000000e+00  -2.088425195929206923e-09
 -1.065000000000000000e+05  -5.122966630646281992e+05   0.000000000000000000e+00  -1.628005024841281992e-10   0.000000000000000000e+00  -2.089697074854864367e-09
 -1.050000000000000000e+05  -5.071935243960440857e+05   0.000000000000000000e+00  -2.035006281051602426e-10   0.000000000000000000e+00  -2.037550038902917005e-09
 -1.035000000000000000e+05  -5.020834769257513690e+05   0.000000000000000000e+00  -2.035006281051602426e-10   0.000000000000000000e+00  -2.010204642001286085e-09
 -1.020000000000000000e+05  -4.969664456121877301e+05   0.000000000000000000e+00  -1.221003768630961559e-10   0.000000000000000000e+00  -1.956149787660852970e-09
 -1.005000000000000000e+05  -4.918423294307742035e+05   0.000000000000000000e+00  -1.628005024841281992e-10   0.000000000000000000e+00  -1.966324819066110870e-09
 -9.900000000000000000e+04  -4.867109985480221803e+05   0.000000000000000000e+00  -1.628005024841281992e-10   0.000000000000000000e+00  -1.947246635181252099e-09
 -9.750000000000000000e+04  -4.815722939446079545e+05   0.000000000000000000e+00  -2.442007537261923118e-10   0.000000000000000000e+00  -2.025467189109172937e-09
 -9.600000000000000000e+04  -4.764260282167572295e+05   0.000000000000000000e+00  -2.035006281051602426e-10   0.000000000000000000e+00  -2.066803254193033677e-09
 -9.450000000000000000e+04  -4.712719836615161621e+05   0.000000000000000000e+00  -2.442007537261923118e-10   0.000000000000000000e+00  -2.012748399852600561e-09
 -9.300000000000000000e+04  -4.661099265099117183e+05   0.000000000000000000e+00  -2.035006281051602426e-10   0.000000000000000000e+00  -2.050904767622318103e-09
 -9.150000000000000000e+04  -4.609395785974495229e+05   0.000000000000000000e+00  -2.849008793472243293e-10   0.000000000000000000e+00  -2.014020278778257592e-09
 -9.000000000000000000e+04  -4.557606420413355227e+05   0.000000000000000000e+00  -1.628005024841281992e-10   0.000000000000000000e+00  -1.917993419891135427e-09
 -8.850000000000000000e+04  -4.505727887466118555e+05   0.000000000000000000e+00  -3.256010049682563985e-10   0.000000000000000000e+00  -2.068711072581519430e-09
 -8.700000000000000000e+04  -4.453756588931625593e+05   0.000000000000000000e+00  -3.663011305892884160e-10   0.000000000000000000e+00  -2.101143985185779299e-09
 -8.550000000000000000e+04  -4.401688860021063010e+05   0.000000000000000000e+00  -5.291016330734166411e-10   0.000000000000000000e+00  -2.221336543660389599e-09
 -8.400000000000000000e+04  -4.349520897130386438e+05   0.000000000000000000e+00  -4.070012562103204852e-10   0.000000000000000000e+00  -2.145659747583783236e-09
 -8.250000000000000000e+04  -4.297248416741971741e+05   0.000000000000000000e+00  -4.477013818313525544e-10   0.000000000000000000e+00  -2.210525572792302975e-09
 -8.100000000000000000e+04  -4.244866758850678452e+05   0.000000000000000000e+00  -3.663011305892884160e-10   0.000000000000000000e+00  -2.269667942835365455e-09
 -7.950000000000000000e+04  -4.192370963435927988e+05   0.000000000000000000e+00  -4.070012562103204852e-10   0.000000000000000000e+00  -2.297649279199824683e-09
 -7.800000000000000000e+04  -4.139755971315568313e+05   0.000000000000000000e+00  -5.291016330734166411e-10   0.000000000000000000e+00  -2.354247891391572688e-09
 -7.650000000000000000e+04  -4.087016265480889706e+05   0.000000000000000000e+00  -5.291016330734166411e-10   0.000000000000000000e+00  -2.354247891391572688e-09
 -7.500000000000000000e+04  -4.034145976372799487e+05   0.000000000000000000e+00  -6.105018843154806761e-10   0.000000000000000000e+00  -2.337077525895199670e-09
 -7.350000000000000000e+04  -3.981138973867155146e+05   0.000000000000000000e+00  -6.512020099365127970e-10   0.000000000000000000e+00  -2.286202368868909751e-09
 -7.200000000000000000e+04  -3.927988796621100628e+05   0.000000000000000000e+00  -7.733023867996089528e-10   0.000000000000000000e+00  -2.246138182710706042e-09
 -7.050000000000000000e+04  -3.874688602811126038e+05   0.000000000000000000e+00  -7.733023867996089528e-10   0.000000000000000000e+00  -2.373326075276431459e-09
 -6.900000000000000000e+04  -3.821231161437022383e+05   0.000000000000000000e+00  -7.733023867996089528e-10   0.000000000000000000e+00  -2.354247891391572688e-09
 -6.750000000000000000e+04  -3.767608775755842216e+05   0.000000000000000000e+00  -7.733023867996089528e-10   0.000000000000000000e+00  -2.204166178164016994e-09
 -6.600000000000000000e+04  -3.713813481358663412e+05   0.000000000000000000e+00  -8.547026380416729878e-10   0.000000000000000000e+00  -2.209253693866645945e-09
 -6.450000000000000000e+04  -3.659836803782684146e+05   0.000000000000000000e+00  -7.326022611785768320e-10   0.000000000000000000e+00  -2.108775258739723139e-09
 -6.300000000000000000e+04  -3.605669788199758623e+05   0.000000000000000000e+00  -7.733023867996089528e-10   0.000000000000000000e+00  -1.981587366173997722e-09
 -6.150000000000000000e+04  -3.551302887109814328e+05   0.000000000000000000e+00  -7.326022611785768320e-10   0.000000000000000000e+00  -1.904002751708905607e-09
 -6.000000000000000000e+04  -3.496726037398930639e+05   0.000000000000000000e+00  -8.140025124206409703e-10   0.000000000000000000e+00  -1.900187114931933687e-09
 -5.850000000000000000e+04  -3.441928579743605806e+05   0.000000000000000000e+00  -8.140025124206409703e-10   0.000000000000000000e+00  -1.906546509560220082e-09
 -5.700000000000000000e+04  -3.386899032779549598e+05   0.000000000000000000e+00  -8.954027636627051087e-10   0.000000000000000000e+00  -1.825146258318155840e-09
 -5.550000000000000000e+04  -3.331625320135505754e+05   0.000000000000000000e+00  -9.361028892837370228e-10   0.000000000000000000e+00  -1.928168451296393328e-09
 -5.400000000000000000e+04  -3.276093988026472507e+05   0.000000000000000000e+00  -1.139603517388897317e-09   0.000000000000000000e+00  -2.042637554605545955e-09
 -5.250000000000000000e+04  -3.220291424991293461e+05   0.000000000000000000e+00  -1.221003768630961352e-09   0.000000000000000000e+00  -1.869662020716159570e-09
 -5.100000000000000000e+04  -3.164202607210165006e+05   0.000000000000000000e+00  -1.180303643009929335e-09   0.000000000000000000e+00  -1.980315487248340691e-09
 -4.950000000000000000e+04  -3.107811295459471876e+05   0.000000000000000000e+00  -1.139603517388897317e-09   0.000000000000000000e+00  -2.048996949233832350e-09
 -4.800000000000000000e+04  -3.051099839073836338e+05   0.000000000000000000e+00  -1.180303643009929335e-09   0.000000000000000000e+00  -1.985403002950969642e-09
 -4.650000000000000000e+04  -2.994049035439316067e+05   0.000000000000000000e+00  -1.302404019873025594e-09   0.000000000000000000e+00  -1.977771729397026216e-09
 -4.500000000000000000e+04  -2.936637859076044406e+05   0.000000000000000000e+00  -1.139603517388897317e-09   0.000000000000000000e+00  -2.066803254193033677e-09
 -4.350000000000000000e+04  -2.878843049131115549e+05   0.000000000000000000e+00  -1.180303643009929335e-09   0.000000000000000000e+00  -2.116406532293666564e-09
 -4.200000000000000000e+04  -2.820638656998065417e+05   0.000000000000000000e+00  -1.180303643009929335e-09   0.000000000000000000e+00  -2.190175509981787174e-09
 -4.050000000000000000e+04  -2.761996590454655234e+05   0.000000000000000000e+00  -1.261703894251993576e-09   0.000000000000000000e+00  -2.087153317003549892e-09
 -3.900000000000000000e+04  -2.702884681095920969e+05   0.000000000000000000e+00  -1.343104145494057611e-09   0.000000000000000000e+00  -1.874749536418788521e-09
 -3.750000000000000000e+04  -2.643266645181464264e+05   0.000000000000000000e+00  -1.383804271115089629e-09   0.000000000000000000e+00  -1.893827720303647292e-09
 -3.600000000000000000e+04  -2.583101018648300669e+05   0.000000000000000000e+00  -1.505904647978185681e-09   0.000000000000000000e+00  -1.827690016169470315e-09
 -3.450000000000000000e+04  -2.522338880556209187e+05   0.000000000000000000e+00  -1.465204522357153664e-09   0.000000000000000000e+00  -1.809883711210268989e-09
 -3.300000000000000000e+04  -2.460925038547528093e+05   0.000000000000000000e+00  -1.424504396736121646e-09   0.000000000000000000e+00  -2.040093796754231480e-09
 -3.150000000000000000e+04  -2.398792386782726389e+05   0.000000000000000000e+00  -1.180303643009929335e-09   0.000000000000000000e+00  -2.038821917828574035e-09
 -3.000000000000000000e+04  -2.335860614740324963e+05   0.000000000000000000e+00  -1.261703894251993576e-09   0.000000000000000000e+00  -2.197806783535730599e-09
 -2.850000000000000000e+04  -2.272029676439964096e+05   0.000000000000000000e+00  -1.383804271115089629e-09   0.000000000000000000e+00  -2.237235030231105586e-09
 -2.700000000000000000e+04  -2.207175840272998903e+05   0.000000000000000000e+00  -1.302404019873025594e-09   0.000000000000000000e+00  -2.153291021137726662e-09
 -2.550000000000000000e+04  -2.141137150044437149e+05   0.000000000000000000e+00  -1.261703894251993576e-09   0.000000000000000000e+00  -1.940887240552965704e-09
 -2.400000000000000000e+04  -2.073700850159510737e+05   0.000000000000000000e+00  -1.261703894251993576e-09   0.000000000000000000e+00  -2.176184841799557353e-09
 -2.250000000000000000e+04  -2.004565745224918355e+05   0.000000000000000000e+00  -1.221003768630961352e-09   0.000000000000000000e+00  -2.648051923218397681e-09
 -2.100000000000000000e+04  -1.933288710824588779e+05   0.000000000000000000e+00  -1.180303643009929335e-09   0.000000000000000000e+00  -3.123734641414209514e-09
 -1.950000000000000000e+04  -1.859158667106998910e+05   0.000000000000000000e+00  -1.383804271115089629e-09   0.000000000000000000e+00  -3.683361368703400272e-09
 -1.800000000000000000e+04  -1.780895711325795273e+05   0.000000000000000000e+00  -8.140025124206409703e-10   0.000000000000000000e+00  -6.411541664238204543e-09
 -1.650000000000000000e+04  -1.695656137408349023e+05   0.000000000000000000e+00   1.762315439390687640e-08   0.000000000000000000e+00  -2.070491703077439686e-08
 -1.500000000000000000e+04  -1.592986264562281431e+05   0.000000000000000000e+00  -1.079298955258726578e-04   0.000000000000000000e+00  -3.239456799840919991e-05
 -1.350000000000000000e+04  -4.773037869906153355e+04   0.000000000000000000e+00   4.025908684976485605e-04   0.000000000000000000e+00  -4.763826547905429878e-04
 -1.200000000000000000e+04  -4.123762230673501472e+04   0.000000000000000000e+00  -6.554388930136622259e-05   0.000000000000000000e+00  -9.653934342203219078e-05
 -1.050000000000000000e+04  -3.482459178521698050e+04   0.000000000000000000e+00  -2.094908725940637458e-05   0.000000000000000000e+00   7.813495647622423326e-06
 -9.000000000000000000e+03  -2.848436201002336747e+04   0.000000000000000000e+00   6.352068605674471442e-07   0.000000000000000000e+00   4.289196729240644435e-06
 -7.500000000000000000e+03  -2.221086953479178192e+04   0.000000000000000000e+00   7.975596616697439658e-07   0.000000000000000000e+00  -1.281011016343470630e-07
 -6.000000000000000000e+03  -1.599907728341734037e+04   0.000000000000000000e+00  -2.889708919093275310e-08   0.000000000000000000e+00  -1.492893326568712126e-07
 -4.500000000000000000e+03  -9.844438363621402459e+03   0.000000000000000000e+00  -2.930409044714307576e-08   0.000000000000000000e+00   6.576885924573647502e-09
 -3.000000000000000000e+03  -3.743003101240785782e+03   0.000000000000000000e+00   3.256010049682563985e-10   0.000000000000000000e+00   5.741261470416833078e-09
 -1.500000000000000000e+03   2.308729658808575095e+03   0.000000000000000000e+00   4.070012562103204981e-11   0.000000000000000000e+00   1.360910450453258990e-10
  0.000000000000000000e+00   8.313886640379983874e+03   0.000000000000000000e+00  -1.098903391767865300e-09   0.000000000000000000e+00   1.996849913281884780e-10
  1.500000000000000000e+03   1.427527224852884319e+04   0.000000000000000000e+00  -1.098903391767865300e-09   0.000000000000000000e+00   5.087515702629006323e-10
  3.000000000000000000e+03   2.019541580770113796e+04   0.000000000000000000e+00  -1.058203266146833282e-09   0.000000000000000000e+00   4.553326553852960318e-10
  4.500000000000000000e+03   2.607661616436028635e+04   0.000000000000000000e+00  -1.261703894251993576e-09   0.000000000000000000e+00   4.057293772846632476e-10
  6.000000000000000000e+03   3.192097353013617249e+04   0.000000000000000000e+00  -1.221003768630961352e-09   0.000000000000000000e+00   3.612136148866594138e-10
  7.500000000000000000e+03   3.773041377731771354e+04   0.000000000000000000e+00  -1.465204522357153664e-09   0.000000000000000000e+00   4.133606508386067250e-10
  9.000000000000000000e+03   4.350671268028215854e+04   0.000000000000000000e+00  -1.383804271115089629e-09   0.000000000000000000e+00   4.578764132366105587e-10
  1.050000000000000000e+04   4.925151082036175649e+04   0.000000000000000000e+00  -1.383804271115089629e-09   0.000000000000000000e+00   5.647142429918197081e-10
  1.200000000000000000e+04   5.496633385871969222e+04   0.000000000000000000e+00  -1.465204522357153664e-09   0.000000000000000000e+00   5.240141173707875872e-10
  1.350000000000000000e+04   6.065260416984502081e+04   0.000000000000000000e+00  -1.587304899220249923e-09   0.000000000000000000e+00   4.655076867905540362e-10
  1.500000000000000000e+04   6.631164944210903195e+04   0.000000000000000000e+00  -1.668705150462313958e-09   0.000000000000000000e+00   5.774330322483921877e-10
  1.650000000000000000e+04   7.194471603450765542e+04   0.000000000000000000e+00  -1.668705150462313958e-09   0.000000000000000000e+00   5.723455165457631338e-10
  1.800000000000000000e+04   7.755297767338136327e+04   0.000000000000000000e+00  -1.709405276083345976e-09   0.000000000000000000e+00   4.896733863780418612e-10
  1.950000000000000000e+04   8.313754177944094408e+04   0.000000000000000000e+00  -1.790805527325410217e-09   0.000000000000000000e+00   6.740958305983432810e-10
  2.100000000000000000e+04   8.869945747131902317e+04   0.000000000000000000e+00  -1.953606029809538494e-09   0.000000000000000000e+00   8.330806963054997415e-10
  2.250000000000000000e+04   9.423971837463120755e+04   0.000000000000000000e+00  -1.831505652946442235e-09   0.000000000000000000e+00   9.043059161423057721e-10
  2.400000000000000000e+04   9.975927367760891502e+04   0.000000000000000000e+00  -1.831505652946442235e-09   0.000000000000000000e+00   9.564529520942530316e-10
  2.550000000000000000e+04   1.052590219337918970e+05   0.000000000000000000e+00  -2.157106657914698582e-09   0.000000000000000000e+00   1.056931387221176045e-09
  2.700000000000000000e+04   1.107398270416213927e+05   0.000000000000000000e+00  -2.360607286019858669e-09   0.000000000000000000e+00   1.078553328957349291e-09
  2.850000000000000000e+04   1.162025126825245388e+05   0.000000000000000000e+00  -2.360607286019858669e-09   0.000000000000000000e+00   1.077281450031692053e-09
  3.000000000000000000e+04   1.216478664901624288e+05   0.000000000000000000e+00  -2.442007537261922704e-09   0.000000000000000000e+00   9.729873781277973275e-10
  3.150000000000000000e+04   1.270766148912179051e+05   0.000000000000000000e+00  -2.482707662882955135e-09   0.000000000000000000e+00   1.008599988046200394e-09
  3.300000000000000000e+04   1.324896035253897717e+05   0.000000000000000000e+00  -2.564107914125019170e-09   0.000000000000000000e+00   1.109078423173123407e-09
  3.450000000000000000e+04   1.378874706536016893e+05   0.000000000000000000e+00  -2.564107914125019170e-09   0.000000000000000000e+00   1.119253454578381308e-09
  3.600000000000000000e+04   1.432709015934717900e+05   0.000000000000000000e+00  -2.604808039746051188e-09   0.000000000000000000e+00   1.046756355815917937e-09
  3.750000000000000000e+04   1.486405547879909573e+05   0.000000000000000000e+00  -2.686208290988115223e-09   0.000000000000000000e+00   8.114587545693264951e-10
  3.900000000000000000e+04   1.539970725012236799e+05   0.000000000000000000e+00  -2.726908416609147240e-09   0.000000000000000000e+00   6.931740144832020521e-10
  4.050000000000000000e+04   1.593410800100569322e+05   0.000000000000000000e+00  -2.808308667851211275e-09   0.000000000000000000e+00   6.117737632411380171e-10
  4.200000000000000000e+04   1.646731852154760272e+05   0.000000000000000000e+00  -2.930409044714307328e-09   0.000000000000000000e+00   6.639207991930852766e-10
  4.350000000000000000e+04   1.699939766974807135e+05   0.000000000000000000e+00  -2.686208290988115223e-09   0.000000000000000000e+00   6.855427409292585229e-10
  4.500000000000000000e+04   1.753040272427879390e+05   0.000000000000000000e+00  -2.726908416609147240e-09   0.000000000000000000e+00   7.306944427900909755e-10
  4.650000000000000000e+04   1.806039026624891267e+05   0.000000000000000000e+00  -2.726908416609147240e-09   0.000000000000000000e+00   6.613770413417708013e-10
  4.800000000000000000e+04   1.858941471816031553e+05   0.000000000000000000e+00  -2.604808039746051188e-09   0.000000000000000000e+00   7.103443799795749668e-10
  4.950000000000000000e+04   1.911753033623247175e+05   0.000000000000000000e+00  -2.767608542230179258e-09   0.000000000000000000e+00   5.958752766704223400e-10
  5.100000000000000000e+04   1.964478915064590692e+05   0.000000000000000000e+00  -2.930409044714307328e-09   0.000000000000000000e+00   6.779114673753150972e-10
  5.250000000000000000e+04   2.017124297268574883e+05   0.000000000000000000e+00  -3.052509421577403794e-09   0.000000000000000000e+00   6.384832206799402139e-10
  5.400000000000000000e+04   2.069694322045314184e+05   0.000000000000000000e+00  -3.378110426545659934e-09   0.000000000000000000e+00   5.608986062148478918e-10
  5.550000000000000000e+04   2.122193656360461609e+05   0.000000000000000000e+00  -3.256010049682563881e-09   0.000000000000000000e+00   6.887224382434017204e-10
  5.700000000000000000e+04   2.174627255420334404e+05   0.000000000000000000e+00  -3.296710175303595899e-09   0.000000000000000000e+00   6.442066758453978866e-10
  5.850000000000000000e+04   2.227000096459405322e+05   0.000000000000000000e+00  -3.540910929029788004e-09   0.000000000000000000e+00   7.440491715094921773e-10
  6.000000000000000000e+04   2.279317040201117925e+05   0.000000000000000000e+00  -3.663011305892884470e-09   0.000000000000000000e+00   7.554960818404074193e-10
  6.150000000000000000e+04   2.331582643126077310e+05   0.000000000000000000e+00  -3.866511933998044557e-09   0.000000000000000000e+00   7.650351737828368049e-10
  6.300000000000000000e+04   2.383801625227573095e+05   0.000000000000000000e+00  -3.907212059619076989e-09   0.000000000000000000e+00   8.515229407275298938e-10
  6.450000000000000000e+04   2.435978558605185244e+05   0.000000000000000000e+00  -3.988612310861141024e-09   0.000000000000000000e+00   1.125612849206667496e-09
  6.600000000000000000e+04   2.488116914491363568e+05   0.000000000000000000e+00  -3.866511933998044557e-09   0.000000000000000000e+00   1.163769216976385039e-09
  6.750000000000000000e+04   2.540223437191639387e+05   0.000000000000000000e+00  -4.110712687724236662e-09   0.000000000000000000e+00   1.071557994866234381e-09
  6.900000000000000000e+04   2.592301516859240073e+05   0.000000000000000000e+00  -4.151412813345269094e-09   0.000000000000000000e+00   1.144691033091526268e-09
  7.050000000000000000e+04   2.644355636111968197e+05   0.000000000000000000e+00  -4.151412813345269094e-09   0.000000000000000000e+00   1.184119279786901254e-09
  7.200000000000000000e+04   2.696390276200489607e+05   0.000000000000000000e+00  -4.070012562103205059e-09   0.000000000000000000e+00   1.053115750444204332e-09
  7.350000000000000000e+04   2.748409926737070200e+05   0.000000000000000000e+00  -4.232813064587333129e-09   0.000000000000000000e+00   1.317030627518083930e-09
  7.500000000000000000e+04   2.800419080392815522e+05   0.000000000000000000e+00  -4.192112938966300697e-09   0.000000000000000000e+00   1.484918645704841157e-09
  7.650000000000000000e+04   2.852422251153586549e+05   0.000000000000000000e+00  -4.070012562103205059e-09   0.000000000000000000e+00   1.394615241983176252e-09
  7.800000000000000000e+04   2.904423990214237710e+05   0.000000000000000000e+00  -3.907212059619076989e-09   0.000000000000000000e+00   1.422596578347635893e-09
  7.950000000000000000e+04   2.956428890122035518e+05   0.000000000000000000e+00  -3.988612310861141024e-09   0.000000000000000000e+00   1.384440210577918351e-09
  8.100000000000000000e+04   3.008441610110781621e+05   0.000000000000000000e+00  -3.947912185240108592e-09   0.000000000000000000e+00   1.463296703968667911e-09
  8.250000000000000000e+04   3.060466897078729817e+05   0.000000000000000000e+00  -4.070012562103205059e-09   0.000000000000000000e+00   1.397158999834490727e-09
  8.400000000000000000e+04   3.112509577484942856e+05   0.000000000000000000e+00  -4.110712687724236662e-09   0.000000000000000000e+00   1.430863791364408041e-09
  8.550000000000000000e+04   3.164574638801257242e+05   0.000000000000000000e+00  -4.151412813345269094e-09   0.000000000000000000e+00   1.322754082683541603e-09
  8.700000000000000000e+04   3.216667200026222272e+05   0.000000000000000000e+00  -4.070012562103205059e-09   0.000000000000000000e+00   1.377444876486803441e-09
  8.850000000000000000e+04   3.268792538442226942e+05   0.000000000000000000e+00  -3.988612310861141024e-09   0.000000000000000000e+00   1.331021295700313751e-09
  9.000000000000000000e+04   3.320956157458904781e+05   0.000000000000000000e+00  -4.029312436482172627e-09   0.000000000000000000e+00   1.278238320285537666e-09
  9.150000000000000000e+04   3.373163863356815418e+05   0.000000000000000000e+00  -4.110712687724236662e-09   0.000000000000000000e+00   1.129428485983639416e-09
  9.300000000000000000e+04   3.425421692155292840e+05   0.000000000000000000e+00  -4.151412813345269094e-09   0.000000000000000000e+00   1.317666566980912652e-09
  9.450000000000000000e+04   3.477736062411426101e+05   0.000000000000000000e+00  -4.314213315829397164e-09   0.000000000000000000e+00   1.344376024419714849e-09
  9.600000000000000000e+04   3.530113905307198875e+05   0.000000000000000000e+00  -4.477013818313525234e-09   0.000000000000000000e+00   1.255344499623707182e-09
  9.750000000000000000e+04   3.582562549951886758e+05   0.000000000000000000e+00  -4.477013818313525234e-09   0.000000000000000000e+00   1.193022432266501918e-09
  9.900000000000000000e+04   3.635090003751515760e+05   0.000000000000000000e+00  -4.395613567071461199e-09   0.000000000000000000e+00   7.395975952696917423e-10
  1.005000000000000000e+05   3.687706675236980082e+05   0.000000000000000000e+00  -4.395613567071461199e-09   0.000000000000000000e+00   6.486582520851982183e-10
  1.020000000000000000e+05   3.740418638731326209e+05   0.000000000000000000e+00  -4.680514446418685735e-09   0.000000000000000000e+00   5.240141173707875872e-10
  1.035000000000000000e+05   3.793238373096562573e+05   0.000000000000000000e+00  -4.761914697660749770e-09   0.000000000000000000e+00   8.000118442384111497e-10
  1.050000000000000000e+05   3.846177759024421102e+05   0.000000000000000000e+00  -4.843314948902813805e-09   0.000000000000000000e+00   3.974621642678910996e-10
  1.065000000000000000e+05   3.899250363787272363e+05   0.000000000000000000e+00  -4.802614823281781373e-09   0.000000000000000000e+00   2.728180295534804685e-10
  1.080000000000000000e+05   3.952471592294449802e+05   0.000000000000000000e+00  -4.924715200144877840e-09   0.000000000000000000e+00   2.810852425702525647e-10
  1.095000000000000000e+05   4.005858219293252914e+05   0.000000000000000000e+00  -5.046815577007974306e-09   0.000000000000000000e+00  -1.545332894673560513e-10
  1.110000000000000000e+05   4.059434328546633478e+05   0.000000000000000000e+00  -4.884015074523845408e-09   0.000000000000000000e+00  -3.739324041432319451e-10
  1.125000000000000000e+05   4.113221490263426094e+05   0.000000000000000000e+00  -5.209616079492102376e-09   0.000000000000000000e+00  -1.926896572370735936e-10
  1.140000000000000000e+05   4.167250617034499301e+05   0.000000000000000000e+00  -5.087515702629005910e-09   0.000000000000000000e+00  -4.133606508386067250e-10
  1.155000000000000000e+05   4.221558200777955353e+05   0.000000000000000000e+00  -5.168915953871069945e-09   0.000000000000000000e+00  -4.966687204691566681e-10
  1.170000000000000000e+05   4.276189843370668823e+05   0.000000000000000000e+00  -5.331716456355198015e-09   0.000000000000000000e+00  -7.027131064256314376e-10
  1.185000000000000000e+05   4.331203781528163236e+05   0.000000000000000000e+00  -5.494516958839326912e-09   0.000000000000000000e+00  -5.780689717112208065e-10
  1.200000000000000000e+05   4.386676531910790363e+05   0.000000000000000000e+00  -5.575917210081390947e-09   0.000000000000000000e+00  -8.038274810153829660e-10
  1.215000000000000000e+05   4.442712240699743852e+05   0.000000000000000000e+00  -5.575917210081390947e-09   0.000000000000000000e+00  -9.494576180031383281e-10
  1.230000000000000000e+05   4.499458958651587600e+05   0.000000000000000000e+00  -5.698017586944486586e-09   0.000000000000000000e+00  -9.996968355665997311e-10
  1.245000000000000000e+05   4.557141186383044696e+05   0.000000000000000000e+00  -5.453816833218294481e-09   0.000000000000000000e+00  -1.269971107268765724e-09
  1.260000000000000000e+05   4.616130546147901332e+05   0.000000000000000000e+00  -5.494516958839326912e-09   0.000000000000000000e+00  -1.236266315738848410e-09
  1.275000000000000000e+05   4.677132766188974492e+05   0.000000000000000000e+00  -5.209616079492102376e-09   0.000000000000000000e+00  -1.455665430414724278e-09
  1.290000000000000000e+05   4.741899968249950325e+05   0.000000000000000000e+00  -5.250316205113133980e-09   0.000000000000000000e+00  -1.812427469061583464e-09
  1.305000000000000000e+05   5.929443362593415659e+05   0.000000000000000000e+00  -9.157528264732211175e-10   0.000000000000000000e+00  -1.355822934750630194e-09
  1.320000000000000000e+05   5.979093065831604181e+05   0.000000000000000000e+00  -8.954027636627051087e-10   0.000000000000000000e+00  -1.314486869666769455e-09
  1.335000000000000000e+05   6.028628636745361146e+05   0.000000000000000000e+00  -8.343525752311569791e-10   0.000000000000000000e+00  -1.271878925657251477e-09
  1.350000000000000000e+05   6.078041655329550849e+05   0.000000000000000000e+00  -7.529523239890928407e-10   0.000000000000000000e+00  -1.187934916563872967e-09
  1.365000000000000000e+05   6.127324660884995246e+05   0.000000000000000000e+00  -7.326022611785768320e-10   0.000000000000000000e+00  -1.070922055403405865e-09
  1.380000000000000000e+05   6.176471413988649147e+05   0.000000000000000000e+00  -7.733023867996089528e-10   0.000000000000000000e+00  -1.076009571106034816e-09
  1.395000000000000000e+05   6.225468810608380008e+05   0.000000000000000000e+00  -7.733023867996089528e-10   0.000000000000000000e+00  -9.920655620126560986e-10
  1.410000000000000000e+05   6.274309304146505892e+05   0.000000000000000000e+00  -7.326022611785768320e-10   0.000000000000000000e+00  -9.049418556051344943e-10
  1.425000000000000000e+05   6.322982679329863749e+05   0.000000000000000000e+00  -6.919021355575448145e-10   0.000000000000000000e+00  -8.146384518834695892e-10
  1.440000000000000000e+05   6.371477702456547413e+05   0.000000000000000000e+00  -7.122521983680608232e-10   0.000000000000000000e+00  -7.510445056006069843e-10
  1.455000000000000000e+05   6.419782219162594993e+05   0.000000000000000000e+00  -7.326022611785768320e-10   0.000000000000000000e+00  -6.442066758453978866e-10
  1.470000000000000000e+05   6.467883188185956096e+05   0.000000000000000000e+00  -6.919021355575448145e-10   0.000000000000000000e+00  -6.187690973322528240e-10
  1.485000000000000000e+05   6.515766386364295613e+05   0.000000000000000000e+00  -7.122521983680608232e-10   0.000000000000000000e+00  -5.818846084881925194e-10
  1.500000000000000000e+05   6.563416520961454371e+05   0.000000000000000000e+00  -7.122521983680608232e-10   0.000000000000000000e+00  -4.731389603444975653e-10
