  0.000000000000000000e+00   8.600000000000001164e+05   0.000000000000000000e+00   0.000000000000000000e+00   0.000000000000000000e+00   0.000000000000000000e+00
  1.500000000000000000e+05   6.399966138940982055e+05   0.000000000000000000e+00  -5.241849100069319320e+03   0.000000000000000000e+00  -9.949382833725563614e+03
  1.485000000000000000e+05   6.353224954343035351e+05   0.000000000000000000e+00  -5.690098826898210973e+03   0.000000000000000000e+00  -1.039179735730011998e+04
  1.470000000000000000e+05   6.306121595367889386e+05   0.000000000000000000e+00  -6.149300237513435604e+03   0.000000000000000000e+00  -1.082392694430947449e+04
  1.455000000000000000e+05   6.258662009410222527e+05   0.000000000000000000e+00  -6.617928470943410503e+03   0.000000000000000000e+00  -1.124647997570157349e+04
  1.440000000000000000e+05   6.210843135902283248e+05   0.000000000000000000e+00  -7.095325953874721563e+03   0.000000000000000000e+00  -1.165917096323673286e+04
  1.425000000000000000e+05   6.162665286280220607e+05   0.000000000000000000e+00  -7.580266223474074650e+03   0.000000000000000000e+00  -1.206216210508140284e+04
  1.410000000000000000e+05   6.114130007915190654e+05   0.000000000000000000e+00  -8.071541688949940180e+03   0.000000000000000000e+00  -1.245562780553753873e+04
  1.395000000000000000e+05   6.065239870235926937e+05   0.000000000000000000e+00  -8.568031176653352304e+03   0.000000000000000000e+00  -1.283972908885460311e+04
  1.380000000000000000e+05   6.015995751988785341e+05   0.000000000000000000e+00  -9.068330638178556910e+03   0.000000000000000000e+00  -1.321465969330141525e+04
  1.365000000000000000e+05   5.966404235030348646e+05   0.000000000000000000e+00  -9.571034109723887013e+03   0.000000000000000000e+00  -1.358099654761719285e+04
  1.350000000000000000e+05   5.264170105357463472e+05   0.000000000000000000e+00   9.615563987965912440e-02   0.000000000000000000e+00  -9.215782702140545846e-02
  1.335000000000000000e+05   5.214264079418118927e+05   0.000000000000000000e+00  -5.120466570354240826e-02   0.000000000000000000e+00   1.487389832468281881e-02
  1.320000000000000000e+05   5.164386373129371204e+05   0.000000000000000000e+00   2.049192629802415108e-02   0.000000000000000000e+00   4.727800530496799152e-03
  1.305000000000000000e+05   5.114541539000886842e+05   0.000000000000000000e+00  -6.223635427019011228e-03   0.000000000000000000e+00  -5.523541804281487631e-03
  1.290000000000000000e+05   5.064733776454370236e+05   0.000000000000000000e+00   1.167888564352298356e-03   0.000000000000000000e+00   3.100739741232162380e-03
  1.275000000000000000e+05   5.014966507018627599e+05   0.000000000000000000e+00   1.456253969885098305e-04   0.000000000000000000e+00  -1.320023396835441057e-03
  1.260000000000000000e+05   4.965242639953386388e+05   0.000000000000000000e+00  -2.869723498100533498e-04   0.000000000000000000e+00   4.524508885673985542e-04
  1.245000000000000000e+05   4.915564556527744280e+05   0.000000000000000000e+00   1.835212244694537601e-04   0.000000000000000000e+00  -1.172837566227283871e-04
  1.230000000000000000e+05   4.865934260394441080e+05   0.000000000000000000e+00  -8.815716399729092950e-05   0.000000000000000000e+00   1.308261002758308558e-05
  1.215000000000000000e+05   4.816353135137771606e+05   0.000000000000000000e+00   3.554655674529898695e-05   0.000000000000000000e+00   9.286105489350531691e-06
  1.200000000000000000e+05   4.766822269841808593e+05   0.000000000000000000e+00  -1.216870827413089815e-05   0.000000000000000000e+00  -9.162670128799696952e-06
  1.185000000000000000e+05   4.717342109812375274e+05   0.000000000000000000e+00   3.305332340377465340e-06   0.000000000000000000e+00   5.422340544780597038e-06
  1.170000000000000000e+05   4.667912680130854133e+05   0.000000000000000000e+00  -4.858655765483046910e-07   0.000000000000000000e+00  -2.616870221507251782e-06
  1.155000000000000000e+05   4.618533594123417279e+05   0.000000000000000000e+00  -1.861279360227673360e-07   0.000000000000000000e+00   1.108330338231945342e-06
  1.140000000000000000e+05   4.569204030384872458e+05   0.000000000000000000e+00   2.271098317442526418e-07   0.000000000000000000e+00  -4.180405048863523011e-07
  1.125000000000000000e+05   4.519922771652504453e+05   0.000000000000000000e+00  -1.484552735921612885e-07   0.000000000000000000e+00   1.414269195673995355e-07
  1.110000000000000000e+05   4.470688266529912944e+05   0.000000000000000000e+00   7.764644734824733870e-08   0.000000000000000000e+00  -3.860766465543487159e-08
  1.095000000000000000e+05   4.421498074740789598e+05   0.000000000000000000e+00  -3.826437964155795726e-08   0.000000000000000000e+00   9.057759146698438551e-09
  1.080000000000000000e+05   4.372350499103809707e+05   0.000000000000000000e+00   1.606402650473195051e-08   0.000000000000000000e+00   1.039100623051865221e-09
  1.065000000000000000e+05   4.323242546253345790e+05   0.000000000000000000e+00  -8.327871857841938433e-09   0.000000000000000000e+00  -5.162116293460823358e-10
  1.050000000000000000e+05   4.274171917971817311e+05   0.000000000000000000e+00   2.169629773490399946e-09   0.000000000000000000e+00   2.145146104171497656e-09
  1.035000000000000000e+05   4.225134686592410435e+05   0.000000000000000000e+00  -2.323037939292751269e-09   0.000000000000000000e+00   2.145317318642259275e-10
  1.020000000000000000e+05   4.176127425262024044e+05   0.000000000000000000e+00  -5.259708541794908865e-10   0.000000000000000000e+00   1.369544551621662580e-09
  1.005000000000000000e+05   4.127146269851159886e+05   0.000000000000000000e+00  -1.336842587706205896e-09   0.000000000000000000e+00   7.867304931493360605e-10
  9.900000000000000000e+04   4.078186917676394223e+05   0.000000000000000000e+00  -1.051941708358981773e-09   0.000000000000000000e+00   1.134467083266050200e-09
  9.750000000000000000e+04   4.029245170769114047e+05   0.000000000000000000e+00  -1.205349874161333303e-09   0.000000000000000000e+00   9.981803645398541417e-10
  9.600000000000000000e+04   3.980316188012456987e+05   0.000000000000000000e+00  -1.249180778676290765e-09   0.000000000000000000e+00   1.070432871201229368e-09
  9.450000000000000000e+04   3.931395107537397998e+05   0.000000000000000000e+00  -1.336842587706205896e-09   0.000000000000000000e+00   1.066152509432190655e-09
  9.300000000000000000e+04   3.882476744192789774e+05   0.000000000000000000e+00  -1.358758039963684626e-09   0.000000000000000000e+00   1.057078142481828270e-09
  9.150000000000000000e+04   3.833555650649308227e+05   0.000000000000000000e+00  -1.336842587706205896e-09   0.000000000000000000e+00   1.019410958914286604e-09
  9.000000000000000000e+04   3.784626006849668338e+05   0.000000000000000000e+00  -1.446419848993599757e-09   0.000000000000000000e+00   1.028998969276933536e-09
  8.850000000000000000e+04   3.735681944539165124e+05   0.000000000000000000e+00  -1.402588944478642295e-09   0.000000000000000000e+00   1.028998969276933536e-09
  8.700000000000000000e+04   3.686717161061205552e+05   0.000000000000000000e+00  -1.555997110280993825e-09   0.000000000000000000e+00   1.071117729084275637e-09
  8.550000000000000000e+04   3.637725113399479305e+05   0.000000000000000000e+00  -1.555997110280993825e-09   0.000000000000000000e+00   1.070090442259706337e-09
  8.400000000000000000e+04   3.588698897651840816e+05   0.000000000000000000e+00  -1.621743467053430225e-09   0.000000000000000000e+00   1.093718039224800636e-09
  8.250000000000000000e+04   3.539631406558080344e+05   0.000000000000000000e+00  -1.643658919310908956e-09   0.000000000000000000e+00   1.085499744628246035e-09
  8.100000000000000000e+04   3.490515253636788111e+05   0.000000000000000000e+00  -1.643658919310908956e-09   0.000000000000000000e+00   1.122824499254264669e-09
  7.950000000000000000e+04   3.441342599550161976e+05   0.000000000000000000e+00  -1.731320728340824086e-09   0.000000000000000000e+00   1.136521656915188799e-09
  7.800000000000000000e+04   3.392105115943343844e+05   0.000000000000000000e+00  -1.775151632855781548e-09   0.000000000000000000e+00   1.131898866204627055e-09
  7.650000000000000000e+04   3.342794227979241405e+05   0.000000000000000000e+00  -1.840897989628217948e-09   0.000000000000000000e+00   1.161005326234090881e-09
  7.500000000000000000e+04   3.293400738132636761e+05   0.000000000000000000e+00  -1.818982537370739217e-09   0.000000000000000000e+00   1.158265894701906221e-09
  7.350000000000000000e+04   3.243915122070143116e+05   0.000000000000000000e+00  -1.928559798658133285e-09   0.000000000000000000e+00   1.168538762947599215e-09
  7.200000000000000000e+04   3.194327707011222374e+05   0.000000000000000000e+00  -1.906644346400654347e-09   0.000000000000000000e+00   1.156211321052767415e-09
  7.050000000000000000e+04   3.144627545991489314e+05   0.000000000000000000e+00  -1.972390703173090747e-09   0.000000000000000000e+00   1.206719589927425633e-09
  6.900000000000000000e+04   3.094803409974219394e+05   0.000000000000000000e+00  -2.060052512203005671e-09   0.000000000000000000e+00   1.158094680231144499e-09
  6.750000000000000000e+04   3.044843460501437658e+05   0.000000000000000000e+00  -2.125798868975442070e-09   0.000000000000000000e+00   1.161347755175614119e-09
  6.600000000000000000e+04   2.994735015536756837e+05   0.000000000000000000e+00  -2.213460678005357407e-09   0.000000000000000000e+00   1.126420003140257321e-09
  6.450000000000000000e+04   2.944464808516094345e+05   0.000000000000000000e+00  -2.279207034777793807e-09   0.000000000000000000e+00   1.160149253880283304e-09
  6.300000000000000000e+04   2.894020111570412409e+05   0.000000000000000000e+00  -2.323037939292751269e-09   0.000000000000000000e+00   1.118201708543702719e-09
  6.150000000000000000e+04   2.843381656963273417e+05   0.000000000000000000e+00  -2.410699748322666606e-09   0.000000000000000000e+00   1.160662897292567851e-09
  6.000000000000000000e+04   2.792535469625716214e+05   0.000000000000000000e+00  -2.410699748322666606e-09   0.000000000000000000e+00   1.137377729268996583e-09
  5.850000000000000000e+04   2.741461691005787579e+05   0.000000000000000000e+00  -2.432615200580145130e-09   0.000000000000000000e+00   1.174531269424253702e-09
  5.700000000000000000e+04   2.690148806263589067e+05   0.000000000000000000e+00  -2.542192461867538992e-09   0.000000000000000000e+00   1.151759744812967187e-09
  5.550000000000000000e+04   2.638571872982637724e+05   0.000000000000000000e+00  -2.607938818639975391e-09   0.000000000000000000e+00   1.112551631008571469e-09
  5.400000000000000000e+04   2.586710342177614220e+05   0.000000000000000000e+00  -2.651769723154932853e-09   0.000000000000000000e+00   1.078651165797783970e-09
  5.250000000000000000e+04   2.534542858532422979e+05   0.000000000000000000e+00  -2.629854270897454329e-09   0.000000000000000000e+00   1.052626566242027835e-09
  5.100000000000000000e+04   2.482046062260478211e+05   0.000000000000000000e+00  -2.739431532184848191e-09   0.000000000000000000e+00   1.148335455397736051e-09
  4.950000000000000000e+04   2.429195229788401921e+05   0.000000000000000000e+00  -2.761346984442327128e-09   0.000000000000000000e+00   1.025574679861702607e-09
  4.800000000000000000e+04   2.375964444638363784e+05   0.000000000000000000e+00  -2.892839697987199514e-09   0.000000000000000000e+00   1.024204964095610070e-09
  4.650000000000000000e+04   2.322326757732453989e+05   0.000000000000000000e+00  -2.936670602502157389e-09   0.000000000000000000e+00   9.404810878932106215e-10
  4.500000000000000000e+04   2.268254705909947224e+05   0.000000000000000000e+00  -3.046247863789551251e-09   0.000000000000000000e+00   9.048684779748076579e-10
  4.350000000000000000e+04   2.213720896829296544e+05   0.000000000000000000e+00  -3.046247863789551251e-09   0.000000000000000000e+00   8.536753512171032749e-10
  4.200000000000000000e+04   2.158696769565204449e+05   0.000000000000000000e+00  -3.155825125076945112e-09   0.000000000000000000e+00   8.372387620239942784e-10
  4.050000000000000000e+04   2.103155335184417490e+05   0.000000000000000000e+00  -3.353064195394254311e-09   0.000000000000000000e+00   7.982018626903601791e-10
  3.900000000000000000e+04   2.047071858209375641e+05   0.000000000000000000e+00  -3.418810552166690711e-09   0.000000000000000000e+00   6.283571076948995491e-10
  3.750000000000000000e+04   1.990424269764021738e+05   0.000000000000000000e+00  -3.528387813454084572e-09   0.000000000000000000e+00   5.824716295308033851e-10
  3.600000000000000000e+04   1.933194219398303248e+05   0.000000000000000000e+00  -3.659880526998957371e-09   0.000000000000000000e+00   5.208344200566442863e-10
  3.450000000000000000e+04   1.875368584067824122e+05   0.000000000000000000e+00  -3.747542336028872709e-09   0.000000000000000000e+00   4.420757635063298709e-10
  3.300000000000000000e+04   1.816941024118435744e+05   0.000000000000000000e+00  -3.857119597316266570e-09   0.000000000000000000e+00   3.513320940027067906e-10
  3.150000000000000000e+04   1.757913252835379099e+05   0.000000000000000000e+00  -3.879035049573744681e-09   0.000000000000000000e+00   1.914177783114162784e-10
  3.000000000000000000e+04   1.698295659108645923e+05   0.000000000000000000e+00  -4.032443215376096417e-09   0.000000000000000000e+00   1.808024811241999696e-10
  2.850000000000000000e+04   1.638107496671625122e+05   0.000000000000000000e+00  -3.988612310861139369e-09   0.000000000000000000e+00   1.369715766092424076e-11
  2.700000000000000000e+04   1.577377044257739326e+05   0.000000000000000000e+00  -4.163935928920969217e-09   0.000000000000000000e+00  -4.006418615820340515e-11
  2.550000000000000000e+04   1.516140090175660443e+05   0.000000000000000000e+00  -4.317344094723320954e-09   0.000000000000000000e+00  -1.650507498141371124e-10
  2.400000000000000000e+04   1.454439001301660319e+05   0.000000000000000000e+00  -4.405005903753235877e-09   0.000000000000000000e+00  -3.033920421894719245e-10
  2.250000000000000000e+04   1.392320494383679179e+05   0.000000000000000000e+00  -4.448836808268193753e-09   0.000000000000000000e+00  -4.389939030326219211e-10
  2.100000000000000000e+04   1.329833554512451810e+05   0.000000000000000000e+00  -4.426921356010714815e-09   0.000000000000000000e+00  -4.359120425589139713e-10
  1.950000000000000000e+04   1.267027262175767682e+05   0.000000000000000000e+00  -4.448836808268193753e-09   0.000000000000000000e+00  -3.989297168744185224e-10
  1.800000000000000000e+04   1.203948751484907552e+05   0.000000000000000000e+00  -4.492667712783150801e-09   0.000000000000000000e+00  -5.485711643200158859e-10
  1.650000000000000000e+04   1.140641795311978640e+05   0.000000000000000000e+00  -4.405005903753235877e-09   0.000000000000000000e+00  -4.626214999977162199e-10
  1.500000000000000000e+04   1.077145662042010372e+05   0.000000000000000000e+00  -4.405005903753235877e-09   0.000000000000000000e+00  -2.996253238327177579e-10
  1.350000000000000000e+04   1.013494699914815865e+05   0.000000000000000000e+00  -4.448836808268193753e-09   0.000000000000000000e+00  -2.962010344174867256e-10
  1.200000000000000000e+04   9.497175991909865115e+04   0.000000000000000000e+00  -4.273513190208363078e-09   0.000000000000000000e+00  -3.297590706867510905e-10
  1.050000000000000000e+04   8.858376536779059097e+04   0.000000000000000000e+00  -4.317344094723320954e-09   0.000000000000000000e+00  -2.044300780892942943e-10
  9.000000000000000000e+03   8.218730611553198833e+04   0.000000000000000000e+00  -4.273513190208363078e-09   0.000000000000000000e+00  -1.177955558839484631e-10
  7.500000000000000000e+03   7.578356255886287545e+04   0.000000000000000000e+00  -4.229682285693405203e-09   0.000000000000000000e+00  -7.225250666137536875e-11
  6.000000000000000000e+03   6.937455263782736438e+04   0.000000000000000000e+00  -4.207766833435927092e-09   0.000000000000000000e+00  -8.971638267905378093e-11
  4.500000000000000000e+03   6.296027710519443644e+04   0.000000000000000000e+00  -3.944781406346181494e-09   0.000000000000000000e+00  -4.006418615820340515e-11
  3.000000000000000000e+03   5.654082471376225294e+04   0.000000000000000000e+00  -3.857119597316266570e-09   0.000000000000000000e+00   2.081967964460484608e-10
  1.500000000000000000e+03   5.011557628488657792e+04   0.000000000000000000e+00  -3.900950501831223618e-09   0.000000000000000000e+00   2.893524555870246093e-10
  0.000000000000000000e+00   4.368457505852250324e+04   0.000000000000000000e+00  -3.769457788286350819e-09   0.000000000000000000e+00   3.763294067338935230e-10
 -1.500000000000000000e+03   3.724716303208612226e+04   0.000000000000000000e+00  -3.747542336028872709e-09   0.000000000000000000e+00   5.756230507003412171e-10
 -3.000000000000000000e+03   3.080247155718842259e+04   0.000000000000000000e+00  -3.725626883771393771e-09   0.000000000000000000e+00   6.132902342678828828e-10
 -4.500000000000000000e+03   2.434945199352102645e+04   0.000000000000000000e+00  -3.637965074741478434e-09   0.000000000000000000e+00   5.882929215366961504e-10
 -6.000000000000000000e+03   1.788668889617616878e+04   0.000000000000000000e+00  -3.550303265711563096e-09   0.000000000000000000e+00   7.708075473685116103e-10
 -7.500000000000000000e+03   1.141287927692993617e+04   0.000000000000000000e+00  -3.528387813454084572e-09   0.000000000000000000e+00   8.899728190185525070e-10
 -9.000000000000000000e+03   4.925517917560780916e+03   0.000000000000000000e+00  -3.374979647651732835e-09   0.000000000000000000e+00   9.249005710539094089e-10
 -1.050000000000000000e+04  -1.577693990272336805e+03   0.000000000000000000e+00  -3.331148743136775373e-09   0.000000000000000000e+00   9.687314755688668708e-10
 -1.200000000000000000e+04  -8.099546905129609513e+03   0.000000000000000000e+00  -3.374979647651732835e-09   0.000000000000000000e+00   1.070090442259706337e-09
 -1.350000000000000000e+04  -1.464331245935941661e+04   0.000000000000000000e+00  -3.353064195394254311e-09   0.000000000000000000e+00   1.066323723902952171e-09
 -1.500000000000000000e+04  -2.121298093191612134e+04   0.000000000000000000e+00  -3.177740577334424050e-09   0.000000000000000000e+00   1.118715351955987472e-09
 -1.650000000000000000e+04  -2.781340162030840656e+04   0.000000000000000000e+00  -3.243486934106860450e-09   0.000000000000000000e+00   1.159464395997237036e-09
 -1.800000000000000000e+04  -3.445059505422385701e+04   0.000000000000000000e+00  -3.243486934106860450e-09   0.000000000000000000e+00   1.255686928565229799e-09
 -1.950000000000000000e+04  -4.113218652084279893e+04   0.000000000000000000e+00  -3.068163316047029775e-09   0.000000000000000000e+00   1.269041657284630897e-09
 -2.100000000000000000e+04  -4.786854853381436260e+04   0.000000000000000000e+00  -2.936670602502157389e-09   0.000000000000000000e+00   1.289244964834494267e-09
 -2.250000000000000000e+04  -5.467162307775812224e+04   0.000000000000000000e+00  -2.914755150244678452e-09   0.000000000000000000e+00   1.372112768683085932e-09
 -2.400000000000000000e+04  -6.156095812959991599e+04   0.000000000000000000e+00  -2.849008793472242052e-09   0.000000000000000000e+00   1.345060882302760497e-09
 -2.550000000000000000e+04  -6.856463086325989570e+04   0.000000000000000000e+00  -2.739431532184848191e-09   0.000000000000000000e+00   1.385467497402487030e-09
 -2.700000000000000000e+04  -7.572819043335043534e+04   0.000000000000000000e+00  -2.695600627669890729e-09   0.000000000000000000e+00   1.508057058467758959e-09
 -2.850000000000000000e+04  -8.313491931044033845e+04   0.000000000000000000e+00  -2.586023366382496867e-09   0.000000000000000000e+00   1.996360729079708283e-09
 -3.000000000000000000e+04  -9.097334544603858376e+04   0.000000000000000000e+00  -2.410699748322666606e-09   0.000000000000000000e+00   3.319848588066512874e-09
 -3.150000000000000000e+04  -1.000196825950027996e+05   0.000000000000000000e+00   2.899414333664443443e-08   0.000000000000000000e+00   1.499427849141376555e-08
 -3.300000000000000000e+04  -1.437792354951906891e+05   0.000000000000000000e+00   2.063997293609352094e-07   0.000000000000000000e+00  -1.335483144808359078e-07
 -3.450000000000000000e+04  -1.491248444010093226e+05   0.000000000000000000e+00  -9.539796367680514921e-08   0.000000000000000000e+00   6.888916959773542114e-08
 -3.600000000000000000e+04  -1.544565301346701162e+05   0.000000000000000000e+00   3.436342913972673613e-08   0.000000000000000000e+00  -4.066395044928112805e-08
 -3.750000000000000000e+04  -1.597741539638609393e+05   0.000000000000000000e+00  -1.715979911760588747e-08   0.000000000000000000e+00   2.650126064235622057e-08
 -3.900000000000000000e+04  -1.650778585999462521e+05   0.000000000000000000e+00   1.314927135448727165e-09   0.000000000000000000e+00  -1.248016520275112295e-08
 -4.050000000000000000e+04  -1.703677762056968058e+05   0.000000000000000000e+00  -3.572218717969042034e-09   0.000000000000000000e+00   8.879696097106424456e-09
 -4.200000000000000000e+04  -1.756440876840502315e+05   0.000000000000000000e+00  -3.550303265711563096e-09   0.000000000000000000e+00  -2.379881143585586798e-09
 -4.350000000000000000e+04  -1.809069582218712312e+05   0.000000000000000000e+00  -2.169629773490399946e-09   0.000000000000000000e+00   3.239377786808582839e-09
 -4.500000000000000000e+04  -1.861565989871202619e+05   0.000000000000000000e+00  -3.594134170226520972e-09   0.000000000000000000e+00   5.483999498492542671e-10
 -4.650000000000000000e+04  -1.913932176922884246e+05   0.000000000000000000e+00  -2.607938818639975391e-09   0.000000000000000000e+00   1.723616077156554238e-09
 -4.800000000000000000e+04  -1.966170359620298841e+05   0.000000000000000000e+00  -3.265402386364338974e-09   0.000000000000000000e+00   1.266815869164730783e-09
 -4.950000000000000000e+04  -2.018283311812757165e+05   0.000000000000000000e+00  -2.783262436699805652e-09   0.000000000000000000e+00   1.386323569756294814e-09
 -5.100000000000000000e+04  -2.070273485422648955e+05   0.000000000000000000e+00  -3.111994220561987650e-09   0.000000000000000000e+00   1.350026101954845479e-09
 -5.250000000000000000e+04  -2.122144164332042274e+05   0.000000000000000000e+00  -2.958586054759635913e-09   0.000000000000000000e+00   1.270753801992246465e-09
 -5.400000000000000000e+04  -2.173898104950026900e+05   0.000000000000000000e+00  -2.958586054759635913e-09   0.000000000000000000e+00   1.399678298475695912e-09
 -5.550000000000000000e+04  -2.225538988788772258e+05   0.000000000000000000e+00  -2.914755150244678452e-09   0.000000000000000000e+00   1.219560675234542185e-09
 -5.700000000000000000e+04  -2.277070154617707594e+05   0.000000000000000000e+00  -3.002416959274593789e-09   0.000000000000000000e+00   1.291813181895917412e-09
 -5.850000000000000000e+04  -2.328495276998270128e+05   0.000000000000000000e+00  -2.980501507017114851e-09   0.000000000000000000e+00   1.210143879342656769e-09
 -6.000000000000000000e+04  -2.379818657809806464e+05   0.000000000000000000e+00  -2.892839697987199514e-09   0.000000000000000000e+00   1.206034732044379365e-09
 -6.150000000000000000e+04  -2.431044086703070789e+05   0.000000000000000000e+00  -2.958586054759635913e-09   0.000000000000000000e+00   1.159121967055713798e-09
 -6.300000000000000000e+04  -2.482175583114778274e+05   0.000000000000000000e+00  -2.980501507017114851e-09   0.000000000000000000e+00   1.120256282192841318e-09
 -6.450000000000000000e+04  -2.533218012131055875e+05   0.000000000000000000e+00  -2.936670602502157389e-09   0.000000000000000000e+00   1.063584292370767304e-09
 -6.600000000000000000e+04  -2.584175874578896619e+05   0.000000000000000000e+00  -2.980501507017114851e-09   0.000000000000000000e+00   1.087211889335861602e-09
 -6.750000000000000000e+04  -2.635054227476937813e+05   0.000000000000000000e+00  -2.958586054759635913e-09   0.000000000000000000e+00   1.046805274236135069e-09
 -6.900000000000000000e+04  -2.685857963557098992e+05   0.000000000000000000e+00  -2.892839697987199514e-09   0.000000000000000000e+00   1.045777987411565770e-09
 -7.050000000000000000e+04  -2.736592584681647131e+05   0.000000000000000000e+00  -2.870924245729720990e-09   0.000000000000000000e+00   1.050058349180604690e-09
 -7.200000000000000000e+04  -2.787263408210888156e+05   0.000000000000000000e+00  -2.936670602502157389e-09   0.000000000000000000e+00   1.007939589373262589e-09
 -7.350000000000000000e+04  -2.837875576228864957e+05   0.000000000000000000e+00  -2.958586054759635913e-09   0.000000000000000000e+00   1.013760881379155354e-09
 -7.500000000000000000e+04  -2.888434792084197979e+05   0.000000000000000000e+00  -2.870924245729720990e-09   0.000000000000000000e+00   1.002289511838131339e-09
 -7.650000000000000000e+04  -2.938946673528235988e+05   0.000000000000000000e+00  -2.827093341214763528e-09   0.000000000000000000e+00   1.111181915242479139e-09
 -7.800000000000000000e+04  -2.989416850136296125e+05   0.000000000000000000e+00  -2.870924245729720990e-09   0.000000000000000000e+00   9.771209846361829879e-10
 -7.950000000000000000e+04  -3.039851140298037790e+05   0.000000000000000000e+00  -2.783262436699805652e-09   0.000000000000000000e+00   1.069405584376660069e-09
 -8.100000000000000000e+04  -3.090255542695347685e+05   0.000000000000000000e+00  -2.870924245729720990e-09   0.000000000000000000e+00   1.084986101215961488e-09
 -8.250000000000000000e+04  -3.140635915297310567e+05   0.000000000000000000e+00  -2.849008793472242052e-09   0.000000000000000000e+00   9.877362818233994259e-10
 -8.400000000000000000e+04  -3.190998179801186197e+05   0.000000000000000000e+00  -2.870924245729720990e-09   0.000000000000000000e+00   1.008795661727070373e-09
 -8.550000000000000000e+04  -3.241347215694875340e+05   0.000000000000000000e+00  -2.936670602502157389e-09   0.000000000000000000e+00   9.757512688700906576e-10
 -8.700000000000000000e+04  -3.291689138355963514e+05   0.000000000000000000e+00  -2.892839697987199514e-09   0.000000000000000000e+00   9.113746278637466917e-10
 -8.850000000000000000e+04  -3.342029744075554190e+05   0.000000000000000000e+00  -2.892839697987199514e-09   0.000000000000000000e+00   9.274687881153326573e-10
 -9.000000000000000000e+04  -3.392374516221176018e+05   0.000000000000000000e+00  -2.936670602502157389e-09   0.000000000000000000e+00   8.716528706470664272e-10
 -9.150000000000000000e+04  -3.442728689154151361e+05   0.000000000000000000e+00  -2.914755150244678452e-09   0.000000000000000000e+00   8.141248084711845259e-10
 -9.300000000000000000e+04  -3.493097621728903614e+05   0.000000000000000000e+00  -2.849008793472242052e-09   0.000000000000000000e+00   8.137823795296614950e-10
 -9.450000000000000000e+04  -3.543486073827543296e+05   0.000000000000000000e+00  -2.892839697987199514e-09   0.000000000000000000e+00   7.334827927424930788e-10
 -9.600000000000000000e+04  -3.593898842084174976e+05   0.000000000000000000e+00  -2.870924245729720990e-09   0.000000000000000000e+00   8.132687361173768454e-10
 -9.750000000000000000e+04  -3.644340213542085839e+05   0.000000000000000000e+00  -2.870924245729720990e-09   0.000000000000000000e+00   7.571103897075873776e-10
 -9.900000000000000000e+04  -3.694811232219165540e+05   0.000000000000000000e+00  -2.870924245729720990e-09   0.000000000000000000e+00   6.953019657626667634e-10
 -1.005000000000000000e+05  -3.745319959336906904e+05   0.000000000000000000e+00  -2.783262436699805652e-09   0.000000000000000000e+00   6.365754022914540473e-10
 -1.020000000000000000e+05  -3.795868093120041885e+05   0.000000000000000000e+00  -2.870924245729720990e-09   0.000000000000000000e+00   6.458209837125779483e-10
 -1.035000000000000000e+05  -3.846464669565559598e+05   0.000000000000000000e+00  -2.914755150244678452e-09   0.000000000000000000e+00   5.025144716851581031e-10
 -1.050000000000000000e+05  -3.897098583972817287e+05   0.000000000000000000e+00  -2.827093341214763528e-09   0.000000000000000000e+00   4.814550917814870527e-10
 -1.065000000000000000e+05  -3.947778052974418388e+05   0.000000000000000000e+00  -2.870924245729720990e-09   0.000000000000000000e+00   4.323165386729213719e-10
 -1.080000000000000000e+05  -3.998504696795360651e+05   0.000000000000000000e+00  -2.849008793472242052e-09   0.000000000000000000e+00   4.429318358601376548e-10
 -1.095000000000000000e+05  -4.049279262011977262e+05   0.000000000000000000e+00  -2.958586054759635913e-09   0.000000000000000000e+00   3.665701819004850240e-10
 -1.110000000000000000e+05  -4.100095650501273922e+05   0.000000000000000000e+00  -2.892839697987199514e-09   0.000000000000000000e+00   2.939752462975865081e-10
 -1.125000000000000000e+05  -4.150966033112742007e+05   0.000000000000000000e+00  -2.827093341214763528e-09   0.000000000000000000e+00   2.932903884145402913e-10
 -1.140000000000000000e+05  -4.201883280628304346e+05   0.000000000000000000e+00  -2.870924245729720990e-09   0.000000000000000000e+00   2.402139024784588767e-10
 -1.155000000000000000e+05  -4.252846116957735503e+05   0.000000000000000000e+00  -2.783262436699805652e-09   0.000000000000000000e+00   1.861101297178081111e-10
 -1.170000000000000000e+05  -4.303852827585948980e+05   0.000000000000000000e+00  -2.827093341214763528e-09   0.000000000000000000e+00   2.025467189109172110e-10
 -1.185000000000000000e+05  -4.354900831850387622e+05   0.000000000000000000e+00  -2.870924245729720990e-09   0.000000000000000000e+00   8.475116302696873495e-11
 -1.200000000000000000e+05  -4.405993856616669800e+05   0.000000000000000000e+00  -2.783262436699805652e-09   0.000000000000000000e+00   4.537183475181154661e-11
 -1.215000000000000000e+05  -4.457116091408397187e+05   0.000000000000000000e+00  -2.805177888957284590e-09   0.000000000000000000e+00  -3.492775203535681143e-11
 -1.230000000000000000e+05  -4.508270528537366772e+05   0.000000000000000000e+00  -2.827093341214763528e-09   0.000000000000000000e+00  -8.338144726087631427e-11
 -1.245000000000000000e+05  -4.559453562199342414e+05   0.000000000000000000e+00  -2.849008793472242052e-09   0.000000000000000000e+00  -1.522096645070206378e-10
 -1.260000000000000000e+05  -4.610661414512423798e+05   0.000000000000000000e+00  -2.805177888957284590e-09   0.000000000000000000e+00  -1.914177783114162784e-10
 -1.275000000000000000e+05  -4.661890158047258737e+05   0.000000000000000000e+00  -2.849008793472242052e-09   0.000000000000000000e+00  -3.177740577334423740e-10
 -1.290000000000000000e+05  -4.713135813911350560e+05   0.000000000000000000e+00  -2.761346984442327128e-09   0.000000000000000000e+00  -3.253074944469507071e-10
 -1.305000000000000000e+05  -4.764394415841277805e+05   0.000000000000000000e+00  -2.805177888957284590e-09   0.000000000000000000e+00  -3.097269776076493912e-10
 -1.320000000000000000e+05  -4.815662070638713194e+05   0.000000000000000000e+00  -2.892839697987199514e-09   0.000000000000000000e+00  -4.886460995534722516e-10
 -1.335000000000000000e+05  -4.866935040526616503e+05   0.000000000000000000e+00  -2.783262436699805652e-09   0.000000000000000000e+00  -6.100371593234133659e-10
 -1.350000000000000000e+05  -4.918209733420489938e+05   0.000000000000000000e+00  -2.717516079927369253e-09   0.000000000000000000e+00  -6.141463066216906667e-10
 -1.365000000000000000e+05  -4.969482918744118069e+05   0.000000000000000000e+00  -2.805177888957284590e-09   0.000000000000000000e+00  -7.033490458884597463e-10
 -1.380000000000000000e+05  -5.020751622549668537e+05   0.000000000000000000e+00  -2.761346984442327128e-09   0.000000000000000000e+00  -8.266234648367779438e-10
 -1.395000000000000000e+05  -5.072013301309001399e+05   0.000000000000000000e+00  -2.673685175412411791e-09   0.000000000000000000e+00  -8.404918369684636919e-10
 -1.410000000000000000e+05  -5.123265798407765687e+05   0.000000000000000000e+00  -2.849008793472242052e-09   0.000000000000000000e+00  -8.283356095443935116e-10
 -1.425000000000000000e+05  -5.174507411057478748e+05   0.000000000000000000e+00  -2.805177888957284590e-09   0.000000000000000000e+00  -1.010336591963924425e-09
 -1.440000000000000000e+05  -5.225737289347805199e+05   0.000000000000000000e+00  -2.673685175412411791e-09   0.000000000000000000e+00  -1.076596592148645371e-09
 -1.455000000000000000e+05  -5.276954760487602325e+05   0.000000000000000000e+00  -2.695600627669890729e-09   0.000000000000000000e+00  -1.021979175975709956e-09
 -1.470000000000000000e+05  -5.328160122217785101e+05   0.000000000000000000e+00  -2.761346984442327128e-09   0.000000000000000000e+00  -1.136521656915188799e-09
 -1.485000000000000000e+05  -5.379354235638956307e+05   0.000000000000000000e+00  -2.717516079927369253e-09   0.000000000000000000e+00  -1.297463259431048662e-09
 -1.500000000000000000e+05  -5.430534293531683506e+05   0.000000000000000000e+00  -2.651769723154932853e-09   0.000000000000000000e+00  -1.304483052732272449e-09
 -1.485000000000000000e+05  -5.379353400040921988e+05   0.000000000000000000e+00  -2.805177888957284590e-09   0.000000000000000000e+00  -1.118201708543702719e-09
 -1.470000000000000000e+05  -5.328158649887642823e+05   0.000000000000000000e+00  -2.914755150244678452e-09   0.000000000000000000e+00  -1.136521656915188799e-09
 -1.455000000000000000e+05  -5.276952840501612518e+05   0.000000000000000000e+00  -2.892839697987199514e-09   0.000000000000000000e+00  -1.024889821978656339e-09
 -1.440000000000000000e+05  -5.225734926154392888e+05   0.000000000000000000e+00  -2.870924245729720990e-09   0.000000000000000000e+00  -9.228459974047707068e-10
 -1.425000000000000000e+05  -5.174504871292139287e+05   0.000000000000000000e+00  -2.936670602502157389e-09   0.000000000000000000e+00  -8.297053253104859453e-10
 -1.410000000000000000e+05  -5.123262941288726870e+05   0.000000000000000000e+00  -2.936670602502157389e-09   0.000000000000000000e+00  -8.327871857841938433e-10
 -1.395000000000000000e+05  -5.072010219871522277e+05   0.000000000000000000e+00  -2.936670602502157389e-09   0.000000000000000000e+00  -7.393040847483859475e-10
 -1.380000000000000000e+05  -5.020748336760415114e+05   0.000000000000000000e+00  -2.980501507017114851e-09   0.000000000000000000e+00  -6.894806737567739982e-10
 -1.365000000000000000e+05  -4.969479362301767105e+05   0.000000000000000000e+00  -2.914755150244678452e-09   0.000000000000000000e+00  -6.504437744231398988e-10
 -1.350000000000000000e+05  -4.918205877615406644e+05   0.000000000000000000e+00  -2.870924245729720990e-09   0.000000000000000000e+00  -5.930869267180196163e-10
 -1.335000000000000000e+05  -4.866930748304108856e+05   0.000000000000000000e+00  -2.849008793472242052e-09   0.000000000000000000e+00  -5.867519912998422013e-10
 -1.320000000000000000e+05  -4.815657279151182738e+05   0.000000000000000000e+00  -2.892839697987199514e-09   0.000000000000000000e+00  -4.499516291613613383e-10
 -1.305000000000000000e+05  -4.764389022877122043e+05   0.000000000000000000e+00  -2.980501507017114851e-09   0.000000000000000000e+00  -3.520169518857530074e-10
 -1.290000000000000000e+05  -4.713129740437185392e+05   0.000000000000000000e+00  -3.002416959274593789e-09   0.000000000000000000e+00  -4.348847557343446720e-10
 -1.275000000000000000e+05  -4.661883342321522068e+05   0.000000000000000000e+00  -2.914755150244678452e-09   0.000000000000000000e+00  -3.263347812715200582e-10
 -1.260000000000000000e+05  -4.610653855284663732e+05   0.000000000000000000e+00  -2.936670602502157389e-09   0.000000000000000000e+00  -1.724129720568838784e-10
 -1.245000000000000000e+05  -4.559445310372753884e+05   0.000000000000000000e+00  -2.980501507017114851e-09   0.000000000000000000e+00  -1.859389152470465698e-10
 -1.230000000000000000e+05  -4.508261643727615010e+05   0.000000000000000000e+00  -2.827093341214763528e-09   0.000000000000000000e+00  -1.482717316795049041e-10
 -1.215000000000000000e+05  -4.457106720787095255e+05   0.000000000000000000e+00  -2.870924245729720990e-09   0.000000000000000000e+00  -2.619581402651761180e-11
 -1.200000000000000000e+05  -4.405984204552531010e+05   0.000000000000000000e+00  -2.980501507017114851e-09   0.000000000000000000e+00   3.715354015525700312e-11
 -1.185000000000000000e+05  -4.354903775411437964e+05   0.000000000000000000e+00  -2.958586054759635913e-09   0.000000000000000000e+00   7.875865655031438315e-12
 -1.170000000000000000e+05  -4.303855974226219696e+05   0.000000000000000000e+00  -2.980501507017114851e-09   0.000000000000000000e+00   4.211875980734204264e-11
 -1.155000000000000000e+05  -4.252849455963207874e+05   0.000000000000000000e+00  -2.936670602502157389e-09   0.000000000000000000e+00   1.540930236853977211e-10
 -1.140000000000000000e+05  -4.201886788703776547e+05   0.000000000000000000e+00  -3.024332411532072313e-09   0.000000000000000000e+00   1.864525586593312195e-10
 -1.125000000000000000e+05  -4.150969530891336035e+05   0.000000000000000000e+00  -2.958586054759635913e-09   0.000000000000000000e+00   2.426109050691206097e-10
 -1.110000000000000000e+05  -4.100099204695820226e+05   0.000000000000000000e+00  -3.024332411532072313e-09   0.000000000000000000e+00   3.655428950759156729e-10
 -1.095000000000000000e+05  -4.049270235958845587e+05   0.000000000000000000e+00  -3.068163316047029775e-09   0.000000000000000000e+00   3.420865125815829413e-10
 -1.080000000000000000e+05  -3.998495620647243923e+05   0.000000000000000000e+00  -2.958586054759635913e-09   0.000000000000000000e+00   4.186193810119971392e-10
 -1.065000000000000000e+05  -3.947768780737285269e+05   0.000000000000000000e+00  -3.046247863789551251e-09   0.000000000000000000e+00   5.323057895976683015e-10
 -1.050000000000000000e+05  -3.897088897212517331e+05   0.000000000000000000e+00  -3.068163316047029775e-09   0.000000000000000000e+00   5.492560222030620510e-10
 -1.035000000000000000e+05  -3.846454973190558376e+05   0.000000000000000000e+00  -2.980501507017114851e-09   0.000000000000000000e+00   6.463346271248625980e-10
 -1.020000000000000000e+05  -3.795865303659450146e+05   0.000000000000000000e+00  -3.090078768304508713e-09   0.000000000000000000e+00   7.018081156516057972e-10
 -1.005000000000000000e+05  -3.745317138120031450e+05   0.000000000000000000e+00  -3.068163316047029775e-09   0.000000000000000000e+00   7.149916299002453802e-10
 -9.900000000000000000e+04  -3.694814448212382849e+05   0.000000000000000000e+00  -3.024332411532072313e-09   0.000000000000000000e+00   7.747454801960273957e-10
 -9.750000000000000000e+04  -3.644339339488570113e+05   0.000000000000000000e+00  -3.002416959274593789e-09   0.000000000000000000e+00   9.233596408170553565e-10
 -9.600000000000000000e+04  -3.593898661975223804e+05   0.000000000000000000e+00  -3.068163316047029775e-09   0.000000000000000000e+00   9.257566434077170894e-10
 -9.450000000000000000e+04  -3.543486176012199139e+05   0.000000000000000000e+00  -3.155825125076945112e-09   0.000000000000000000e+00   9.149701317497393428e-10
 -9.300000000000000000e+04  -3.493097395166226197e+05   0.000000000000000000e+00  -3.024332411532072313e-09   0.000000000000000000e+00   9.784907004022755249e-10
 -9.150000000000000000e+04  -3.442727929575617891e+05   0.000000000000000000e+00  -3.024332411532072313e-09   0.000000000000000000e+00   1.013247237966870808e-09
 -9.000000000000000000e+04  -3.392372884167218581e+05   0.000000000000000000e+00  -3.068163316047029775e-09   0.000000000000000000e+00   1.044750700586996471e-09
 -8.850000000000000000e+04  -3.342027189358362230e+05   0.000000000000000000e+00  -3.133909672819466175e-09   0.000000000000000000e+00   1.082246669683776621e-09
 -8.700000000000000000e+04  -3.291685532348460401e+05   0.000000000000000000e+00  -3.024332411532072313e-09   0.000000000000000000e+00   1.070432871201229368e-09
 -8.550000000000000000e+04  -3.241342634302719962e+05   0.000000000000000000e+00  -3.002416959274593789e-09   0.000000000000000000e+00   1.156553749994290653e-09
 -8.400000000000000000e+04  -3.190992975091031985e+05   0.000000000000000000e+00  -2.958586054759635913e-09   0.000000000000000000e+00   1.205863517573617849e-09
 -8.250000000000000000e+04  -3.140630952534179087e+05   0.000000000000000000e+00  -2.980501507017114851e-09   0.000000000000000000e+00   1.246270132673344382e-09
 -8.100000000000000000e+04  -3.090250818834220408e+05   0.000000000000000000e+00  -3.002416959274593789e-09   0.000000000000000000e+00   1.314242277565680896e-09
 -7.950000000000000000e+04  -3.039846203090266208e+05   0.000000000000000000e+00  -3.024332411532072313e-09   0.000000000000000000e+00   1.328281864168128263e-09
 -7.800000000000000000e+04  -2.989411498888828792e+05   0.000000000000000000e+00  -3.024332411532072313e-09   0.000000000000000000e+00   1.372112768683085932e-09
 -7.650000000000000000e+04  -2.938940972583036055e+05   0.000000000000000000e+00  -3.046247863789551251e-09   0.000000000000000000e+00   1.370229409504708848e-09
 -7.500000000000000000e+04  -2.888428871961698751e+05   0.000000000000000000e+00  -3.090078768304508713e-09   0.000000000000000000e+00   1.483573389148856876e-09
 -7.350000000000000000e+04  -2.837869591593994992e+05   0.000000000000000000e+00  -3.068163316047029775e-09   0.000000000000000000e+00   1.458233647476147010e-09
 -7.200000000000000000e+04  -2.787257374697466148e+05   0.000000000000000000e+00  -3.111994220561987650e-09   0.000000000000000000e+00   1.514905637298221024e-09
 -7.050000000000000000e+04  -2.736586789593948051e+05   0.000000000000000000e+00  -3.046247863789551251e-09   0.000000000000000000e+00   1.643658919310908956e-09
 -6.900000000000000000e+04  -2.685852097748038359e+05   0.000000000000000000e+00  -3.090078768304508713e-09   0.000000000000000000e+00   1.570892769237248976e-09
 -6.750000000000000000e+04  -2.635048161083766026e+05   0.000000000000000000e+00  -3.090078768304508713e-09   0.000000000000000000e+00   1.582706567719796022e-09
 -6.600000000000000000e+04  -2.584169659442404518e+05   0.000000000000000000e+00  -3.133909672819466175e-09   0.000000000000000000e+00   1.663348583448487573e-09
 -6.450000000000000000e+04  -2.533211870635556115e+05   0.000000000000000000e+00  -3.090078768304508713e-09   0.000000000000000000e+00   1.673963880635703804e-09
 -6.300000000000000000e+04  -2.482169788928007474e+05   0.000000000000000000e+00  -3.090078768304508713e-09   0.000000000000000000e+00   1.683209462056827705e-09
 -6.150000000000000000e+04  -2.431038831166681484e+05   0.000000000000000000e+00  -3.024332411532072313e-09   0.000000000000000000e+00   1.742963312352609617e-09
 -6.000000000000000000e+04  -2.379814677863548277e+05   0.000000000000000000e+00  -3.046247863789551251e-09   0.000000000000000000e+00   1.808709669125046016e-09
 -5.850000000000000000e+04  -2.328492699344453868e+05   0.000000000000000000e+00  -3.111994220561987650e-09   0.000000000000000000e+00   1.829426620087193933e-09
 -5.700000000000000000e+04  -2.277068576717420365e+05   0.000000000000000000e+00  -3.133909672819466175e-09   0.000000000000000000e+00   1.739025379525093935e-09
 -5.550000000000000000e+04  -2.225538373078492587e+05   0.000000000000000000e+00  -3.068163316047029775e-09   0.000000000000000000e+00   1.822064397844447115e-09
 -5.400000000000000000e+04  -2.173898408409720287e+05   0.000000000000000000e+00  -3.068163316047029775e-09   0.000000000000000000e+00   1.842610134335833516e-09
 -5.250000000000000000e+04  -2.122145121243188041e+05   0.000000000000000000e+00  -3.068163316047029775e-09   0.000000000000000000e+00   1.943969101026672982e-09
 -5.100000000000000000e+04  -2.070275066042458056e+05   0.000000000000000000e+00  -3.155825125076945112e-09   0.000000000000000000e+00   1.929244656541179347e-09
 -4.950000000000000000e+04  -2.018285182140806573e+05   0.000000000000000000e+00  -3.155825125076945112e-09   0.000000000000000000e+00   1.976842279412890975e-09
 -4.800000000000000000e+04  -1.966172701168204949e+05   0.000000000000000000e+00  -3.177740577334424050e-09   0.000000000000000000e+00   1.978725638591268265e-09
 -4.650000000000000000e+04  -1.913934758071369433e+05   0.000000000000000000e+00  -3.111994220561987650e-09   0.000000000000000000e+00   2.001154734261031542e-09
 -4.500000000000000000e+04  -1.861568627468800987e+05   0.000000000000000000e+00  -3.155825125076945112e-09   0.000000000000000000e+00   2.024782331226126048e-09
 -4.350000000000000000e+04  -1.809072309364000103e+05   0.000000000000000000e+00  -3.133909672819466175e-09   0.000000000000000000e+00   2.043444708539135159e-09
 -4.200000000000000000e+04  -1.756443395744246955e+05   0.000000000000000000e+00  -3.133909672819466175e-09   0.000000000000000000e+00   2.090357473527800725e-09
 -4.050000000000000000e+04  -1.703680088387387805e+05   0.000000000000000000e+00  -3.046247863789551251e-09   0.000000000000000000e+00   2.105253132484055669e-09
 -3.900000000000000000e+04  -1.650780472455360868e+05   0.000000000000000000e+00  -3.046247863789551251e-09   0.000000000000000000e+00   2.113813856022133509e-09
 -3.750000000000000000e+04  -1.597743010472488240e+05   0.000000000000000000e+00  -3.111994220561987650e-09   0.000000000000000000e+00   2.140694527931697428e-09
 -3.600000000000000000e+04  -1.544566411334128352e+05   0.000000000000000000e+00  -3.068163316047029775e-09   0.000000000000000000e+00   2.166034269604407088e-09
 -3.450000000000000000e+04  -1.491249157409705804e+05   0.000000000000000000e+00  -3.068163316047029775e-09   0.000000000000000000e+00   2.142235458168551273e-09
 -3.300000000000000000e+04  -1.437790322766673635e+05   0.000000000000000000e+00  -3.090078768304508713e-09   0.000000000000000000e+00   2.158672047361660477e-09
 -3.150000000000000000e+04  -1.384188744932360423e+05   0.000000000000000000e+00  -3.024332411532072313e-09   0.000000000000000000e+00   2.139324812165604891e-09
 -3.000000000000000000e+04  -1.330443432516497269e+05   0.000000000000000000e+00  -3.068163316047029775e-09   0.000000000000000000e+00   2.155590186887952372e-09
 -2.850000000000000000e+04  -1.276553964498680143e+05   0.000000000000000000e+00  -3.002416959274593789e-09   0.000000000000000000e+00   2.161240264423083829e-09
 -2.700000000000000000e+04  -1.222519296625357674e+05   0.000000000000000000e+00  -3.046247863789551251e-09   0.000000000000000000e+00   2.202331737405856216e-09
 -2.550000000000000000e+04  -1.168339017594494653e+05   0.000000000000000000e+00  -2.980501507017114851e-09   0.000000000000000000e+00   2.147029463349874946e-09
 -2.400000000000000000e+04  -1.114012849127938098e+05   0.000000000000000000e+00  -3.002416959274593789e-09   0.000000000000000000e+00   2.253696078634322425e-09
 -2.250000000000000000e+04  -1.059540257233015291e+05   0.000000000000000000e+00  -3.024332411532072313e-09   0.000000000000000000e+00   2.211406104356218809e-09
 -2.100000000000000000e+04  -1.004920728527418541e+05   0.000000000000000000e+00  -3.068163316047029775e-09   0.000000000000000000e+00   2.229212409315420135e-09
 -1.950000000000000000e+04  -9.501538670336292125e+04   0.000000000000000000e+00  -3.155825125076945112e-09   0.000000000000000000e+00   2.185552719271224396e-09
 -1.800000000000000000e+04  -8.952396048715931829e+04   0.000000000000000000e+00  -3.090078768304508713e-09   0.000000000000000000e+00   2.228013908020089321e-09
 -1.650000000000000000e+04  -8.401792237075159210e+04   0.000000000000000000e+00  -3.090078768304508713e-09   0.000000000000000000e+00   2.204043882113471784e-09
 -1.500000000000000000e+04  -7.849712407024786808e+04   0.000000000000000000e+00  -3.068163316047029775e-09   0.000000000000000000e+00   2.223391117309527370e-09
 -1.350000000000000000e+04  -7.296154651866089262e+04   0.000000000000000000e+00  -3.046247863789551251e-09   0.000000000000000000e+00   2.273899386184185381e-09
 -1.200000000000000000e+04  -6.741116633979015751e+04   0.000000000000000000e+00  -3.090078768304508713e-09   0.000000000000000000e+00   2.327660730003313219e-09
 -1.050000000000000000e+04  -6.184596596839945414e+04   0.000000000000000000e+00  -3.024332411532072313e-09   0.000000000000000000e+00   2.319956078819043164e-09
 -9.000000000000000000e+03  -5.626591746600824990e+04   0.000000000000000000e+00  -3.090078768304508713e-09   0.000000000000000000e+00   2.338960885073575719e-09
 -7.500000000000000000e+03  -5.067098868612245133e+04   0.000000000000000000e+00  -3.133909672819466175e-09   0.000000000000000000e+00   2.284001039959117066e-09
 -6.000000000000000000e+03  -4.506114597808506369e+04   0.000000000000000000e+00  -3.133909672819466175e-09   0.000000000000000000e+00   2.305231634333549942e-09
 -4.500000000000000000e+03  -3.943634593556595064e+04   0.000000000000000000e+00  -3.177740577334424050e-09   0.000000000000000000e+00   2.284343468900640097e-09
 -3.000000000000000000e+03  -3.379652195529001619e+04   0.000000000000000000e+00  -3.155825125076945112e-09   0.000000000000000000e+00   2.302834631742887899e-09
 -1.500000000000000000e+03  -2.814161265775381617e+04   0.000000000000000000e+00  -3.133909672819466175e-09   0.000000000000000000e+00   2.344268533667183731e-09
  0.000000000000000000e+00  -2.247153115595469353e+04   0.000000000000000000e+00  -3.155825125076945112e-09   0.000000000000000000e+00   2.332968378596921232e-09
  1.500000000000000000e+03  -1.678617689974624227e+04   0.000000000000000000e+00  -3.133909672819466175e-09   0.000000000000000000e+00   2.306943779041165096e-09
  3.000000000000000000e+03  -1.108545214353978190e+04   0.000000000000000000e+00  -3.090078768304508713e-09   0.000000000000000000e+00   2.270988740181238999e-09
  4.500000000000000000e+03  -5.369200542777373812e+03   0.000000000000000000e+00  -3.155825125076945112e-09   0.000000000000000000e+00   2.234348843438266839e-09
  6.000000000000000000e+03   3.627209155478035427e+02   0.000000000000000000e+00  -3.046247863789551251e-09   0.000000000000000000e+00   2.225788119900189000e-09
  7.500000000000000000e+03   6.110515136928279389e+03   0.000000000000000000e+00  -3.111994220561987650e-09   0.000000000000000000e+00   2.238115561795021006e-09
  9.000000000000000000e+03   1.187436832512357432e+04   0.000000000000000000e+00  -3.024332411532072313e-09   0.000000000000000000e+00   2.238457990736544036e-09
  1.050000000000000000e+04   1.765454234399521010e+04   0.000000000000000000e+00  -3.024332411532072313e-09   0.000000000000000000e+00   2.316189360462288997e-09
  1.200000000000000000e+04   2.345131470298319255e+04   0.000000000000000000e+00  -3.068163316047029775e-09   0.000000000000000000e+00   2.285028326783686572e-09
  1.350000000000000000e+04   2.926497104994417532e+04   0.000000000000000000e+00  -3.068163316047029775e-09   0.000000000000000000e+00   2.291876905614148430e-09
  1.500000000000000000e+04   3.509590235399826634e+04   0.000000000000000000e+00  -3.068163316047029775e-09   0.000000000000000000e+00   2.262428016643161573e-09
  1.650000000000000000e+04   4.094446159264845483e+04   0.000000000000000000e+00  -3.046247863789551251e-09   0.000000000000000000e+00   2.266537163941438770e-09
  1.800000000000000000e+04   4.681119383021155227e+04   0.000000000000000000e+00  -3.111994220561987650e-09   0.000000000000000000e+00   2.204215096584233506e-09
  1.950000000000000000e+04   5.269619334303583310e+04   0.000000000000000000e+00  -3.046247863789551251e-09   0.000000000000000000e+00   2.192572512572447976e-09
  2.100000000000000000e+04   5.860099542215011752e+04   0.000000000000000000e+00  -3.090078768304508713e-09   0.000000000000000000e+00   2.153193184297290742e-09
  2.250000000000000000e+04   6.452577977951729554e+04   0.000000000000000000e+00  -3.068163316047029775e-09   0.000000000000000000e+00   2.102856129893394040e-09
  2.400000000000000000e+04   7.047129047465256008e+04   0.000000000000000000e+00  -3.155825125076945112e-09   0.000000000000000000e+00   2.082995251285054114e-09
  2.550000000000000000e+04   7.643840382409543963e+04   0.000000000000000000e+00  -3.155825125076945112e-09   0.000000000000000000e+00   2.039164346770096239e-09
  2.700000000000000000e+04   8.242811540536477696e+04   0.000000000000000000e+00  -3.155825125076945112e-09   0.000000000000000000e+00   2.042588636185327375e-09
  2.850000000000000000e+04   8.844156463607955084e+04   0.000000000000000000e+00  -3.221571481849381512e-09   0.000000000000000000e+00   2.033000625822680443e-09
  3.000000000000000000e+04   9.448005359625945857e+04   0.000000000000000000e+00  -3.243486934106860450e-09   0.000000000000000000e+00   1.955611685038458513e-09
  3.150000000000000000e+04   1.005450740162259608e+05   0.000000000000000000e+00  -3.221571481849381512e-09   0.000000000000000000e+00   1.930271943365748853e-09
  3.300000000000000000e+04   1.066383571139697451e+05   0.000000000000000000e+00  -3.177740577334424050e-09   0.000000000000000000e+00   1.823434113610539652e-09
  3.450000000000000000e+04   1.127618904916025349e+05   0.000000000000000000e+00  -3.199656029591902574e-09   0.000000000000000000e+00   1.834049410797755883e-09
  3.600000000000000000e+04   1.189180113757146610e+05   0.000000000000000000e+00  -3.177740577334424050e-09   0.000000000000000000e+00   1.704268841960498652e-09
  3.750000000000000000e+04   1.251095010049368866e+05   0.000000000000000000e+00  -3.265402386364338974e-09   0.000000000000000000e+00   1.654959074381171455e-09
  3.900000000000000000e+04   1.313394916798103950e+05   0.000000000000000000e+00  -3.221571481849381512e-09   0.000000000000000000e+00   1.582706567719796022e-09
  4.050000000000000000e+04   1.376118147377055138e+05   0.000000000000000000e+00  -3.265402386364338974e-09   0.000000000000000000e+00   1.512166205766036157e-09
  4.200000000000000000e+04   1.439311568021497224e+05   0.000000000000000000e+00  -3.309233290879296436e-09   0.000000000000000000e+00   1.423134680970028696e-09
  4.350000000000000000e+04   1.503031995717942191e+05   0.000000000000000000e+00  -3.331148743136775373e-09   0.000000000000000000e+00   1.355333750548453698e-09
  4.500000000000000000e+04   1.567348878400425019e+05   0.000000000000000000e+00  -3.155825125076945112e-09   0.000000000000000000e+00   1.231032044775566201e-09
  4.650000000000000000e+04   1.632348988631226530e+05   0.000000000000000000e+00  -3.221571481849381512e-09   0.000000000000000000e+00   1.177955558839484631e-09
  4.800000000000000000e+04   1.698143079665129480e+05   0.000000000000000000e+00  -3.353064195394254311e-09   0.000000000000000000e+00   1.092690752400231337e-09
  4.950000000000000000e+04   1.764871417649561481e+05   0.000000000000000000e+00  -3.374979647651732835e-09   0.000000000000000000e+00   9.420220181300646739e-10
  5.100000000000000000e+04   1.832723513755141757e+05   0.000000000000000000e+00  -3.550303265711563096e-09   0.000000000000000000e+00   7.396465136899089784e-10
  5.250000000000000000e+04   1.901941162920295901e+05   0.000000000000000000e+00  -3.528387813454084572e-09   0.000000000000000000e+00   5.413801565480305837e-10
  5.400000000000000000e+04   1.972853499063720228e+05   0.000000000000000000e+00  -3.791373240543829757e-09   0.000000000000000000e+00   3.845477013304480729e-10
  5.550000000000000000e+04   2.045879792479443713e+05   0.000000000000000000e+00  -4.163935928920969217e-09   0.000000000000000000e+00   1.472444448549355789e-11
  5.700000000000000000e+04   2.121487312044013233e+05   0.000000000000000000e+00  -4.470752260525671863e-09   0.000000000000000000e+00  -4.321453242021598048e-10
  5.850000000000000000e+04   2.199964757835493365e+05   0.000000000000000000e+00  -5.215877637279950783e-09   0.000000000000000000e+00  -1.099881760172216639e-09
  6.000000000000000000e+04   2.280924419138946978e+05   0.000000000000000000e+00  -5.873341205004314779e-09   0.000000000000000000e+00  -1.679613958170835054e-09
  6.150000000000000000e+04   2.363193096795195888e+05   0.000000000000000000e+00  -8.437449119129333122e-09   0.000000000000000000e+00  -2.134702021455042940e-09
  6.300000000000000000e+04   2.446162568939421908e+05   0.000000000000000000e+00  -1.122071155582913836e-08   0.000000000000000000e+00   9.726009226080779880e-09
  6.450000000000000000e+04   2.531921347051417397e+05   0.000000000000000000e+00  -1.764500723058646847e-06   0.000000000000000000e+00  -1.138330366584314039e-06
  6.600000000000000000e+04   2.994735238907530438e+05   0.000000000000000000e+00  -1.302612623670727342e-04   0.000000000000000000e+00   1.444981287888814162e-05
  6.750000000000000000e+04   3.044844657885360066e+05   0.000000000000000000e+00   5.298415613572067832e-05   0.000000000000000000e+00  -3.724835616094769185e-05
  6.900000000000000000e+04   3.094805358526892960e+05   0.000000000000000000e+00  -1.655997318931869434e-05   0.000000000000000000e+00   2.942955988452496477e-05
  7.050000000000000000e+04   3.144629971359471674e+05   0.000000000000000000e+00   1.678877051088677367e-06   0.000000000000000000e+00  -1.758506316101367289e-05
  7.200000000000000000e+04   3.194330476723036845e+05   0.000000000000000000e+00   2.750257765600042538e-06   0.000000000000000000e+00   8.790814898615744897e-06
  7.350000000000000000e+04   3.243918144560258952e+05   0.000000000000000000e+00  -3.057139843561518182e-06   0.000000000000000000e+00  -3.686555399114665481e-06
  7.500000000000000000e+04   3.293403631833659019e+05   0.000000000000000000e+00   2.162331927888659444e-06   0.000000000000000000e+00   1.207597406519020075e-06
  7.650000000000000000e+04   3.342796669746169355e+05   0.000000000000000000e+00  -1.243482761089346383e-06   0.000000000000000000e+00  -2.368841234510882050e-07
  7.800000000000000000e+04   3.392107385165288579e+05   0.000000000000000000e+00   6.350659755172202270e-07   0.000000000000000000e+00  -6.662845372579988258e-08
  7.950000000000000000e+04   3.441344728494660230e+05   0.000000000000000000e+00  -3.015785385151655660e-07   0.000000000000000000e+00   1.215785396154249978e-07
  8.100000000000000000e+04   3.490517306693181745e+05   0.000000000000000000e+00   1.281396493494784671e-07   0.000000000000000000e+00  -9.474632140108667716e-08
  8.250000000000000000e+04   3.539633258233795641e+05   0.000000000000000000e+00  -5.404350526694268655e-08   0.000000000000000000e+00   6.238284849432565003e-08
  8.400000000000000000e+04   3.588700375269375509e+05   0.000000000000000000e+00   1.764193906727042079e-08   0.000000000000000000e+00  -3.300484231423381074e-08
  8.550000000000000000e+04   3.637726194998338469e+05   0.000000000000000000e+00  -8.722349998476556004e-09   0.000000000000000000e+00   1.918252687518287782e-08
  8.700000000000000000e+04   3.686718027133746073e+05   0.000000000000000000e+00   6.136326632094060170e-10   0.000000000000000000e+00  -7.565796248482265971e-09
  8.850000000000000000e+04   3.735682725151030463e+05   0.000000000000000000e+00  -2.520277009610060468e-09   0.000000000000000000e+00   5.627134796049201415e-09
  9.000000000000000000e+04   3.784626737013747334e+05   0.000000000000000000e+00  -1.424504396736121026e-09   0.000000000000000000e+00  -7.637877540672880302e-10
  9.150000000000000000e+04   3.833556264820122160e+05   0.000000000000000000e+00  -1.753236180598302817e-09   0.000000000000000000e+00   2.231609411906081765e-09
  9.300000000000000000e+04   3.882477338291089400e+05   0.000000000000000000e+00  -1.534081658023514887e-09   0.000000000000000000e+00   8.118990203512844117e-10
  9.450000000000000000e+04   3.931395670528488117e+05   0.000000000000000000e+00  -1.599828014795951287e-09   0.000000000000000000e+00   1.432037833449629359e-09
  9.600000000000000000e+04   3.980316657033318188e+05   0.000000000000000000e+00  -1.490250753508557426e-09   0.000000000000000000e+00   1.140117160801181450e-09
  9.750000000000000000e+04   4.029245494246156304e+05   0.000000000000000000e+00  -1.534081658023514887e-09   0.000000000000000000e+00   1.238565481489074534e-09
  9.900000000000000000e+04   4.078187115912129520e+05   0.000000000000000000e+00  -1.446419848993599757e-09   0.000000000000000000e+00   1.205007445219810065e-09
  1.005000000000000000e+05   4.127146261362397345e+05   0.000000000000000000e+00  -1.402588944478642295e-09   0.000000000000000000e+00   1.199357367684678816e-09
  1.020000000000000000e+05   4.176127237074176082e+05   0.000000000000000000e+00  -1.358758039963684626e-09   0.000000000000000000e+00   1.166826618239983853e-09
  1.035000000000000000e+05   4.225134278826378286e+05   0.000000000000000000e+00  -1.358758039963684626e-09   0.000000000000000000e+00   1.136008013502904252e-09
  1.050000000000000000e+05   4.274171186090562842e+05   0.000000000000000000e+00  -1.227265326418812034e-09   0.000000000000000000e+00   1.109640985005625086e-09
  1.065000000000000000e+05   4.323241671245499165e+05   0.000000000000000000e+00  -1.205349874161333303e-09   0.000000000000000000e+00   1.088924034043477170e-09
  1.080000000000000000e+05   4.372348526964820339e+05   0.000000000000000000e+00  -1.183434421903854365e-09   0.000000000000000000e+00   1.062728220016959520e-09
  1.095000000000000000e+05   4.421495311113931821e+05   0.000000000000000000e+00  -1.073857160616460504e-09   0.000000000000000000e+00   1.019239744443525089e-09
  1.110000000000000000e+05   4.470684607776625780e+05   0.000000000000000000e+00  -1.008110803844024104e-09   0.000000000000000000e+00   9.909893567678688394e-10
  1.125000000000000000e+05   4.519918541383502306e+05   0.000000000000000000e+00  -9.642798993290666425e-10   0.000000000000000000e+00   9.659920440366820036e-10
  1.140000000000000000e+05   4.569199436001981958e+05   0.000000000000000000e+00  -9.423644470715877048e-10   0.000000000000000000e+00   9.581161783816506396e-10
  1.155000000000000000e+05   4.618528795835216879e+05   0.000000000000000000e+00  -8.766180902991514086e-10   0.000000000000000000e+00   9.113746278637466917e-10
  1.170000000000000000e+05   4.667907718476496520e+05   0.000000000000000000e+00  -7.889562812692362781e-10   0.000000000000000000e+00   8.838090980711366075e-10
  1.185000000000000000e+05   4.717337103811035631e+05   0.000000000000000000e+00  -7.889562812692362781e-10   0.000000000000000000e+00   8.851788138372290411e-10
  1.200000000000000000e+05   4.766817238126854063e+05   0.000000000000000000e+00  -7.012944722393211475e-10   0.000000000000000000e+00   8.827818112465673081e-10
  1.215000000000000000e+05   4.816348105963525013e+05   0.000000000000000000e+00  -6.574635677243635823e-10   0.000000000000000000e+00   8.588117853399498751e-10
  1.230000000000000000e+05   4.865929173340672278e+05   0.000000000000000000e+00  -5.917172109519271827e-10   0.000000000000000000e+00   8.374099764947557938e-10
  1.245000000000000000e+05   4.915559533190468210e+05   0.000000000000000000e+00  -5.478863064369696174e-10   0.000000000000000000e+00   8.158369531788000937e-10
  1.260000000000000000e+05   4.965237669471135596e+05   0.000000000000000000e+00  -5.259708541794908865e-10   0.000000000000000000e+00   7.872441365616207102e-10
  1.275000000000000000e+05   5.014961688238674542e+05   0.000000000000000000e+00  -4.383090451495757043e-10   0.000000000000000000e+00   7.718348341930810131e-10
  1.290000000000000000e+05   5.064729200400295085e+05   0.000000000000000000e+00  -3.725626883771393564e-10   0.000000000000000000e+00   7.463238780496095276e-10
  1.305000000000000000e+05   5.114537263930188492e+05   0.000000000000000000e+00  -3.287317838621817911e-10   0.000000000000000000e+00   7.170462035493839789e-10
  1.320000000000000000e+05   5.164382501551225432e+05   0.000000000000000000e+00  -3.068163316047030085e-10   0.000000000000000000e+00   6.790365910403192824e-10
  1.335000000000000000e+05   5.214261685360650299e+05   0.000000000000000000e+00  -2.410699748322666606e-10   0.000000000000000000e+00   6.494164875985705995e-10
  1.350000000000000000e+05   5.264169165562017588e+05   0.000000000000000000e+00  -1.753236180598302869e-10   0.000000000000000000e+00   6.463346271248625980e-10
  1.365000000000000000e+05   5.314100942422579974e+05   0.000000000000000000e+00  -1.314927135448727216e-10   0.000000000000000000e+00   6.175705960369216990e-10
  1.380000000000000000e+05   5.364051769890821306e+05   0.000000000000000000e+00  -6.574635677243636081e-11   0.000000000000000000e+00   6.001067200192432998e-10
  1.395000000000000000e+05   5.414016151687870733e+05   0.000000000000000000e+00  -4.383090451495757172e-11   0.000000000000000000e+00   5.908611385981193988e-10
  1.410000000000000000e+05   5.463988171598892659e+05   0.000000000000000000e+00   4.383090451495757172e-11   0.000000000000000000e+00   5.608986062148476850e-10
  1.425000000000000000e+05   5.513961596732989419e+05   0.000000000000000000e+00   1.095772612873939261e-10   0.000000000000000000e+00   5.521666682060084337e-10
  1.440000000000000000e+05   5.563930010905886302e+05   0.000000000000000000e+00   1.753236180598302869e-10   0.000000000000000000e+00   5.317921461853836518e-10
  1.455000000000000000e+05   5.613886887674685568e+05   0.000000000000000000e+00   2.191545225747878521e-10   0.000000000000000000e+00   5.216904924104520703e-10
  1.470000000000000000e+05   5.663825429824372986e+05   0.000000000000000000e+00   2.629854270897454433e-10   0.000000000000000000e+00   4.953234639131729043e-10
  1.485000000000000000e+05   5.713738698292701738e+05   0.000000000000000000e+00   3.725626883771393564e-10   0.000000000000000000e+00   4.910431021441340880e-10
  1.500000000000000000e+05   5.763619658744751941e+05   0.000000000000000000e+00   3.506472361196605738e-10   0.000000000000000000e+00   4.956658928546959351e-10
