  0.000000000000000000e+00   1.699999999999999767e+06   0.000000000000000000e+00   0.000000000000000000e+00   0.000000000000000000e+00   0.000000000000000000e+00
  1.500000000000000000e+05   1.374262776826079935e+06   0.000000000000000000e+00   0.000000000000000000e+00   0.000000000000000000e+00   2.218939541069726935e-10
  1.480000000000000000e+05   1.370942920429531252e+06   0.000000000000000000e+00   1.424504396736121129e-10   0.000000000000000000e+00   1.506687342701666629e-10
  1.460000000000000000e+05   1.367605299372398527e+06   0.000000000000000000e+00   1.314927135448727216e-10   0.000000000000000000e+00   1.177955558839484631e-10
  1.440000000000000000e+05   1.364251181602945318e+06   0.000000000000000000e+00   2.684642901541151260e-10   0.000000000000000000e+00  -2.301122487035272435e-10
  1.420000000000000000e+05   1.360880720973116579e+06   0.000000000000000000e+00   1.095772612873939261e-10   0.000000000000000000e+00   8.218294596554544779e-11
  1.400000000000000000e+05   1.357493326851662248e+06   0.000000000000000000e+00  -2.410699748322666606e-10   0.000000000000000000e+00   9.040124056209998481e-11
  1.380000000000000000e+05   1.354089408498490462e+06   0.000000000000000000e+00  -3.396895099909211566e-10   0.000000000000000000e+00   5.478863064369696465e-12
  1.360000000000000000e+05   1.350668386857646983e+06   0.000000000000000000e+00  -4.054358667633575562e-10   0.000000000000000000e+00   3.561260991840302824e-11
  1.340000000000000000e+05   1.347230635383162647e+06   0.000000000000000000e+00  -5.424074433725999864e-10   0.000000000000000000e+00   2.739431532184848087e-10
  1.320000000000000000e+05   1.343775794130910886e+06   0.000000000000000000e+00  -3.725626883771393564e-10   0.000000000000000000e+00   4.383090451495757043e-10
  1.300000000000000000e+05   1.340303604784880299e+06   0.000000000000000000e+00  -7.670408290117574437e-10   0.000000000000000000e+00   5.999355055484817843e-10
  1.280000000000000000e+05   1.336814318714666879e+06   0.000000000000000000e+00  -8.492237749773029432e-10   0.000000000000000000e+00   4.026964352311726890e-10
  1.260000000000000000e+05   1.333307623972605681e+06   0.000000000000000000e+00  -8.437449119129332088e-10   0.000000000000000000e+00   3.753021199093242236e-10
  1.240000000000000000e+05   1.329783397872400936e+06   0.000000000000000000e+00  -1.008110803844024104e-09   0.000000000000000000e+00   4.218724559564666044e-10
  1.220000000000000000e+05   1.326241517347855261e+06   0.000000000000000000e+00  -6.410269785312544824e-10   0.000000000000000000e+00   4.574850658748696714e-10
  1.200000000000000000e+05   1.322681850198202068e+06   0.000000000000000000e+00  -8.711392272347816742e-10   0.000000000000000000e+00   7.369070821577241112e-10
  1.180000000000000000e+05   1.319104260156044271e+06   0.000000000000000000e+00  -1.030026256101502835e-09   0.000000000000000000e+00   7.232099244967998785e-10
  1.160000000000000000e+05   1.315508603125992231e+06   0.000000000000000000e+00  -1.424504396736121026e-09   0.000000000000000000e+00   7.314282190933544801e-10
  1.140000000000000000e+05   1.311894727281808387e+06   0.000000000000000000e+00  -1.402588944478642295e-09   0.000000000000000000e+00   8.273083227198241089e-10
  1.120000000000000000e+05   1.308262221859113779e+06   0.000000000000000000e+00  -1.753236180598302817e-09   0.000000000000000000e+00   7.478648082864635800e-10
  1.100000000000000000e+05   1.304611072248806246e+06   0.000000000000000000e+00  -2.147714321232921008e-09   0.000000000000000000e+00   5.862383478875575517e-10
  1.080000000000000000e+05   1.300941343590722885e+06   0.000000000000000000e+00  -1.862813441885696885e-09   0.000000000000000000e+00   4.766610866001635868e-10
  1.060000000000000000e+05   1.297252711190513801e+06   0.000000000000000000e+00  -2.235376130262835932e-09   0.000000000000000000e+00   4.383090451495757043e-10
  1.040000000000000000e+05   1.293545216438314877e+06   0.000000000000000000e+00  -2.060052512203005671e-09   0.000000000000000000e+00   7.067733353036908820e-10
  1.020000000000000000e+05   1.289818263221713481e+06   0.000000000000000000e+00  -2.268249308649054338e-09   0.000000000000000000e+00   9.149701317497393428e-10
  1.000000000000000000e+05   1.286072054390218807e+06   0.000000000000000000e+00  -2.388784296065187669e-09   0.000000000000000000e+00   1.032765687633687703e-09
  9.800000000000000000e+04   1.282305972248442937e+06   0.000000000000000000e+00  -2.695600627669890729e-09   0.000000000000000000e+00   9.149701317497393428e-10
  9.600000000000000000e+04   1.278520233484255383e+06   0.000000000000000000e+00  -2.695600627669890729e-09   0.000000000000000000e+00   9.533221732003271736e-10
  9.400000000000000000e+04   1.274714123469793005e+06   0.000000000000000000e+00  -3.013374685403332844e-09   0.000000000000000000e+00   1.273835662465954363e-09
  9.200000000000000000e+04   1.270887958948322805e+06   0.000000000000000000e+00  -3.670838253127696427e-09   0.000000000000000000e+00   1.651877213907463557e-09
  9.000000000000000000e+04   1.267040916310926434e+06   0.000000000000000000e+00  -3.396895099909211773e-09   0.000000000000000000e+00   1.827200831967293818e-09
  8.800000000000000000e+04   1.263173253662592499e+06   0.000000000000000000e+00  -3.911908227959963087e-09   0.000000000000000000e+00   1.399849512946457428e-09
  8.600000000000000000e+04   1.259284237818235997e+06   0.000000000000000000e+00  -4.339259546980799891e-09   0.000000000000000000e+00   1.388891786817717959e-09
  8.400000000000000000e+04   1.255374069796053926e+06   0.000000000000000000e+00  -4.876188127289029730e-09   0.000000000000000000e+00   1.446419848993599757e-09
  8.200000000000000000e+04   1.251442164646829711e+06   0.000000000000000000e+00  -5.007680840833902529e-09   0.000000000000000000e+00   1.638180056246539221e-09
  8.000000000000000000e+04   1.247488254305005772e+06   0.000000000000000000e+00  -4.952892210190205184e-09   0.000000000000000000e+00   2.054573649138635936e-09
  7.800000000000000000e+04   1.243511778717022156e+06   0.000000000000000000e+00  -5.215877637279950783e-09   0.000000000000000000e+00   1.572433699474102822e-09
  7.600000000000000000e+04   1.239512637630810263e+06   0.000000000000000000e+00  -5.676102134687005166e-09   0.000000000000000000e+00   1.887468325675360484e-09
  7.400000000000000000e+04   1.235490492110185092e+06   0.000000000000000000e+00  -6.180157536609017425e-09   0.000000000000000000e+00   2.221678972601911802e-09
  7.200000000000000000e+04   1.231445243810060201e+06   0.000000000000000000e+00  -7.188268340453041943e-09   0.000000000000000000e+00   2.221678972601911802e-09
  7.000000000000000000e+04   1.227375993891499238e+06   0.000000000000000000e+00  -7.703281468503792844e-09   0.000000000000000000e+00   2.161411478893845137e-09
  6.800000000000000000e+04   1.223282598774433602e+06   0.000000000000000000e+00  -9.138743591368654166e-09   0.000000000000000000e+00   2.405220885258296872e-09
  6.600000000000000000e+04   1.219164662217544159e+06   0.000000000000000000e+00  -1.013589666908393839e-08   0.000000000000000000e+00   2.564107914125017930e-09
  6.400000000000000000e+04   1.215021752134665847e+06   0.000000000000000000e+00  -1.043175527455990157e-08   0.000000000000000000e+00   2.424396905983590736e-09
  6.200000000000000000e+04   1.210853414129203884e+06   0.000000000000000000e+00  -1.184530194516728395e-08   0.000000000000000000e+00   4.544716911894663071e-09
  6.000000000000000000e+04   1.206659176186683122e+06   0.000000000000000000e+00  -1.328076406803214362e-08   0.000000000000000000e+00   4.205027401903742018e-09
  5.800000000000000000e+04   1.202438560366853606e+06   0.000000000000000000e+00  -1.619551921827682414e-08   0.000000000000000000e+00   4.714561666890123598e-09
  5.600000000000000000e+04   1.198190889072608436e+06   0.000000000000000000e+00  -1.870483850175814348e-08   0.000000000000000000e+00   5.914432677987087580e-09
  5.400000000000000000e+04   1.193916026997453999e+06   0.000000000000000000e+00  -2.285781670455037488e-08   0.000000000000000000e+00   7.311542759401359520e-09
  5.200000000000000000e+04   1.189613172278300161e+06   0.000000000000000000e+00  -2.724090715604612934e-08   0.000000000000000000e+00   7.169092319727748080e-09
  5.000000000000000000e+04   1.185281788860935951e+06   0.000000000000000000e+00  -3.342106469265515008e-08   0.000000000000000000e+00   1.012767837448738399e-08
  4.800000000000000000e+04   1.180921050501147052e+06   0.000000000000000000e+00  -4.115721933954515719e-08   0.000000000000000000e+00   1.397931910873928042e-08
  4.600000000000000000e+04   1.176530738674527034e+06   0.000000000000000000e+00  -5.597206506560081983e-08   0.000000000000000000e+00   2.161959365200282069e-08
  4.400000000000000000e+04   1.172109754679685226e+06   0.000000000000000000e+00  -7.799709458436700170e-08   0.000000000000000000e+00   3.874651959122249058e-08
  4.200000000000000000e+04   1.167657920480183791e+06   0.000000000000000000e+00  -1.106072875434954360e-07   0.000000000000000000e+00   7.876413541337874963e-08
  4.000000000000000000e+04   1.163173954799564555e+06   0.000000000000000000e+00  -1.517316337046543757e-07   0.000000000000000000e+00   1.813174942522507265e-07
  3.800000000000000000e+04   1.158657385359481908e+06   0.000000000000000000e+00  -1.286875356559154224e-07   0.000000000000000000e+00   4.388021428253689940e-07
  3.600000000000000000e+04   1.154107414732849691e+06   0.000000000000000000e+00   3.232200476194258937e-07   0.000000000000000000e+00   9.610144969427021997e-07
  3.400000000000000000e+04   1.149523184866624651e+06   0.000000000000000000e+00   2.502919971422136997e-06   0.000000000000000000e+00   1.084513549276659461e-06
  3.200000000000000000e+04   1.144903851820289856e+06   0.000000000000000000e+00   7.509362589203492226e-06   0.000000000000000000e+00  -5.652606030435456199e-06
  3.000000000000000000e+04   1.140248461025383091e+06   0.000000000000000000e+00  -1.313962855549398017e-05   0.000000000000000000e+00  -4.030014161436508153e-05
  2.800000000000000000e+04   1.135555839738415089e+06   0.000000000000000000e+00  -2.487776832221264369e-04   0.000000000000000000e+00   3.888515400277176877e-05
  2.600000000000000000e+04   1.130825398754380643e+06   0.000000000000000000e+00   2.932202589673163560e-04   0.000000000000000000e+00   1.925133791619331380e-03
  2.400000000000000000e+04   1.126055679985770257e+06   0.000000000000000000e+00   1.886005245699560670e-02   0.000000000000000000e+00  -5.847869411774027533e-03
  2.200000000000000000e+04   1.121245717345283134e+06   0.000000000000000000e+00  -1.473924754728093700e-01   0.000000000000000000e+00  -2.171942476348956708e-01
  2.000000000000000000e+04   1.116394100816496881e+06   0.000000000000000000e+00  -2.350359215748638153e+00   0.000000000000000000e+00   4.110860127286666277e+00
  1.800000000000000000e+04   7.150265004701731959e+04   0.000000000000000000e+00  -1.374505260153223940e+00   0.000000000000000000e+00   8.636264262600321672e+04
  1.600000000000000000e+04   6.328225333148818754e+04   0.000000000000000000e+00  -2.023112691319009393e+00   0.000000000000000000e+00   8.586645204216634738e+04
  1.400000000000000000e+04   5.516223751104989788e+04   0.000000000000000000e+00  -1.818847916971509937e+00   0.000000000000000000e+00   8.543773106175643625e+04
  1.200000000000000000e+04   4.712848650385811925e+04   0.000000000000000000e+00  -1.599571882703345160e+00   0.000000000000000000e+00   8.507282145908092207e+04
  1.000000000000000000e+04   3.916693874936166685e+04   0.000000000000000000e+00  -1.382244583445778607e+00   0.000000000000000000e+00   8.476869115714037616e+04
  8.000000000000000000e+03   3.126418247391661498e+04   0.000000000000000000e+00  -1.123737075846065192e+00   0.000000000000000000e+00   8.452291222957537684e+04
  6.000000000000000000e+03   2.340764722800105665e+04   0.000000000000000000e+00  -8.682142689731758844e-01   0.000000000000000000e+00   8.433360772900521988e+04
  4.000000000000000000e+03   1.558524543236856880e+04   0.000000000000000000e+00  -5.344009420735305049e-01   0.000000000000000000e+00   8.419937376284752099e+04
  2.000000000000000000e+03   7.785342538224415875e+03   0.000000000000000000e+00  -7.533565957696475301e-02   0.000000000000000000e+00   8.411923866561937029e+04
  0.000000000000000000e+00  -3.306049444460409159e+00   0.000000000000000000e+00   2.396862093984637176e-01   0.000000000000000000e+00   8.409263085000700084e+04
 -2.000000000000000000e+03  -7.791749412944122923e+03   0.000000000000000000e+00  -1.738319756751033895e-01   0.000000000000000000e+00   8.411936328129805042e+04
 -4.000000000000000000e+03  -1.559136199727320854e+04   0.000000000000000000e+00  -5.804882480310840087e-01   0.000000000000000000e+00   8.419962463090801612e+04
 -6.000000000000000000e+03  -2.341348760463630970e+04   0.000000000000000000e+00  -9.084959302290166461e-01   0.000000000000000000e+00   8.433398295152522041e+04
 -8.000000000000000000e+03  -3.126974132359392024e+04   0.000000000000000000e+00  -1.172219961621204565e+00   0.000000000000000000e+00   8.452340666803866043e+04
 -1.000000000000000000e+04  -3.917224237915183767e+04   0.000000000000000000e+00  -1.333162004221261077e+00   0.000000000000000000e+00   8.476930096122491523e+04
 -1.200000000000000000e+04  -4.713344657571402786e+04   0.000000000000000000e+00  -1.544360971362647161e+00   0.000000000000000000e+00   8.507353373752167681e+04
 -1.400000000000000000e+04  -5.516673216059528932e+04   0.000000000000000000e+00  -1.730393769667733173e+00   0.000000000000000000e+00   8.543852183284328203e+04
 -1.600000000000000000e+04  -6.328617419597847766e+04   0.000000000000000000e+00  -1.917256395476776065e+00   0.000000000000000000e+00   8.586729220946958230e+04
 -1.800000000000000000e+04  -7.150681190008374688e+04   0.000000000000000000e+00  -2.077163541418283188e+00   0.000000000000000000e+00   8.636360136732111278e+04
 -2.000000000000000000e+04  -7.984454994613431336e+04   0.000000000000000000e+00  -2.165622154652921072e+00   0.000000000000000000e+00   8.693205391782973311e+04
 -2.200000000000000000e+04  -8.831604597765534709e+04   0.000000000000000000e+00  -2.165913699398859027e+00   0.000000000000000000e+00   8.757826535806054017e+04
 -2.400000000000000000e+04  -9.693802028509553929e+04   0.000000000000000000e+00  -2.152626783334646632e+00   0.000000000000000000e+00   8.830897313223665697e+04
 -2.600000000000000000e+04  -1.057271289499192935e+05   0.000000000000000000e+00  -2.127207271957912038e+00   0.000000000000000000e+00   8.913234305932543066e+04
 -2.800000000000000000e+04  -1.146988121306733228e+05   0.000000000000000000e+00  -1.916410235832671560e+00   0.000000000000000000e+00   9.005820773643051507e+04
 -3.000000000000000000e+04  -1.238654091631543997e+05   0.000000000000000000e+00  -1.368828114141715124e+00   0.000000000000000000e+00   9.109829378039622679e+04
 -3.200000000000000000e+04  -1.332342714479528076e+05   0.000000000000000000e+00  -5.225731051658998316e-01   0.000000000000000000e+00   9.226662413974518131e+04
 -3.400000000000000000e+04  -1.428063184347799979e+05   0.000000000000000000e+00  -1.801438005914117457e-02   0.000000000000000000e+00   9.358031986781113665e+04
 -3.600000000000000000e+04  -1.525748929798037279e+05   0.000000000000000000e+00   1.170580125830624318e+00   0.000000000000000000e+00   9.506036523535141896e+04
 -3.800000000000000000e+04  -1.625258990745920164e+05   0.000000000000000000e+00   2.462510845688199890e+00   0.000000000000000000e+00   9.673350659102748614e+04
 -4.000000000000000000e+04  -1.726423786554754770e+05   0.000000000000000000e+00   3.193011427474568897e+00   0.000000000000000000e+00   9.863545855641571688e+04
 -4.200000000000000000e+04  -1.829166030919192708e+05   0.000000000000000000e+00   2.011637432552250360e+00   0.000000000000000000e+00   1.008190825358238362e+05
 -4.400000000000000000e+04  -1.933527873443930293e+05   0.000000000000000000e+00  -2.722199902980922959e-01   0.000000000000000000e+00   1.033593763020513870e+05
 -4.600000000000000000e+04  -2.039909245017683716e+05   0.000000000000000000e+00  -3.772444100018070845e+00   0.000000000000000000e+00   1.063753214140785713e+05
 -4.800000000000000000e+04  -2.149017995870570885e+05   0.000000000000000000e+00  -3.296924202079957733e-01   0.000000000000000000e+00   1.100351854398974392e+05
 -5.000000000000000000e+04  -2.262325151342587778e+05   0.000000000000000000e+00   3.270486878914860007e+00   0.000000000000000000e+00   1.146009371212401747e+05
 -5.200000000000000000e+04  -2.381368056859408680e+05   0.000000000000000000e+00   5.730963112117639646e+00   0.000000000000000000e+00   1.203156380587083258e+05
 -5.400000000000000000e+04  -2.505083322046800458e+05   0.000000000000000000e+00   4.444282362714479184e+00   0.000000000000000000e+00   1.269171286859313404e+05
 -5.600000000000000000e+04  -2.627678785485507105e+05   0.000000000000000000e+00  -4.458035621018427430e-01   0.000000000000000000e+00   1.333089676959007629e+05
 -5.800000000000000000e+04  -2.745297018622106989e+05   0.000000000000000000e+00  -2.968101568455567829e+00   0.000000000000000000e+00   1.387704935148712248e+05
 -6.000000000000000000e+04  -2.858353962676147348e+05   0.000000000000000000e+00  -2.902898440835429028e+00   0.000000000000000000e+00   1.433568917598288972e+05
 -6.200000000000000000e+04  -2.968434852705428493e+05   0.000000000000000000e+00  -1.913223161979233922e+00   0.000000000000000000e+00   1.473188709406140551e+05
 -6.400000000000000000e+04  -3.076848789289590204e+05   0.000000000000000000e+00   3.779673430464800532e-01   0.000000000000000000e+00   1.508533577557076351e+05
 -6.600000000000000000e+04  -3.184581670672282344e+05   0.000000000000000000e+00   1.950677175301425148e+00   0.000000000000000000e+00   1.540944576745026861e+05
 -6.800000000000000000e+04  -3.292403049746598117e+05   0.000000000000000000e+00   2.950967571375142651e+00   0.000000000000000000e+00   1.571317715791169030e+05
 -7.000000000000000000e+04  -3.400997546713264892e+05   0.000000000000000000e+00   3.316904583381208749e+00   0.000000000000000000e+00   1.600287100337587763e+05
 -7.200000000000000000e+04  -3.510963939891476184e+05   0.000000000000000000e+00   3.203100133216786549e+00   0.000000000000000000e+00   1.628288165405649052e+05
 -7.400000000000000000e+04  -3.622932287719753804e+05   0.000000000000000000e+00   2.972202038725002105e+00   0.000000000000000000e+00   1.655651402864389820e+05
 -7.600000000000000000e+04  -3.737567787987843039e+05   0.000000000000000000e+00   2.725062815309870157e+00   0.000000000000000000e+00   1.682618729775754036e+05
 -7.800000000000000000e+04  -3.855604400448135566e+05   0.000000000000000000e+00   2.186846867665093175e+00   0.000000000000000000e+00   1.709360913395083917e+05
 -8.000000000000000000e+04  -3.977864271526111988e+05   0.000000000000000000e+00   1.591079531935584823e+00   0.000000000000000000e+00   1.735976347336202452e+05
 -8.200000000000000000e+04  -4.104808939960733987e+05   0.000000000000000000e+00  -4.071646425124675517e+01   0.000000000000000000e+00   1.762401178883110406e+05
 -8.200000000000000000e+04  -4.105264076047679991e+05   0.000000000000000000e+00   1.174681910413561292e+00   0.000000000000000000e+00   1.762478757076521288e+05
 -8.400000000000000000e+04  -4.238783022259461577e+05   0.000000000000000000e+00   9.635428732679185426e-01   0.000000000000000000e+00   1.788767473256789963e+05
 -8.600000000000000000e+04  -4.379342164328108774e+05   0.000000000000000000e+00  -9.559121622335420287e-01   0.000000000000000000e+00   1.814582355202588660e+05
 -8.800000000000000000e+04  -4.527555978794972762e+05   0.000000000000000000e+00  -2.492336087471624051e+00   0.000000000000000000e+00   1.839456017948111112e+05
 -9.000000000000000000e+04  -4.683603494491463643e+05   0.000000000000000000e+00  -2.650268314499554911e+00   0.000000000000000000e+00   1.862781150792243134e+05
 -9.200000000000000000e+04  -4.847214481375674950e+05   0.000000000000000000e+00  -2.478322340458484430e+00   0.000000000000000000e+00   1.883963488046051643e+05
 -9.400000000000000000e+04  -5.018609260995445075e+05   0.000000000000000000e+00  -9.596963137846806768e-01   0.000000000000000000e+00   1.902712535582749406e+05
 -9.600000000000000000e+04  -5.200731944309385726e+05   0.000000000000000000e+00   1.932563886719014024e+00   0.000000000000000000e+00   1.919307887823332276e+05
 -9.800000000000000000e+04  -5.408876185393629130e+05   0.000000000000000000e+00   1.515855903142449557e-01   0.000000000000000000e+00   1.935344123227700766e+05
 -1.000000000000000000e+05  -7.418766335162620526e+05   0.000000000000000000e+00   2.444293170859058506e+00   0.000000000000000000e+00  -1.516214112635472233e+00
 -1.020000000000000000e+05  -7.504258859526271699e+05   0.000000000000000000e+00   3.126891820789003407e-01   0.000000000000000000e+00   5.745863421516427261e-01
 -1.040000000000000000e+05  -7.589239654026842909e+05   0.000000000000000000e+00  -1.396109046671653309e-01   0.000000000000000000e+00   5.991188507928076751e-02
 -1.060000000000000000e+05  -7.673732358239915920e+05   0.000000000000000000e+00  -9.993280373267640973e-03   0.000000000000000000e+00  -3.423192092373882056e-02
 -1.080000000000000000e+05  -7.757756403600068297e+05   0.000000000000000000e+00   8.402736007033385218e-03   0.000000000000000000e+00  -1.133189165850601423e-03
 -1.100000000000000000e+05  -7.841329876968942117e+05   0.000000000000000000e+00  -1.153751256748234794e-04   0.000000000000000000e+00   2.048622579303337448e-03
 -1.120000000000000000e+05  -7.924471127662094077e+05   0.000000000000000000e+00  -4.861517923547873472e-04   0.000000000000000000e+00  -1.507481832634630808e-04
 -1.140000000000000000e+05  -8.007200689921086887e+05   0.000000000000000000e+00   6.997647736717490521e-05   0.000000000000000000e+00  -1.069939978982801051e-04
 -1.160000000000000000e+05  -8.089532250598659739e+05   0.000000000000000000e+00   2.043501962658157944e-05   0.000000000000000000e+00   2.501798585124437370e-05
 -1.180000000000000000e+05  -8.171479532145558624e+05   0.000000000000000000e+00  -7.727300804177989217e-06   0.000000000000000000e+00   2.872402169041334730e-06
 -1.200000000000000000e+05  -8.253055563166390639e+05   0.000000000000000000e+00  -7.907095174498346468e-08   0.000000000000000000e+00  -2.095570611733548436e-06
 -1.220000000000000000e+05  -8.334272481359353988e+05   0.000000000000000000e+00   4.511076692679433440e-07   0.000000000000000000e+00   1.604334379666395465e-07
 -1.240000000000000000e+05  -8.415142769126385683e+05   0.000000000000000000e+00  -1.306160954545735556e-07   0.000000000000000000e+00   8.911644717350529811e-08
 -1.260000000000000000e+05  -8.495678380874928553e+05   0.000000000000000000e+00  -5.961003014034230033e-08   0.000000000000000000e+00  -4.152019401755965427e-08
 -1.280000000000000000e+05  -8.575886765319855185e+05   0.000000000000000000e+00  -3.559069446614555002e-08   0.000000000000000000e+00  -1.188228427085177955e-08
 -1.300000000000000000e+05  -8.655781297525567934e+05   0.000000000000000000e+00  -4.461986079622680619e-08   0.000000000000000000e+00  -8.436079403363239344e-09
 -1.320000000000000000e+05  -8.735369169878169196e+05   0.000000000000000000e+00  -4.330493366077808316e-08   0.000000000000000000e+00  -9.907154136146504147e-09
 -1.340000000000000000e+05  -8.814661140992785804e+05   0.000000000000000000e+00  -4.225299195241910077e-08   0.000000000000000000e+00  -1.014548467944658491e-08
 -1.360000000000000000e+05  -8.893663576367367059e+05   0.000000000000000000e+00  -4.190234471629943776e-08   0.000000000000000000e+00  -9.977009640217217330e-09
 -1.380000000000000000e+05  -8.972384497209182009e+05   0.000000000000000000e+00  -4.120105024406011837e-08   0.000000000000000000e+00  -9.479802817125667343e-09
 -1.400000000000000000e+05  -9.050833594437337015e+05   0.000000000000000000e+00  -4.049975577182079237e-08   0.000000000000000000e+00  -9.483911964423943713e-09
 -1.420000000000000000e+05  -9.129014811929241987e+05   0.000000000000000000e+00  -3.962313768152164148e-08   0.000000000000000000e+00  -8.983965709800209479e-09
 -1.440000000000000000e+05  -9.206940241301682545e+05   0.000000000000000000e+00  -3.909716682734215359e-08   0.000000000000000000e+00  -8.575790411504667365e-09
 -1.460000000000000000e+05  -9.284608350315296557e+05   0.000000000000000000e+00  -3.857119597316266570e-08   0.000000000000000000e+00  -8.670300799365043733e-09
 -1.480000000000000000e+05  -9.362031275033684215e+05   0.000000000000000000e+00  -3.813288692801308695e-08   0.000000000000000000e+00  -8.326502142075846310e-09
 -1.500000000000000000e+05  -9.439211503765933448e+05   0.000000000000000000e+00  -3.734393064674385180e-08   0.000000000000000000e+00  -7.963527464061354195e-09
 -1.480000000000000000e+05  -9.361996569495457225e+05   0.000000000000000000e+00  -3.830821054607291845e-08   0.000000000000000000e+00  -8.133372219056813895e-09
 -1.460000000000000000e+05  -9.284574950089262566e+05   0.000000000000000000e+00  -3.874651959122249058e-08   0.000000000000000000e+00  -8.785356923716808570e-09
 -1.440000000000000000e+05  -9.206909866143895779e+05   0.000000000000000000e+00  -3.962313768152164148e-08   0.000000000000000000e+00  -8.988074857098487503e-09
 -1.420000000000000000e+05  -9.128990741369216703e+05   0.000000000000000000e+00  -4.006144672667122023e-08   0.000000000000000000e+00  -9.963312482556292787e-09
 -1.400000000000000000e+05  -9.050814639962877845e+05   0.000000000000000000e+00  -4.076274119891053962e-08   0.000000000000000000e+00  -1.037559692815011293e-08
 -1.380000000000000000e+05  -8.972369127826901386e+05   0.000000000000000000e+00  -4.120105024406011837e-08   0.000000000000000000e+00  -1.075500819535771383e-08
 -1.360000000000000000e+05  -8.893655065991379088e+05   0.000000000000000000e+00  -4.155169748017977476e-08   0.000000000000000000e+00  -1.120290525086993745e-08
 -1.340000000000000000e+05  -8.814658455671212869e+05   0.000000000000000000e+00  -4.216533014338918502e-08   0.000000000000000000e+00  -1.072761388003586474e-08
 -1.320000000000000000e+05  -8.735372130373363616e+05   0.000000000000000000e+00  -4.295428642465842016e-08   0.000000000000000000e+00  -1.172065781045287260e-08
 -1.300000000000000000e+05  -8.655790410696069011e+05   0.000000000000000000e+00  -4.330493366077808316e-08   0.000000000000000000e+00  -1.167134804287354623e-08
 -1.280000000000000000e+05  -8.575903445034407778e+05   0.000000000000000000e+00  -4.348025727883790805e-08   0.000000000000000000e+00  -1.209869936189438138e-08
 -1.260000000000000000e+05  -8.495699919305612566e+05   0.000000000000000000e+00  -4.453219898719689044e-08   0.000000000000000000e+00  -1.214389998217543137e-08
 -1.240000000000000000e+05  -8.415171689237890532e+05   0.000000000000000000e+00  -4.488284622331655344e-08   0.000000000000000000e+00  -1.179462246182186380e-08
 -1.220000000000000000e+05  -8.334308088532987749e+05   0.000000000000000000e+00  -4.602244974070545159e-08   0.000000000000000000e+00  -1.229182928491341379e-08
 -1.200000000000000000e+05  -8.253097323378117289e+05   0.000000000000000000e+00  -4.654842059488493948e-08   0.000000000000000000e+00  -1.273424747736126726e-08
 -1.180000000000000000e+05  -8.171526323872613721e+05   0.000000000000000000e+00  -4.733737687615417462e-08   0.000000000000000000e+00  -1.306845812428781817e-08
 -1.160000000000000000e+05  -8.089582844699677080e+05   0.000000000000000000e+00  -4.803867134839350062e-08   0.000000000000000000e+00  -1.330130980452353043e-08
 -1.140000000000000000e+05  -8.007252842180883745e+05   0.000000000000000000e+00  -4.838931858451315701e-08   0.000000000000000000e+00  -1.341910536040747952e-08
 -1.120000000000000000e+05  -7.924521156758409925e+05   0.000000000000000000e+00  -4.856464220257298851e-08   0.000000000000000000e+00  -1.356429523161327603e-08
 -1.100000000000000000e+05  -7.841372480623000301e+05   0.000000000000000000e+00  -4.979190752899180241e-08   0.000000000000000000e+00  -1.411218153805024616e-08
 -1.080000000000000000e+05  -7.757790053008964751e+05   0.000000000000000000e+00  -5.014255476511145879e-08   0.000000000000000000e+00  -1.449296252102393919e-08
 -1.060000000000000000e+05  -7.673758853937515523e+05   0.000000000000000000e+00  -5.119449647347044119e-08   0.000000000000000000e+00  -1.567776665869388568e-08
 -1.040000000000000000e+05  -7.589260337527480442e+05   0.000000000000000000e+00  -5.172046732764993569e-08   0.000000000000000000e+00  -1.621195580746993293e-08
 -1.020000000000000000e+05  -7.504272515108465450e+05   0.000000000000000000e+00  -5.277240903600891808e-08   0.000000000000000000e+00  -1.617223405025324977e-08
 -1.000000000000000000e+05  -7.418772480611394858e+05   0.000000000000000000e+00  -5.277240903600891808e-08   0.000000000000000000e+00  -1.752277379562038124e-08
 -9.800000000000000000e+04  -7.332739136808941839e+05   0.000000000000000000e+00  -5.294773265406874297e-08   0.000000000000000000e+00  -1.772960087630033654e-08
 -9.600000000000000000e+04  -7.246146066993883578e+05   0.000000000000000000e+00  -5.452564521660721987e-08   0.000000000000000000e+00  -1.810901214350793910e-08
 -9.400000000000000000e+04  -7.158962848635043483e+05   0.000000000000000000e+00  -5.513927787981662351e-08   0.000000000000000000e+00  -1.857745493551154788e-08
 -9.200000000000000000e+04  -7.071160341981374659e+05   0.000000000000000000e+00  -5.627888139720552165e-08   0.000000000000000000e+00  -1.941161183706183467e-08
 -9.000000000000000000e+04  -6.982705676826665876e+05   0.000000000000000000e+00  -5.680485225138500954e-08   0.000000000000000000e+00  -2.000469876377985481e-08
 -8.800000000000000000e+04  -6.893559966825589072e+05   0.000000000000000000e+00  -5.847042662295340219e-08   0.000000000000000000e+00  -2.001976563720686982e-08
 -8.600000000000000000e+04  -6.803685727231523488e+05   0.000000000000000000e+00  -5.882107385907305858e-08   0.000000000000000000e+00  -2.067859892069732511e-08
 -8.400000000000000000e+04  -6.713037557540170383e+05   0.000000000000000000e+00  -6.004833918549187247e-08   0.000000000000000000e+00  -2.107581649286413024e-08
 -8.200000000000000000e+04  -6.621564744430230930e+05   0.000000000000000000e+00  -6.092495727579102998e-08   0.000000000000000000e+00  -2.086898941218417493e-08
 -8.000000000000000000e+04  -6.529211830825882498e+05   0.000000000000000000e+00  -6.206456079317991489e-08   0.000000000000000000e+00  -2.047999013461392586e-08
 -7.800000000000000000e+04  -6.435915226906200405e+05   0.000000000000000000e+00  -6.337948792862864453e-08   0.000000000000000000e+00  -2.139496026636366282e-08
 -7.600000000000000000e+04  -6.341606725382332224e+05   0.000000000000000000e+00  -6.495740049116711482e-08   0.000000000000000000e+00  -2.259209184592844338e-08
 -7.400000000000000000e+04  -6.246203081338034244e+05   0.000000000000000000e+00  -6.688596028982524810e-08   0.000000000000000000e+00  -2.238389504948239430e-08
 -7.200000000000000000e+04  -6.149611745392283192e+05   0.000000000000000000e+00  -7.030477084199194253e-08   0.000000000000000000e+00  -2.430971541660834334e-08
 -7.000000000000000000e+04  -6.051728339488947531e+05   0.000000000000000000e+00  -7.100606531423126854e-08   0.000000000000000000e+00  -2.534385082000812317e-08
 -6.800000000000000000e+04  -5.952425947454333073e+05   0.000000000000000000e+00  -7.310994873094923333e-08   0.000000000000000000e+00  -2.524386156908337665e-08
 -6.600000000000000000e+04  -5.851556687840884551e+05   0.000000000000000000e+00  -7.600278842893643326e-08   0.000000000000000000e+00  -2.611910994361643377e-08
 -6.400000000000000000e+04  -5.748945728802412050e+05   0.000000000000000000e+00  -7.836965727274413868e-08   0.000000000000000000e+00  -2.864760524782304945e-08
 -6.200000000000000000e+04  -5.644380165499876020e+05   0.000000000000000000e+00  -8.161314420685100161e-08   0.000000000000000000e+00  -3.049672153204782304e-08
 -6.000000000000000000e+04  -5.537616740794950165e+05   0.000000000000000000e+00  -8.669752913058607546e-08   0.000000000000000000e+00  -3.228967946986280798e-08
 -5.800000000000000000e+04  -5.428280107344834832e+05   0.000000000000000000e+00  -9.090529596402200503e-08   0.000000000000000000e+00  -3.459080195689807824e-08
 -5.600000000000000000e+04  -5.315972113887787564e+05   0.000000000000000000e+00  -9.730460802320580852e-08   0.000000000000000000e+00  -3.891499463045186312e-08
 -5.400000000000000000e+04  -5.200142726648290409e+05   0.000000000000000000e+00  -1.068597452074665526e-07   0.000000000000000000e+00  -4.501707836839361132e-08
 -5.200000000000000000e+04  -5.080033737377106445e+05   0.000000000000000000e+00  -1.236908125412102709e-07   0.000000000000000000e+00  -5.557210806190182715e-08
 -5.000000000000000000e+04  -4.954577658649319783e+05   0.000000000000000000e+00  -1.527945331391420884e-07   0.000000000000000000e+00  -8.560860509654259746e-08
 -4.800000000000000000e+04  -4.822157219099623035e+05   0.000000000000000000e+00  -2.035507205674629575e-07   0.000000000000000000e+00  -1.827337803543902965e-07
 -4.600000000000000000e+04  -4.680288716895735124e+05   0.000000000000000000e+00  -1.306160954545735556e-07   0.000000000000000000e+00  -7.286887875611695873e-07
 -4.400000000000000000e+04  -4.524344917946599890e+05   0.000000000000000000e+00   1.119905908899874998e-05   0.000000000000000000e+00  -1.826639248503195833e-07
 -4.200000000000000000e+04  -4.344617979801273905e+05   0.000000000000000000e+00  -2.409956025534856772e-03   0.000000000000000000e+00   2.388573581731163412e-03
 -4.000000000000000000e+04  -3.582950345575199462e+05   0.000000000000000000e+00  -1.895029769109588536e+00   0.000000000000000000e+00  -5.619449141390941077e+04
 -3.800000000000000000e+04  -3.488958166921917000e+05   0.000000000000000000e+00  -2.610145578186313209e+00   0.000000000000000000e+00  -5.593325404162635823e+04
 -3.600000000000000000e+04  -3.395187321719043539e+05   0.000000000000000000e+00  -2.391010166411864812e+00   0.000000000000000000e+00  -5.562349196082141862e+04
 -3.400000000000000000e+04  -3.301536036171494052e+05   0.000000000000000000e+00  -1.858049227693554073e+00   0.000000000000000000e+00  -5.526351841976938158e+04
 -3.200000000000000000e+04  -3.207901619514551130e+05   0.000000000000000000e+00  -7.141743240529212500e-01   0.000000000000000000e+00  -5.485294854094418406e+04
 -3.000000000000000000e+04  -3.114179331020683749e+05   0.000000000000000000e+00   1.147669094419380587e+00   0.000000000000000000e+00  -5.438999430414780363e+04
 -2.800000000000000000e+04  -3.020258433573934599e+05   0.000000000000000000e+00   2.546988497121036144e+00   0.000000000000000000e+00  -5.387181026901672885e+04
 -2.600000000000000000e+04  -2.926017177886823192e+05   0.000000000000000000e+00   1.216474661081336839e+00   0.000000000000000000e+00  -5.329905333999630238e+04
 -2.400000000000000000e+04  -2.831322200611779117e+05   0.000000000000000000e+00  -2.509202557048860083e+00   0.000000000000000000e+00  -5.266739850512152043e+04
 -2.200000000000000000e+04  -2.736002511188660865e+05   0.000000000000000000e+00  -9.363726181330553899e-01   0.000000000000000000e+00  -5.196746009139416856e+04
 -2.000000000000000000e+04  -2.639864077311085421e+05   0.000000000000000000e+00   1.175597991088938699e+00   0.000000000000000000e+00  -5.119714111378110829e+04
 -1.800000000000000000e+04  -2.542650770101960807e+05   0.000000000000000000e+00   2.222756897095143902e+00   0.000000000000000000e+00  -5.034380751288896136e+04
 -1.600000000000000000e+04  -2.444012688569359016e+05   0.000000000000000000e+00   2.512313660625442147e+00   0.000000000000000000e+00  -4.939043063650293334e+04
 -1.400000000000000000e+04  -2.343444017454380810e+05   0.000000000000000000e+00   2.546163014618474829e+00   0.000000000000000000e+00  -4.831283446361248934e+04
 -1.200000000000000000e+04  -2.240148705945358670e+05   0.000000000000000000e+00   2.571442583559892192e+00   0.000000000000000000e+00  -4.707186335187561781e+04
 -1.000000000000000000e+04  -2.132712199329727446e+05   0.000000000000000000e+00   2.569519126292152400e+00   0.000000000000000000e+00  -4.559653554319039540e+04
 -8.000000000000000000e+03  -2.018036673367850599e+05   0.000000000000000000e+00   2.923931780042644313e+00   0.000000000000000000e+00  -4.372656246331184957e+04
 -6.000000000000000000e+03  -1.885330419864506985e+05   0.000000000000000000e+00   1.122211355743949618e-01   0.000000000000000000e+00  -4.090152984022843157e+04
 -4.000000000000000000e+03  -8.430883229778392706e+04   0.000000000000000000e+00   3.243355334971879333e+00   0.000000000000000000e+00   1.069813019039507207e+00
 -2.000000000000000000e+03  -7.410819388381580939e+04   0.000000000000000000e+00  -5.711065830693918821e-01   0.000000000000000000e+00   6.033804257102435287e-01
  0.000000000000000000e+00  -6.404088640987321560e+04   0.000000000000000000e+00  -8.448432065560529391e-02   0.000000000000000000e+00  -1.859329541508918660e-01
  2.000000000000000000e+03  -5.409502724164289975e+04   0.000000000000000000e+00   4.990172095119271845e-02   0.000000000000000000e+00  -5.088622369569733433e-03
  4.000000000000000000e+03  -4.426115441683080280e+04   0.000000000000000000e+00  -2.254297230447471160e-03   0.000000000000000000e+00   1.225341820460416030e-02
  6.000000000000000000e+03  -3.453069521609956428e+04   0.000000000000000000e+00  -2.844478080534340158e-03   0.000000000000000000e+00  -1.276371547386719171e-03
  8.000000000000000000e+03  -2.489615014887494181e+04   0.000000000000000000e+00   4.512609897719366508e-04   0.000000000000000000e+00  -6.383501964284949825e-04
  1.000000000000000000e+04  -1.535081481177489513e+04   0.000000000000000000e+00   1.409229326512658452e-04   0.000000000000000000e+00   1.373172572559942307e-04
  1.200000000000000000e+04  -5.888603258841391835e+03   0.000000000000000000e+00  -3.913345881628054102e-05   0.000000000000000000e+00   3.086735840005783556e-05
  1.400000000000000000e+04   3.495991183533247295e+03   0.000000000000000000e+00  -6.769420216908106987e-06   0.000000000000000000e+00  -1.078712118149375085e-05
  1.600000000000000000e+04   1.280796516208342473e+04   0.000000000000000000e+00   2.821745970863938578e-06   0.000000000000000000e+00  -1.495677567373815517e-06
  1.800000000000000000e+04   2.205190957930486547e+04   0.000000000000000000e+00   2.742061386455745630e-07   0.000000000000000000e+00   7.355976338853397864e-07
  2.000000000000000000e+04   3.123200557620738982e+04   0.000000000000000000e+00  -2.474692868914504376e-07   0.000000000000000000e+00   4.769076354380602518e-08
  2.200000000000000000e+04   4.035212853270054620e+04   0.000000000000000000e+00  -6.451909144601754268e-08   0.000000000000000000e+00  -7.441939700333358786e-08
  2.400000000000000000e+04   4.941586605746133864e+04   0.000000000000000000e+00  -3.559069446614555002e-08   0.000000000000000000e+00  -2.520687924339888105e-08
  2.600000000000000000e+04   5.842656246639029996e+04   0.000000000000000000e+00  -4.917827486578239215e-08   0.000000000000000000e+00  -1.919793617755141710e-08
  2.800000000000000000e+04   6.738728719547332730e+04   0.000000000000000000e+00  -5.031787838317129029e-08   0.000000000000000000e+00  -2.303314032261020308e-08
  3.000000000000000000e+04   7.630105719774059253e+04   0.000000000000000000e+00  -4.987956933802171816e-08   0.000000000000000000e+00  -2.359746321824028366e-08
  3.200000000000000000e+04   8.517059298649197444e+04   0.000000000000000000e+00  -4.935359848384222365e-08   0.000000000000000000e+00  -2.364677298581961002e-08
  3.400000000000000000e+04   9.399841395418622415e+04   0.000000000000000000e+00  -4.935359848384222365e-08   0.000000000000000000e+00  -2.307286207982688293e-08
  3.600000000000000000e+04   1.027870485189111932e+05   0.000000000000000000e+00  -4.952892210190205515e-08   0.000000000000000000e+00  -2.267153536036180309e-08
  3.800000000000000000e+04   1.115387705975050048e+05   0.000000000000000000e+00  -4.944126029287213940e-08   0.000000000000000000e+00  -2.288521101987222066e-08
  4.000000000000000000e+04   1.202558062104955170e+05   0.000000000000000000e+00  -4.987956933802171816e-08   0.000000000000000000e+00  -2.252223634185773020e-08
  4.200000000000000000e+04   1.289403856659987650e+05   0.000000000000000000e+00  -4.996723114705163391e-08   0.000000000000000000e+00  -2.226472977783235475e-08
  4.400000000000000000e+04   1.375945541831675800e+05   0.000000000000000000e+00  -4.935359848384222365e-08   0.000000000000000000e+00  -2.239074362831285657e-08
  4.600000000000000000e+04   1.462201652514469752e+05   0.000000000000000000e+00  -4.996723114705163391e-08   0.000000000000000000e+00  -2.248799344770541884e-08
  4.800000000000000000e+04   1.548192635022583418e+05   0.000000000000000000e+00  -4.979190752899180241e-08   0.000000000000000000e+00  -2.274686972749688807e-08
  5.000000000000000000e+04   1.633937061994474789e+05   0.000000000000000000e+00  -4.952892210190205515e-08   0.000000000000000000e+00  -2.240854993327205914e-08
  5.200000000000000000e+04   1.719454545767938544e+05   0.000000000000000000e+00  -4.970424571996188666e-08   0.000000000000000000e+00  -2.254689122564739173e-08
  5.400000000000000000e+04   1.804761839515381143e+05   0.000000000000000000e+00  -4.961658391093197090e-08   0.000000000000000000e+00  -2.237430703911974778e-08
  5.600000000000000000e+04   1.889875425029380131e+05   0.000000000000000000e+00  -4.944126029287213940e-08   0.000000000000000000e+00  -2.276878517975436536e-08
  5.800000000000000000e+04   1.974815215040313487e+05   0.000000000000000000e+00  -4.917827486578239215e-08   0.000000000000000000e+00  -2.344679448397011699e-08
  6.000000000000000000e+04   2.059599421478511358e+05   0.000000000000000000e+00  -4.909061305675247640e-08   0.000000000000000000e+00  -2.315367531002633641e-08
  6.200000000000000000e+04   2.144243092217661324e+05   0.000000000000000000e+00  -4.952892210190205515e-08   0.000000000000000000e+00  -2.327558001320856352e-08
  6.400000000000000000e+04   2.228766840583870653e+05   0.000000000000000000e+00  -4.882762762966273576e-08   0.000000000000000000e+00  -2.308518952172171700e-08
  6.600000000000000000e+04   2.313187101658012834e+05   0.000000000000000000e+00  -4.909061305675247640e-08   0.000000000000000000e+00  -2.360979066013511442e-08
  6.800000000000000000e+04   2.397524421029177902e+05   0.000000000000000000e+00  -4.944126029287213940e-08   0.000000000000000000e+00  -2.338789670602814080e-08
  7.000000000000000000e+04   2.481797834775570373e+05   0.000000000000000000e+00  -4.926593667481230790e-08   0.000000000000000000e+00  -2.378100513089666790e-08
  7.200000000000000000e+04   2.566023869666695537e+05   0.000000000000000000e+00  -4.935359848384222365e-08   0.000000000000000000e+00  -2.362211810202994519e-08
  7.400000000000000000e+04   2.650228774873230723e+05   0.000000000000000000e+00  -4.803867134839350062e-08   0.000000000000000000e+00  -2.433779458981323766e-08
  7.600000000000000000e+04   2.734429130877288408e+05   0.000000000000000000e+00  -4.803867134839350062e-08   0.000000000000000000e+00  -2.456379769121848600e-08
  7.800000000000000000e+04   2.818648544791340246e+05   0.000000000000000000e+00  -4.865230401160290426e-08   0.000000000000000000e+00  -2.452407593400180615e-08
  8.000000000000000000e+04   2.902915213107719319e+05   0.000000000000000000e+00  -4.838931858451315701e-08   0.000000000000000000e+00  -2.463844720047052575e-08
  8.200000000000000000e+04   2.987250186032158090e+05   0.000000000000000000e+00  -4.768802411227383762e-08   0.000000000000000000e+00  -2.386044864533002760e-08
  8.400000000000000000e+04   3.071685809595962055e+05   0.000000000000000000e+00  -4.838931858451315701e-08   0.000000000000000000e+00  -2.331872605984047285e-08
  8.600000000000000000e+04   3.156252777699325816e+05   0.000000000000000000e+00  -4.795100953936358487e-08   0.000000000000000000e+00  -2.377278683630011185e-08
  8.800000000000000000e+04   3.240979734336944530e+05   0.000000000000000000e+00  -4.786334773033366912e-08   0.000000000000000000e+00  -2.393852244399729683e-08
  9.000000000000000000e+04   3.325908487239578390e+05   0.000000000000000000e+00  -4.786334773033366912e-08   0.000000000000000000e+00  -2.343378218419223768e-08
  9.200000000000000000e+04   3.411077718052377459e+05   0.000000000000000000e+00  -4.803867134839350062e-08   0.000000000000000000e+00  -2.262085587701638294e-08
  9.400000000000000000e+04   3.496534038924698834e+05   0.000000000000000000e+00  -4.882762762966273576e-08   0.000000000000000000e+00  -2.200722321380697930e-08
  9.600000000000000000e+04   3.582330311708352529e+05   0.000000000000000000e+00  -4.821399496645332551e-08   0.000000000000000000e+00  -2.187025163719773387e-08
  9.800000000000000000e+04   3.668532336666248157e+05   0.000000000000000000e+00  -4.751270049421400612e-08   0.000000000000000000e+00  -2.230993039811340310e-08
  1.000000000000000000e+05   3.755206902417432284e+05   0.000000000000000000e+00  -4.803867134839350062e-08   0.000000000000000000e+00  -2.275988202727476407e-08
  1.020000000000000000e+05   3.842439717646347126e+05   0.000000000000000000e+00  -4.803867134839350062e-08   0.000000000000000000e+00  -2.226609949359844522e-08
  1.040000000000000000e+05   3.930331948527179193e+05   0.000000000000000000e+00  -4.777568592130375337e-08   0.000000000000000000e+00  -2.181203871713880622e-08
  1.060000000000000000e+05   4.019007042372310534e+05   0.000000000000000000e+00  -4.742503868518409037e-08   0.000000000000000000e+00  -2.188651701192008383e-08
  1.080000000000000000e+05   4.108620309498002171e+05   0.000000000000000000e+00  -4.803867134839350062e-08   0.000000000000000000e+00  -2.152525447861320481e-08
  1.100000000000000000e+05   4.199369889865441946e+05   0.000000000000000000e+00  -4.768802411227383762e-08   0.000000000000000000e+00  -2.157216724360187120e-08
  1.120000000000000000e+05   4.291517558424175950e+05   0.000000000000000000e+00  -4.672374421294477098e-08   0.000000000000000000e+00  -2.256024595436679531e-08
  1.140000000000000000e+05   4.385434099358678213e+05   0.000000000000000000e+00  -4.593478793167553584e-08   0.000000000000000000e+00  -2.193206006114265645e-08
  1.160000000000000000e+05   4.481588764617802226e+05   0.000000000000000000e+00  -4.593478793167553584e-08   0.000000000000000000e+00  -2.144290031817689872e-08
  1.180000000000000000e+05   4.580801654937905842e+05   0.000000000000000000e+00  -4.505816984137638494e-08   0.000000000000000000e+00  -2.173858770918210142e-08
  1.200000000000000000e+05   4.684369271964075742e+05   0.000000000000000000e+00  -4.470752260525672194e-08   0.000000000000000000e+00  -2.133863070548311205e-08
  1.220000000000000000e+05   4.794821917692639399e+05   0.000000000000000000e+00  -4.409388994204731830e-08   0.000000000000000000e+00  -2.038924646511030159e-08
  1.240000000000000000e+05   4.918749888303487096e+05   0.000000000000000000e+00  -4.321727185174816741e-08   0.000000000000000000e+00  -1.893803261093537836e-08
  1.260000000000000000e+05   8.495706139618074521e+05   0.000000000000000000e+00  -1.236031507321803485e-08   0.000000000000000000e+00  -1.400123456099675935e-08
  1.280000000000000000e+05   8.575886468209523009e+05   0.000000000000000000e+00  -1.446419848993599798e-08   0.000000000000000000e+00  -1.597773441146812854e-08
  1.300000000000000000e+05   8.655781303235811647e+05   0.000000000000000000e+00  -1.507783115314540328e-08   0.000000000000000000e+00  -1.554490422938292159e-08
  1.320000000000000000e+05   8.735369169768942520e+05   0.000000000000000000e+00  -1.525315477120523478e-08   0.000000000000000000e+00  -1.619277978674463658e-08
  1.340000000000000000e+05   8.814661140994979069e+05   0.000000000000000000e+00  -1.525315477120523478e-08   0.000000000000000000e+00  -1.586404800288245748e-08
  1.360000000000000000e+05   8.893663576367379865e+05   0.000000000000000000e+00  -1.560380200732489447e-08   0.000000000000000000e+00  -1.604074133670837945e-08
  1.380000000000000000e+05   8.972384497209237888e+05   0.000000000000000000e+00  -1.525315477120523478e-08   0.000000000000000000e+00  -1.604348076824056370e-08
  1.400000000000000000e+05   9.050833594437389402e+05   0.000000000000000000e+00  -1.551614019829497872e-08   0.000000000000000000e+00  -1.593253379118707688e-08
  1.420000000000000000e+05   9.129014811929283896e+05   0.000000000000000000e+00  -1.507783115314540328e-08   0.000000000000000000e+00  -1.559284428119615749e-08
  1.440000000000000000e+05   9.206940241301723290e+05   0.000000000000000000e+00  -1.525315477120523478e-08   0.000000000000000000e+00  -1.554353451361682781e-08
  1.460000000000000000e+05   9.284608350315338466e+05   0.000000000000000000e+00  -1.507783115314540328e-08   0.000000000000000000e+00  -1.580651994070657506e-08
  1.480000000000000000e+05   9.362031275033730781e+05   0.000000000000000000e+00  -1.490250753508557508e-08   0.000000000000000000e+00  -1.604895963130493219e-08
  1.500000000000000000e+05   9.439211503765978850e+05   0.000000000000000000e+00  -1.490250753508557508e-08   0.000000000000000000e+00  -1.641604345661770398e-08
