  3.000000000000000000e+05   8.473586323206154630e+05   0.000000000000000000e+00  -1.874798454839005576e-11   0.000000000000000000e+00   2.054573649138636195e-11
  2.980000000000000000e+05   8.472777207388594979e+05   0.000000000000000000e+00   2.553770840452789148e-11   0.000000000000000000e+00  -3.561260991840302824e-11
  2.960000000000000000e+05   8.471959540254287422e+05   0.000000000000000000e+00  -3.382020842761801941e-11   0.000000000000000000e+00   6.163720947415908422e-12
  2.940000000000000000e+05   8.471134115918539464e+05   0.000000000000000000e+00   1.027821869790447995e-11   0.000000000000000000e+00  -6.848578830462120582e-13
  2.920000000000000000e+05   8.470301006632026983e+05   0.000000000000000000e+00  -1.015194802571783356e-10   0.000000000000000000e+00  -8.560723538077650596e-11
  2.900000000000000000e+05   8.469459950466991868e+05   0.000000000000000000e+00  -8.721237104416606205e-11   0.000000000000000000e+00  -5.204919911151211521e-11
  2.880000000000000000e+05   8.468610684129069559e+05   0.000000000000000000e+00  -3.822898104972801100e-11   0.000000000000000000e+00   9.588010362646969016e-12
  2.860000000000000000e+05   8.467753438744214363e+05   0.000000000000000000e+00  -7.077043139884568418e-11   0.000000000000000000e+00  -1.369715766092424116e-12
  2.840000000000000000e+05   8.466887946777358884e+05   0.000000000000000000e+00  -1.466558951116927403e-11   0.000000000000000000e+00   7.875865655031438962e-11
  2.820000000000000000e+05   8.466013938852197025e+05   0.000000000000000000e+00  -8.195822697267090709e-11   0.000000000000000000e+00   9.108609844514620161e-11
  2.800000000000000000e+05   8.465131644460877869e+05   0.000000000000000000e+00  -3.001068645317346105e-11   0.000000000000000000e+00   5.067948334541969452e-11
  2.780000000000000000e+05   8.464240789986868622e+05   0.000000000000000000e+00  -9.935789756381373806e-11   0.000000000000000000e+00   7.122521983680605647e-11
  2.760000000000000000e+05   8.463341267855941551e+05   0.000000000000000000e+00   3.226322683413014760e-12   0.000000000000000000e+00   3.355803626926439075e-11
  2.740000000000000000e+05   8.462432968784339027e+05   0.000000000000000000e+00   4.359013416544913895e-11   0.000000000000000000e+00   1.164258401178560489e-11
  2.720000000000000000e+05   8.461515781817857642e+05   0.000000000000000000e+00   9.724981939256211407e-11   0.000000000000000000e+00  -3.081860473707954292e-11
  2.700000000000000000e+05   8.460589594304292696e+05   0.000000000000000000e+00  -2.541464800366802399e-12   0.000000000000000000e+00   3.835204145058787606e-11
  2.680000000000000000e+05   8.459654291865117848e+05   0.000000000000000000e+00  -5.096840776482980997e-11   0.000000000000000000e+00   9.177095632819241842e-11
  2.660000000000000000e+05   8.458709758367053000e+05   0.000000000000000000e+00  -1.037666701859237167e-10   0.000000000000000000e+00   9.314067209428483910e-11
  2.640000000000000000e+05   8.457755875893532066e+05   0.000000000000000000e+00  -7.538787165719630502e-11   0.000000000000000000e+00   1.554627394514901288e-10
  2.620000000000000000e+05   8.456792524716081098e+05   0.000000000000000000e+00  -1.294274389913114862e-11   0.000000000000000000e+00   1.787479074750613451e-10
  2.600000000000000000e+05   8.455819583265521796e+05   0.000000000000000000e+00  -3.844834959039124788e-11   0.000000000000000000e+00   2.595611376745143592e-10
  2.580000000000000000e+05   8.454836928103073733e+05   0.000000000000000000e+00  -5.252538935831768339e-11   0.000000000000000000e+00   2.979131791251022418e-10
  2.560000000000000000e+05   8.453844433891271474e+05   0.000000000000000000e+00  -1.541037245898203029e-10   0.000000000000000000e+00   2.588762797914681424e-10
  2.540000000000000000e+05   8.452842131171047222e+05   0.000000000000000000e+00  -7.302832223201366001e-11   0.000000000000000000e+00   3.794112672076014727e-10
  2.520000000000000000e+05   8.451829573890590109e+05   0.000000000000000000e+00  -1.418190863126788826e-10   0.000000000000000000e+00   4.184481665412355721e-10
  2.500000000000000000e+05   8.450806789813624928e+05   0.000000000000000000e+00  -1.048795642458738126e-10   0.000000000000000000e+00   3.835204145058787219e-10
  2.480000000000000000e+05   8.449773799572045682e+05   0.000000000000000000e+00  -9.104864527966711365e-11   0.000000000000000000e+00   2.753128689845772423e-10
  2.460000000000000000e+05   8.448730158275503200e+05   0.000000000000000000e+00  -1.384161987062930139e-10   0.000000000000000000e+00   2.787371583998083263e-10
  2.440000000000000000e+05   8.447675883906611707e+05   0.000000000000000000e+00  -2.110699892835157814e-10   0.000000000000000000e+00   1.869662020716158950e-10
  2.420000000000000000e+05   8.446610986661342904e+05   0.000000000000000000e+00  -2.149383662322846042e-10   0.000000000000000000e+00   2.609308534406067928e-10
  2.400000000000000000e+05   8.445535023052108008e+05   0.000000000000000000e+00  -2.711555676163982976e-10   0.000000000000000000e+00   2.328516802357121107e-10
  2.380000000000000000e+05   8.444448147705479059e+05   0.000000000000000000e+00  -2.274477235023005780e-10   0.000000000000000000e+00   2.438094063644514761e-10
  2.360000000000000000e+05   8.443349918314387323e+05   0.000000000000000000e+00  -1.074424308550858088e-10   0.000000000000000000e+00   2.383305433000817934e-10
  2.340000000000000000e+05   8.442240478817032417e+05   0.000000000000000000e+00  -8.877470308986523929e-11   0.000000000000000000e+00   2.109362279782333022e-10
  2.320000000000000000e+05   8.441119388598809019e+05   0.000000000000000000e+00  -5.654892942121418126e-11   0.000000000000000000e+00   2.410699748322666606e-10
  2.300000000000000000e+05   8.439986780111896805e+05   0.000000000000000000e+00  -2.228463346005838428e-10   0.000000000000000000e+00   2.150453752765105772e-10
  2.280000000000000000e+05   8.438842353308845777e+05   0.000000000000000000e+00  -3.462331130453393042e-10   0.000000000000000000e+00   2.123059437443257358e-10
  2.260000000000000000e+05   8.437685949784215773e+05   0.000000000000000000e+00  -3.078917724991740035e-10   0.000000000000000000e+00   4.369393293834832707e-10
  2.240000000000000000e+05   8.436517273404834559e+05   0.000000000000000000e+00  -7.029959160425141336e-11   0.000000000000000000e+00   4.081752982955423717e-10
  2.220000000000000000e+05   8.435336432310267119e+05   0.000000000000000000e+00  -1.602406932761797221e-10   0.000000000000000000e+00   4.602244974070544869e-10
  2.200000000000000000e+05   8.434143123073105235e+05   0.000000000000000000e+00  -1.166933627284209620e-10   0.000000000000000000e+00   4.177633086581893553e-10
  2.180000000000000000e+05   8.432937176836979343e+05   0.000000000000000000e+00  -9.707860492180055987e-11   0.000000000000000000e+00   3.889992775702484563e-10
  2.160000000000000000e+05   8.431718421811530134e+05   0.000000000000000000e+00  -1.858105043939754074e-10   0.000000000000000000e+00   5.259708541794908865e-10
  2.140000000000000000e+05   8.430486683435869636e+05   0.000000000000000000e+00  -2.002781271733266404e-10   0.000000000000000000e+00   5.259708541794908865e-10
  2.120000000000000000e+05   8.429241784332185052e+05   0.000000000000000000e+00  -2.058211956642319173e-10   0.000000000000000000e+00   5.150131280507514176e-10
  2.100000000000000000e+05   8.427983544259298360e+05   0.000000000000000000e+00  -2.233278752996007213e-10   0.000000000000000000e+00   4.780308023662560204e-10
  2.080000000000000000e+05   8.426711780066203792e+05   0.000000000000000000e+00  -3.444300106501316619e-10   0.000000000000000000e+00   5.136434122846589840e-10
  2.060000000000000000e+05   8.425426305645642569e+05   0.000000000000000000e+00  -2.215622260698721927e-10   0.000000000000000000e+00   5.369285803082302520e-10
  2.040000000000000000e+05   8.424126931887785904e+05   0.000000000000000000e+00  -2.571213314661622474e-10   0.000000000000000000e+00   4.930976757932726867e-10
  2.020000000000000000e+05   8.422813574435319752e+05   0.000000000000000000e+00  -1.820009824195308620e-10   0.000000000000000000e+00   5.917172109519271827e-10
  2.000000000000000000e+05   8.421485818296960788e+05   0.000000000000000000e+00  -1.809201910728485502e-10   0.000000000000000000e+00   4.424181924478530051e-10
  1.980000000000000000e+05   8.420143576782819582e+05   0.000000000000000000e+00  -1.669876135146271822e-10   0.000000000000000000e+00   4.177633086581893553e-10
  1.960000000000000000e+05   8.418787771953998599e+05   0.000000000000000000e+00  -6.292131800487073265e-12   0.000000000000000000e+00   3.164043419673499404e-10
  1.940000000000000000e+05   8.417416323981259484e+05   0.000000000000000000e+00  -2.993042967000398777e-11   0.000000000000000000e+00   3.972175721668030062e-10
  1.920000000000000000e+05   8.416029604843603447e+05   0.000000000000000000e+00  -5.047616616139034972e-11   0.000000000000000000e+00   2.643551428558378252e-10
  1.900000000000000000e+05   8.414627585282165091e+05   0.000000000000000000e+00  -6.655962550855372711e-11   0.000000000000000000e+00   2.985980370081484586e-10
  1.880000000000000000e+05   8.413210048751345603e+05   0.000000000000000000e+00  -1.207169027913174792e-10   0.000000000000000000e+00   4.437879082139453870e-10
  1.860000000000000000e+05   8.411776774996347958e+05   0.000000000000000000e+00  -8.769391174318292759e-11   0.000000000000000000e+00   4.848793811967180851e-10
  1.840000000000000000e+05   8.410327346181229223e+05   0.000000000000000000e+00  -1.969287440890537582e-10   0.000000000000000000e+00   3.561260991840302565e-10
  1.820000000000000000e+05   8.408861922646724852e+05   0.000000000000000000e+00  -2.542855917941739890e-10   0.000000000000000000e+00   3.698232568449544892e-10
  1.800000000000000000e+05   8.407379889589401428e+05   0.000000000000000000e+00  -8.246116948053297498e-11   0.000000000000000000e+00   3.711929726110469228e-10
  1.780000000000000000e+05   8.405881204605196835e+05   0.000000000000000000e+00  -1.287425811082652726e-10   0.000000000000000000e+00   4.150238771260044881e-10
  1.760000000000000000e+05   8.404365628059625160e+05   0.000000000000000000e+00  -1.374959209259496617e-10   0.000000000000000000e+00   3.958478564007105726e-10
  1.740000000000000000e+05   8.402832916052056244e+05   0.000000000000000000e+00  -5.551629214443356516e-11   0.000000000000000000e+00   4.972068230915499875e-10
  1.720000000000000000e+05   8.401282820457464550e+05   0.000000000000000000e+00  -1.260673550026159995e-10   0.000000000000000000e+00   5.437771591386923166e-10
  1.700000000000000000e+05   8.399715088807491120e+05   0.000000000000000000e+00  -9.733542662794288471e-11   0.000000000000000000e+00   5.944566424841120499e-10
  1.680000000000000000e+05   8.398129464165088721e+05   0.000000000000000000e+00  -1.181807884431619762e-10   0.000000000000000000e+00   7.533436713508332111e-10
  1.660000000000000000e+05   8.396525524136060849e+05   0.000000000000000000e+00  -2.283680012826439302e-10   0.000000000000000000e+00   6.766395884496575494e-10
  1.640000000000000000e+05   8.394903328383082990e+05   0.000000000000000000e+00  -3.711287671845113287e-10   0.000000000000000000e+00   5.492560222030620510e-10
  1.620000000000000000e+05   8.393262289548979606e+05   0.000000000000000000e+00  -5.739537096104160798e-10   0.000000000000000000e+00   6.286995366364226833e-10
  1.600000000000000000e+05   8.391602292697505327e+05   0.000000000000000000e+00  -5.124128082760603722e-10   0.000000000000000000e+00   9.012729740888150067e-10
  1.580000000000000000e+05   8.389923200317602605e+05   0.000000000000000000e+00  -5.718670332480096840e-10   0.000000000000000000e+00   9.848256358204528364e-10
  1.560000000000000000e+05   8.388224437590697780e+05   0.000000000000000000e+00  -5.170355989866223227e-10   0.000000000000000000e+00   9.108609844514620420e-10
  1.540000000000000000e+05   8.386505860958037665e+05   0.000000000000000000e+00  -3.551630177859965513e-10   0.000000000000000000e+00   9.971530777152848423e-10
  1.520000000000000000e+05   8.384767175006774487e+05   0.000000000000000000e+00  -4.454251465906027790e-10   0.000000000000000000e+00   9.683890466273438399e-10
  1.500000000000000000e+05   8.383007957074163714e+05   0.000000000000000000e+00  -2.987585505744873922e-10   0.000000000000000000e+00   8.560723538077650079e-10
  1.480000000000000000e+05   8.381228149664741941e+05   0.000000000000000000e+00  -4.814015872593740921e-10   0.000000000000000000e+00   8.916849637261680749e-10
  1.460000000000000000e+05   8.379427202997462591e+05   0.000000000000000000e+00  -5.143389710721278860e-10   0.000000000000000000e+00   9.820862042882681760e-10
  1.440000000000000000e+05   8.377603208094803849e+05   0.000000000000000000e+00  -5.969499532145771741e-10   0.000000000000000000e+00   1.325884861577466427e-09
  1.420000000000000000e+05   8.375758791998395463e+05   0.000000000000000000e+00  -4.904973560185815379e-10   0.000000000000000000e+00   1.202610442629148436e-09
  1.400000000000000000e+05   8.373892584448925918e+05   0.000000000000000000e+00  -3.773245908451950253e-10   0.000000000000000000e+00   1.128645791260157435e-09
  1.380000000000000000e+05   8.372004227899925318e+05   0.000000000000000000e+00  -5.297375725362450531e-10   0.000000000000000000e+00   1.342321450770575630e-09
  1.360000000000000000e+05   8.370093164892182685e+05   0.000000000000000000e+00  -5.876401663669176789e-10   0.000000000000000000e+00   1.368346050326331765e-09
  1.340000000000000000e+05   8.368159053440480493e+05   0.000000000000000000e+00  -3.747777755926169405e-10   0.000000000000000000e+00   1.299860262021710498e-09
  1.320000000000000000e+05   8.366201545452971477e+05   0.000000000000000000e+00  -4.001496199785946042e-10   0.000000000000000000e+00   1.177955558839484631e-09
  1.300000000000000000e+05   8.364220465229833499e+05   0.000000000000000000e+00  -5.983089680762469742e-10   0.000000000000000000e+00   1.067008581785998439e-09
  1.280000000000000000e+05   8.362215258665961446e+05   0.000000000000000000e+00  -5.976241101932008091e-10   0.000000000000000000e+00   1.098512044406124102e-09
  1.260000000000000000e+05   8.360185398003801238e+05   0.000000000000000000e+00  -7.255855252786164479e-10   0.000000000000000000e+00   1.001262225013562040e-09
  1.240000000000000000e+05   8.358130995849282481e+05   0.000000000000000000e+00  -8.097374376579197883e-10   0.000000000000000000e+00   1.094402897107846905e-09
  1.220000000000000000e+05   8.356051187352426350e+05   0.000000000000000000e+00  -1.084119327957731071e-09   0.000000000000000000e+00   1.223156179120534630e-09
  1.200000000000000000e+05   8.353945885683817323e+05   0.000000000000000000e+00  -1.108185662004151895e-09   0.000000000000000000e+00   1.502578195403389225e-09
  1.180000000000000000e+05   8.351814544810279040e+05   0.000000000000000000e+00  -1.033290031950395089e-09   0.000000000000000000e+00   1.472444448549355892e-09
  1.160000000000000000e+05   8.349656765998358605e+05   0.000000000000000000e+00  -1.074649027543732694e-09   0.000000000000000000e+00   1.488881037742464889e-09
  1.140000000000000000e+05   8.347474212868373143e+05   0.000000000000000000e+00  -8.351306838527426156e-10   0.000000000000000000e+00   1.403958660244734625e-09
  1.120000000000000000e+05   8.345262940318464534e+05   0.000000000000000000e+00  -9.304329386403920006e-10   0.000000000000000000e+00   1.114948633599233305e-09
  1.100000000000000000e+05   8.343023842244609259e+05   0.000000000000000000e+00  -9.328727448487442675e-10   0.000000000000000000e+00   1.453268427824062028e-09
  1.080000000000000000e+05   8.340756482943436131e+05   0.000000000000000000e+00  -7.896304382478599131e-10   0.000000000000000000e+00   1.329994008875743831e-09
  1.060000000000000000e+05   8.338460640776635846e+05   0.000000000000000000e+00  -8.428567368458577312e-10   0.000000000000000000e+00   1.512166205766036157e-09
  1.040000000000000000e+05   7.970209481852459721e+05   0.000000000000000000e+00  -1.972390703173090695e-10   0.000000000000000000e+00   1.955954113979981544e-09
  1.020000000000000000e+05   7.901301783643706003e+05   0.000000000000000000e+00   6.574635677243636081e-11   0.000000000000000000e+00   1.946366103617334612e-09
  1.000000000000000000e+05   7.830869144540554844e+05   0.000000000000000000e+00  -1.095772612873939293e-11   0.000000000000000000e+00   1.690229255358051285e-09
  9.800000000000000000e+04   7.758913355777158868e+05   0.000000000000000000e+00  -1.205349874161333303e-10   0.000000000000000000e+00   1.427243828268305893e-09
  9.600000000000000000e+04   7.685545427031063009e+05   0.000000000000000000e+00   1.972390703173090695e-10   0.000000000000000000e+00   1.299860262021710498e-09
  9.400000000000000000e+04   7.610780161096388474e+05   0.000000000000000000e+00   4.602244974070544869e-10   0.000000000000000000e+00   1.435462122864860495e-09
  9.200000000000000000e+04   7.534712603655902203e+05   0.000000000000000000e+00   9.642798993290666425e-10   0.000000000000000000e+00   1.030026256101502835e-09
  9.000000000000000000e+04   7.457294537409162149e+05   0.000000000000000000e+00   5.478863064369696174e-10   0.000000000000000000e+00   1.266987083635492298e-09
  8.800000000000000000e+04   7.378596076734022936e+05   0.000000000000000000e+00   6.136326632094060170e-10   0.000000000000000000e+00   8.903152479600756413e-10
  8.600000000000000000e+04   7.298650856818474131e+05   0.000000000000000000e+00   2.629854270897454433e-10   0.000000000000000000e+00   5.506257379691544847e-10
  8.400000000000000000e+04   7.217433129329415970e+05   0.000000000000000000e+00   5.259708541794908865e-10   0.000000000000000000e+00   6.232206735720529489e-10
  8.200000000000000000e+04   7.135073095910984557e+05   0.000000000000000000e+00   2.849008793472242259e-10   0.000000000000000000e+00   1.013589666908393890e-10
  8.000000000000000000e+04   7.051556707597310888e+05   0.000000000000000000e+00   1.314927135448727216e-10   0.000000000000000000e+00   1.205349874161333303e-10
  7.800000000000000000e+04   6.966907346538440324e+05   0.000000000000000000e+00   4.163935928920969217e-10   0.000000000000000000e+00  -1.999785018494939109e-10
  7.600000000000000000e+04   6.881146404768588254e+05   0.000000000000000000e+00   4.383090451495757043e-10   0.000000000000000000e+00   1.287532820126878544e-10
  7.400000000000000000e+04   6.794355495327812387e+05   0.000000000000000000e+00   2.629854270897454433e-10   0.000000000000000000e+00  -2.438094063644514761e-10
  7.200000000000000000e+04   6.706441692607693840e+05   0.000000000000000000e+00   3.287317838621817911e-10   0.000000000000000000e+00  -6.437664100634392721e-11
  7.000000000000000000e+04   6.617462901512923418e+05   0.000000000000000000e+00   1.314927135448727216e-10   0.000000000000000000e+00  -1.191652716500408967e-10
  6.800000000000000000e+04   6.527427898294603219e+05   0.000000000000000000e+00  -5.259708541794908865e-10   0.000000000000000000e+00  -4.547456343426848042e-10
  6.600000000000000000e+04   6.436295389436832629e+05   0.000000000000000000e+00   0.000000000000000000e+00   0.000000000000000000e+00  -1.064269150253813572e-09
  6.400000000000000000e+04   6.344147204000500496e+05   0.000000000000000000e+00   8.766180902991514344e-11   0.000000000000000000e+00  -7.519739555847407774e-10
  6.200000000000000000e+04   6.250947164389052195e+05   0.000000000000000000e+00   0.000000000000000000e+00   0.000000000000000000e+00  -1.036874834931965107e-09
  6.000000000000000000e+04   6.156689403012009570e+05   0.000000000000000000e+00  -1.534081658023515043e-10   0.000000000000000000e+00  -1.301229977787802828e-09
  5.800000000000000000e+04   6.061364032472175313e+05   0.000000000000000000e+00  -5.917172109519271827e-10   0.000000000000000000e+00  -1.799806516645445353e-09
  5.600000000000000000e+04   5.964958433778668987e+05   0.000000000000000000e+00  -9.423644470715877048e-10   0.000000000000000000e+00  -1.994306155430569685e-09
  5.400000000000000000e+04   5.867456845796381822e+05   0.000000000000000000e+00  -1.073857160616460504e-09   0.000000000000000000e+00  -1.675162381931034619e-09
  5.200000000000000000e+04   5.768885878130383790e+05   0.000000000000000000e+00  -1.358758039963684626e-09   0.000000000000000000e+00  -1.540930236853977159e-09
  5.000000000000000000e+04   5.669135375923051033e+05   0.000000000000000000e+00  -1.336842587706205896e-09   0.000000000000000000e+00  -1.947735819383427149e-09
  4.800000000000000000e+04   5.568216375297787599e+05   0.000000000000000000e+00  -1.139603517388896904e-09   0.000000000000000000e+00  -1.880619746844898212e-09
  4.600000000000000000e+04   5.466097990159816109e+05   0.000000000000000000e+00  -1.183434421903854365e-09   0.000000000000000000e+00  -2.308655923748780664e-09
  4.400000000000000000e+04   5.362745838639868889e+05   0.000000000000000000e+00  -1.534081658023514887e-09   0.000000000000000000e+00  -2.986665227964530647e-09
  4.200000000000000000e+04   5.258120386529662646e+05   0.000000000000000000e+00  -1.972390703173090747e-09   0.000000000000000000e+00  -2.640127139143147323e-09
  4.000000000000000000e+04   5.152179423131467192e+05   0.000000000000000000e+00  -2.366868843807708731e-09   0.000000000000000000e+00  -2.456585226486762667e-09
  3.800000000000000000e+04   5.044835232688917895e+05   0.000000000000000000e+00  -3.418810552166690711e-09   0.000000000000000000e+00  -2.434669774229283729e-09
  3.600000000000000000e+04   4.936116467173135607e+05   0.000000000000000000e+00  -4.032443215376096417e-09   0.000000000000000000e+00  -2.351117112497646003e-09
  3.400000000000000000e+04   4.825934428551196470e+05   0.000000000000000000e+00  -4.383090451495756940e-09   0.000000000000000000e+00  -1.970336129523952148e-09
  3.200000000000000000e+04   4.714233525945870788e+05   0.000000000000000000e+00  -4.865230401160290261e-09   0.000000000000000000e+00  -2.780523005167620992e-09
  3.000000000000000000e+04   4.600955797586034168e+05   0.000000000000000000e+00  -4.646075878585502538e-09   0.000000000000000000e+00  -2.598350808277328460e-09
  2.800000000000000000e+04   4.486041462821044843e+05   0.000000000000000000e+00  -4.295428642465842016e-09   0.000000000000000000e+00  -3.085284763123185454e-09
  2.600000000000000000e+04   4.369430183916315436e+05   0.000000000000000000e+00  -3.857119597316266570e-09   0.000000000000000000e+00  -3.363337063639947305e-09
  2.400000000000000000e+04   4.251063235989154782e+05   0.000000000000000000e+00  -4.383090451495756940e-09   0.000000000000000000e+00  -3.659880526998957371e-09
  2.200000000000000000e+04   4.130883835155479028e+05   0.000000000000000000e+00  -5.785679395974399028e-09   0.000000000000000000e+00  -4.248173448535653005e-09
  2.000000000000000000e+04   4.008879301898267004e+05   0.000000000000000000e+00  -6.311650250153890225e-09   0.000000000000000000e+00  -3.218147192434150376e-09
  1.800000000000000000e+04   3.884932354209219920e+05   0.000000000000000000e+00  -4.514583165040629739e-09   0.000000000000000000e+00  -4.257076601015254288e-09
  1.600000000000000000e+04   3.759048748926082626e+05   0.000000000000000000e+00  -4.558414069555587614e-09   0.000000000000000000e+00  -1.989512150249246012e-09
  1.400000000000000000e+04   3.631214920589440153e+05   0.000000000000000000e+00  -4.163935928920969217e-09   0.000000000000000000e+00  -3.604407038472213965e-09
  1.200000000000000000e+04   3.501440944088785909e+05   0.000000000000000000e+00  -4.689906783100460413e-09   0.000000000000000000e+00  -4.468697686876533678e-09
  1.000000000000000000e+04   3.369766116907721735e+05   0.000000000000000000e+00  -3.418810552166690711e-09   0.000000000000000000e+00  -2.863390809016212657e-09
  8.000000000000000000e+03   3.236264629232488223e+05   0.000000000000000000e+00  -3.681795979256435895e-09   0.000000000000000000e+00  -1.085499744628246035e-09
  6.000000000000000000e+03   3.101054294895924977e+05   0.000000000000000000e+00  -1.753236180598302817e-09   0.000000000000000000e+00  -3.574958149501226901e-10
  4.000000000000000000e+03   2.964298802014698158e+05   0.000000000000000000e+00  -1.227265326418812034e-09   0.000000000000000000e+00  -8.663452220534582082e-10
  2.000000000000000000e+03   2.826212473693451029e+05   0.000000000000000000e+00  -1.797067085113260486e-09   0.000000000000000000e+00  -3.054466158386105749e-10
  0.000000000000000000e+00   2.687059771045991802e+05   0.000000000000000000e+00  -5.303539446309865707e-09   0.000000000000000000e+00   4.972753088798545937e-09
 -2.000000000000000000e+03   2.547148187959922361e+05   0.000000000000000000e+00  -3.068163316047029775e-09   0.000000000000000000e+00   1.402588944478642295e-09
 -4.000000000000000000e+03   2.406820380662399111e+05   0.000000000000000000e+00  -7.144437435938084068e-09   0.000000000000000000e+00   1.842267705394310278e-10
 -6.000000000000000000e+03   2.266438975383247598e+05   0.000000000000000000e+00  -5.654186682429527056e-09   0.000000000000000000e+00   4.235846006640821412e-09
 -8.000000000000000000e+03   2.126369755713097693e+05   0.000000000000000000e+00  -5.215877637279950783e-09   0.000000000000000000e+00   2.342213960018045443e-10
 -1.000000000000000000e+04   1.986962449993191403e+05   0.000000000000000000e+00  -5.698017586944484104e-09   0.000000000000000000e+00   4.403636187987143547e-10
 -1.200000000000000000e+04   1.848535763489774545e+05   0.000000000000000000e+00  -7.801901003662447237e-09   0.000000000000000000e+00   2.533289309387938535e-09
 -1.400000000000000000e+04   1.711363425458594284e+05   0.000000000000000000e+00  -5.829510300489356903e-09   0.000000000000000000e+00  -2.318243934111427596e-09
 -1.600000000000000000e+04   1.575665881750167173e+05   0.000000000000000000e+00  -5.961003014034229702e-09   0.000000000000000000e+00  -2.483979541808610925e-09
 -1.800000000000000000e+04   1.441607318747819518e+05   0.000000000000000000e+00  -5.873341205004314779e-09   0.000000000000000000e+00  -2.408645174673527594e-09
 -2.000000000000000000e+04   1.309258808578599273e+05   0.000000000000000000e+00  -3.637965074741478434e-09   0.000000000000000000e+00  -3.095557631368878447e-09
 -2.200000000000000000e+04   1.178754136623900995e+05   0.000000000000000000e+00  -3.155825125076945112e-09   0.000000000000000000e+00  -2.575065640253757398e-09
 -2.400000000000000000e+04   1.050069134460266796e+05   0.000000000000000000e+00  -2.936670602502157389e-09   0.000000000000000000e+00  -2.109362279782333280e-09
 -2.600000000000000000e+04   9.231816040395613527e+04   0.000000000000000000e+00  -4.689906783100460413e-09   0.000000000000000000e+00  -8.944243952583529421e-10
 -2.800000000000000000e+04   7.980369939134435845e+04   0.000000000000000000e+00  -3.681795979256435895e-09   0.000000000000000000e+00  -1.952529824564750408e-09
 -3.000000000000000000e+04   6.745575119244589587e+04   0.000000000000000000e+00  -4.032443215376096417e-09   0.000000000000000000e+00  -2.307286207982688541e-09
 -3.200000000000000000e+04   5.526448996762705065e+04   0.000000000000000000e+00  -4.032443215376096417e-09   0.000000000000000000e+00  -7.910108549183748768e-10
 -3.400000000000000000e+04   4.321890614886785625e+04   0.000000000000000000e+00  -3.506472361196605634e-09   0.000000000000000000e+00  -1.559421399696224754e-09
 -3.600000000000000000e+04   3.130653775490047701e+04   0.000000000000000000e+00  -2.498361557352581530e-09   0.000000000000000000e+00  -1.801176232411537683e-09
 -3.800000000000000000e+04   1.951405475362957804e+04   0.000000000000000000e+00  -4.470752260525671863e-09   0.000000000000000000e+00  -1.759399901545718820e-09
 -4.000000000000000000e+04   7.827271171889695324e+03   0.000000000000000000e+00  -2.805177888957284590e-09   0.000000000000000000e+00   4.650185025883780045e-10
 -4.200000000000000000e+04  -3.769019894275822935e+03   0.000000000000000000e+00  -3.155825125076945112e-09   0.000000000000000000e+00   7.156764877832915453e-10
 -4.400000000000000000e+04  -1.529116637559849005e+04   0.000000000000000000e+00  -2.191545225747878470e-09   0.000000000000000000e+00  -3.855749881550173723e-10
 -4.600000000000000000e+04  -2.675664559398618076e+04   0.000000000000000000e+00  -2.761346984442327128e-09   0.000000000000000000e+00  -3.239377786808582735e-10
 -4.800000000000000000e+04  -3.818148361703559203e+04   0.000000000000000000e+00  -1.840897989628217948e-09   0.000000000000000000e+00   3.636595358975385897e-10
 -5.000000000000000000e+04  -4.959483958558156155e+04   0.000000000000000000e+00  -2.323037939292751269e-09   0.000000000000000000e+00  -2.260031014052499685e-10
 -5.200000000000000000e+04  -6.101839565541430056e+04   0.000000000000000000e+00  -3.331148743136775373e-09   0.000000000000000000e+00   1.585103570310457858e-09
 -5.400000000000000000e+04  -7.248246605788820307e+04   0.000000000000000000e+00  -2.410699748322666606e-09   0.000000000000000000e+00   1.117688065131417966e-09
 -5.600000000000000000e+04  -8.402483318209863501e+04   0.000000000000000000e+00  -2.323037939292751269e-09   0.000000000000000000e+00   2.250100574748329567e-09
 -5.800000000000000000e+04  -9.569462127987417625e+04   0.000000000000000000e+00  -2.103883416717963546e-09   0.000000000000000000e+00   2.890100266455014750e-10
 -6.000000000000000000e+04  -1.075596260550968727e+05   0.000000000000000000e+00  -2.936670602502157389e-09   0.000000000000000000e+00  -6.006203634315279495e-10
 -6.200000000000000000e+04  -1.197197382786246599e+05   0.000000000000000000e+00  -3.287317838621817911e-09   0.000000000000000000e+00  -1.546751528859869924e-09
 -6.400000000000000000e+04  -1.323371929047618760e+05   0.000000000000000000e+00  -3.068163316047029775e-09   0.000000000000000000e+00  -1.287875249068401730e-09
 -6.600000000000000000e+04  -1.457146673219491204e+05   0.000000000000000000e+00  -3.243486934106860450e-09   0.000000000000000000e+00  -1.945338816792765519e-09
 -6.800000000000000000e+04  -1.605783716217657493e+05   0.000000000000000000e+00  -3.024332411532072313e-09   0.000000000000000000e+00  -2.076489101396114874e-09
 -7.000000000000000000e+04  -1.804808402517486538e+05   0.000000000000000000e+00  -2.454530652837624068e-09   0.000000000000000000e+00  -2.639271066789339539e-09
 -7.200000000000000000e+04  -6.706438762284067925e+05   0.000000000000000000e+00  -3.791373240543829757e-09   0.000000000000000000e+00  -8.862061006617983404e-10
 -7.400000000000000000e+04  -6.794328671262345742e+05   0.000000000000000000e+00  -4.646075878585502538e-09   0.000000000000000000e+00   2.054573649138636195e-11
 -7.600000000000000000e+04  -6.881226913977052318e+05   0.000000000000000000e+00  -4.405005903753235877e-09   0.000000000000000000e+00  -6.574635677243636081e-11
 -7.800000000000000000e+04  -6.966969506979080616e+05   0.000000000000000000e+00  -4.383090451495756940e-09   0.000000000000000000e+00  -9.588010362646968047e-11
 -8.000000000000000000e+04  -7.051603961720102234e+05   0.000000000000000000e+00  -4.098189572148533231e-09   0.000000000000000000e+00  -2.561368482592833269e-10
 -8.200000000000000000e+04  -7.135107902597798966e+05   0.000000000000000000e+00  -4.251597737950884140e-09   0.000000000000000000e+00  -2.054573649138636195e-10
 -8.400000000000000000e+04  -7.217455477708001854e+05   0.000000000000000000e+00  -3.900950501831223618e-09   0.000000000000000000e+00  -6.574635677243635823e-10
 -8.600000000000000000e+04  -7.298575845754421316e+05   0.000000000000000000e+00  -3.616049622483999496e-09   0.000000000000000000e+00  -3.917387091024332718e-10
 -8.800000000000000000e+04  -7.378541661657569930e+05   0.000000000000000000e+00  -3.616049622483999496e-09   0.000000000000000000e+00  -1.013589666908393890e-10
 -9.000000000000000000e+04  -7.457259605282817502e+05   0.000000000000000000e+00  -3.528387813454084572e-09   0.000000000000000000e+00   5.478863064369696465e-12
 -9.200000000000000000e+04  -7.534694638113090768e+05   0.000000000000000000e+00  -3.155825125076945112e-09   0.000000000000000000e+00  -1.342321450770575630e-10
 -9.400000000000000000e+04  -7.610844988864354091e+05   0.000000000000000000e+00  -3.024332411532072313e-09   0.000000000000000000e+00   1.177955558839484631e-10
 -9.600000000000000000e+04  -7.685582375460980693e+05   0.000000000000000000e+00  -2.892839697987199514e-09   0.000000000000000000e+00   8.492237749773028915e-11
 -9.800000000000000000e+04  -7.758925739284172887e+05   0.000000000000000000e+00  -2.750389258313587659e-09   0.000000000000000000e+00   2.972283212420560250e-10
 -1.000000000000000000e+05  -7.830812097995431395e+05   0.000000000000000000e+00  -2.925712876373417920e-09   0.000000000000000000e+00   4.780308023662560204e-10
 -1.020000000000000000e+05  -7.901277353775766678e+05   0.000000000000000000e+00  -3.013374685403332844e-09   0.000000000000000000e+00   2.547671324931908933e-10
 -1.040000000000000000e+05  -7.970263816045123385e+05   0.000000000000000000e+00  -3.079121042175769244e-09   0.000000000000000000e+00   1.301229977787802880e-10
 -1.060000000000000000e+05  -8.037628566966553917e+05   0.000000000000000000e+00  -2.717516079927369253e-09   0.000000000000000000e+00  -1.684750392293681705e-10
 -1.080000000000000000e+05  -8.103408110688602319e+05   0.000000000000000000e+00  -2.805177888957284590e-09   0.000000000000000000e+00   2.547671324931908933e-10
 -1.100000000000000000e+05  -8.167634572016249876e+05   0.000000000000000000e+00  -2.564107914125017930e-09   0.000000000000000000e+00  -5.204919911151211521e-11
 -1.120000000000000000e+05  -8.230190913109037792e+05   0.000000000000000000e+00  -2.268249308649054338e-09   0.000000000000000000e+00  -1.164258401178560553e-10
 -1.140000000000000000e+05  -8.291120639581533615e+05   0.000000000000000000e+00  -1.490250753508557426e-09   0.000000000000000000e+00  -4.999462546237347514e-10
 -1.160000000000000000e+05  -8.349581567811666755e+05   0.000000000000000000e+00  -1.056393284598782001e-09   0.000000000000000000e+00   1.295751114723433094e-09
 -1.180000000000000000e+05  -8.351816289638401940e+05   0.000000000000000000e+00  -1.169651657007549375e-09   0.000000000000000000e+00   1.080705739446922569e-09
 -1.200000000000000000e+05  -8.353949142197472975e+05   0.000000000000000000e+00  -1.194852286922765420e-09   0.000000000000000000e+00   1.028656540335410505e-09
 -1.220000000000000000e+05  -8.356054520402979106e+05   0.000000000000000000e+00  -1.075933136074444370e-09   0.000000000000000000e+00   9.437341628376802418e-10
 -1.240000000000000000e+05  -8.358134035711050965e+05   0.000000000000000000e+00  -1.023273985410844265e-09   0.000000000000000000e+00   9.272975736445711419e-10
 -1.260000000000000000e+05  -8.360188360913721845e+05   0.000000000000000000e+00  -1.220149224977784959e-09   0.000000000000000000e+00   9.519524574342348434e-10
 -1.280000000000000000e+05  -8.362217883934490383e+05   0.000000000000000000e+00  -1.100962551518898899e-09   0.000000000000000000e+00   8.355266173163787105e-10
 -1.300000000000000000e+05  -8.364222985760467127e+05   0.000000000000000000e+00  -1.309212852487060321e-09   0.000000000000000000e+00   7.834774182048665436e-10
 -1.320000000000000000e+05  -8.366204040445459541e+05   0.000000000000000000e+00  -1.321775714279189229e-09   0.000000000000000000e+00   7.889562812692362781e-10
 -1.340000000000000000e+05  -8.368161219686620170e+05   0.000000000000000000e+00  -1.392316076232949095e-09   0.000000000000000000e+00   7.437556609881862792e-10
 -1.360000000000000000e+05  -8.370095063647278585e+05   0.000000000000000000e+00  -1.406751596299032453e-09   0.000000000000000000e+00   9.615404677968817753e-10
 -1.380000000000000000e+05  -8.372005925633517327e+05   0.000000000000000000e+00  -1.495729616572927160e-09   0.000000000000000000e+00   1.084814886745199973e-09
 -1.400000000000000000e+05  -8.373893937892534304e+05   0.000000000000000000e+00  -1.436468007880584527e-09   0.000000000000000000e+00   1.046462845294612039e-09
 -1.420000000000000000e+05  -8.375759863153857877e+05   0.000000000000000000e+00  -1.512283915714684711e-09   0.000000000000000000e+00   1.002631940779654370e-09
 -1.440000000000000000e+05  -8.377603378985144664e+05   0.000000000000000000e+00  -1.505488841406335607e-09   0.000000000000000000e+00   1.058790287189443838e-09
 -1.460000000000000000e+05  -8.379423928518700413e+05   0.000000000000000000e+00  -1.502439083645895403e-09   0.000000000000000000e+00   1.008110803844024104e-09
 -1.480000000000000000e+05  -8.381224856536805164e+05   0.000000000000000000e+00  -1.451545582212023827e-09   0.000000000000000000e+00   9.916742146509151079e-10
 -1.500000000000000000e+05  -8.383004848691123771e+05   0.000000000000000000e+00  -1.427939387055774795e-09   0.000000000000000000e+00   1.073857160616460504e-09
 -1.520000000000000000e+05  -8.384764104753636057e+05   0.000000000000000000e+00  -1.260245513849256155e-09   0.000000000000000000e+00   9.834559200543605062e-10
 -1.540000000000000000e+05  -8.386502793491430348e+05   0.000000000000000000e+00  -1.304825481673795480e-09   0.000000000000000000e+00   8.848363848957060102e-10
 -1.560000000000000000e+05  -8.388221474511610577e+05   0.000000000000000000e+00  -1.324386734958302908e-09   0.000000000000000000e+00   8.492237749773029432e-10
 -1.580000000000000000e+05  -8.389920456167414086e+05   0.000000000000000000e+00  -1.304022913842100656e-09   0.000000000000000000e+00   9.272975736445711419e-10
 -1.600000000000000000e+05  -8.391599743756528478e+05   0.000000000000000000e+00  -1.361946909481618653e-09   0.000000000000000000e+00   1.071117729084275637e-09
 -1.620000000000000000e+05  -8.393259758580812486e+05   0.000000000000000000e+00  -1.491620469274649756e-09   0.000000000000000000e+00   9.396250155394028376e-10
 -1.640000000000000000e+05  -8.394900779030226404e+05   0.000000000000000000e+00  -1.345777842899074459e-09   0.000000000000000000e+00   9.930439304170074381e-10
 -1.660000000000000000e+05  -8.396523240661530290e+05   0.000000000000000000e+00  -1.208988181665016281e-09   0.000000000000000000e+00   1.158779538114190767e-09
 -1.680000000000000000e+05  -8.398127259107141290e+05   0.000000000000000000e+00  -1.169084509073151661e-09   0.000000000000000000e+00   1.282053957062508965e-09
 -1.700000000000000000e+05  -8.399712928363833344e+05   0.000000000000000000e+00  -1.091609961053549077e-09   0.000000000000000000e+00   1.324515145811374096e-09
 -1.720000000000000000e+05  -8.401280844303766498e+05   0.000000000000000000e+00  -9.769925737831117996e-10   0.000000000000000000e+00   1.403958660244734625e-09
 -1.740000000000000000e+05  -8.402831096661960473e+05   0.000000000000000000e+00  -1.186633992326211025e-09   0.000000000000000000e+00   1.332733440407928698e-09
 -1.760000000000000000e+05  -8.404363936514093075e+05   0.000000000000000000e+00  -1.151096288738766186e-09   0.000000000000000000e+00   1.436831838630952825e-09
 -1.780000000000000000e+05  -8.405879610976965632e+05   0.000000000000000000e+00  -1.097120926831186505e-09   0.000000000000000000e+00   1.440940985929230229e-09
 -1.800000000000000000e+05  -8.407378363048809115e+05   0.000000000000000000e+00  -1.092754957826766931e-09   0.000000000000000000e+00   1.383412923753348431e-09
 -1.820000000000000000e+05  -8.408860431657728041e+05   0.000000000000000000e+00  -9.978379355983309040e-10   0.000000000000000000e+00   1.429983259800490760e-09
 -1.840000000000000000e+05  -8.410326246835014317e+05   0.000000000000000000e+00  -9.875971700659056041e-10   0.000000000000000000e+00   1.534081658023514887e-09
 -1.860000000000000000e+05  -8.411775653573066229e+05   0.000000000000000000e+00  -9.452108876479984933e-10   0.000000000000000000e+00   1.410807239075196897e-09
 -1.880000000000000000e+05  -8.413209270095042884e+05   0.000000000000000000e+00  -9.335362009229452690e-10   0.000000000000000000e+00   1.372455197624608963e-09
 -1.900000000000000000e+05  -8.414627124827513471e+05   0.000000000000000000e+00  -1.036243481571031799e-09   0.000000000000000000e+00   1.379303776455071027e-09
 -1.920000000000000000e+05  -8.416029437452121638e+05   0.000000000000000000e+00  -7.845475086471262735e-10   0.000000000000000000e+00   1.346430598068852827e-09
 -1.940000000000000000e+05  -8.417416424291903386e+05   0.000000000000000000e+00  -8.932793984851350880e-10   0.000000000000000000e+00   1.502578195403389225e-09
 -1.960000000000000000e+05  -8.418789513850980438e+05   0.000000000000000000e+00  -8.753446826728623662e-10   0.000000000000000000e+00   1.439571270163137692e-09
 -1.980000000000000000e+05  -8.420146304159626598e+05   0.000000000000000000e+00  -8.576774894711546544e-10   0.000000000000000000e+00   1.256029357506752830e-09
 -2.000000000000000000e+05  -8.421488517645907123e+05   0.000000000000000000e+00  -9.645260201307863855e-10   0.000000000000000000e+00   1.297120830489525631e-09
 -2.020000000000000000e+05  -8.422816147695058025e+05   0.000000000000000000e+00  -8.584907582072720078e-10   0.000000000000000000e+00   1.284793388594693832e-09
 -2.040000000000000000e+05  -8.424129498022088083e+05   0.000000000000000000e+00  -8.310215365544653148e-10   0.000000000000000000e+00   1.356018608431499759e-09
 -2.060000000000000000e+05  -8.425428880398151232e+05   0.000000000000000000e+00  -8.891488493780126235e-10   0.000000000000000000e+00   1.324515145811374096e-09
 -2.080000000000000000e+05  -8.426714259895536816e+05   0.000000000000000000e+00  -1.037431281961940187e-09   0.000000000000000000e+00   1.150561243517636166e-09
 -2.100000000000000000e+05  -8.427985939103588462e+05   0.000000000000000000e+00  -9.379663753539004371e-10   0.000000000000000000e+00   1.064269150253813572e-09
 -2.120000000000000000e+05  -8.429244104690446984e+05   0.000000000000000000e+00  -1.010828833567363705e-09   0.000000000000000000e+00   1.008110803844024104e-09
 -2.140000000000000000e+05  -8.430488940431370866e+05   0.000000000000000000e+00  -1.009887153978175266e-09   0.000000000000000000e+00   9.437341628376802418e-10
 -2.160000000000000000e+05  -8.431720627080170671e+05   0.000000000000000000e+00  -8.453286457674775884e-10   0.000000000000000000e+00   9.136004159836469092e-10
 -2.180000000000000000e+05  -8.432939342432289850e+05   0.000000000000000000e+00  -7.899086617628474532e-10   0.000000000000000000e+00   9.396250155394028376e-10
 -2.200000000000000000e+05  -8.434145261385450140e+05   0.000000000000000000e+00  -8.283249086399708782e-10   0.000000000000000000e+00   1.014959382674486169e-09
 -2.220000000000000000e+05  -8.435338555998255033e+05   0.000000000000000000e+00  -8.367946744904564362e-10   0.000000000000000000e+00   9.738679096917135744e-10
 -2.240000000000000000e+05  -8.436519395546728047e+05   0.000000000000000000e+00  -8.073832386849483825e-10   0.000000000000000000e+00   9.533221732003271736e-10
 -2.260000000000000000e+05  -8.437687809011074714e+05   0.000000000000000000e+00  -8.650825153315917993e-10   0.000000000000000000e+00   9.588010362646969081e-10
 -2.280000000000000000e+05  -8.438844234030725202e+05   0.000000000000000000e+00  -8.879771003437381857e-10   0.000000000000000000e+00   9.218187105802014075e-10
 -2.300000000000000000e+05  -8.439988695558467880e+05   0.000000000000000000e+00  -8.142318175154105506e-10   0.000000000000000000e+00   8.779878060652438422e-10
 -2.320000000000000000e+05  -8.441121209401267115e+05   0.000000000000000000e+00  -7.689455899989797940e-10   0.000000000000000000e+00   7.807379866726817798e-10
 -2.340000000000000000e+05  -8.442242216642356943e+05   0.000000000000000000e+00  -7.356122727225899052e-10   0.000000000000000000e+00   7.533436713508332111e-10
 -2.360000000000000000e+05  -8.443351729015317978e+05   0.000000000000000000e+00  -6.996572338626638073e-10   0.000000000000000000e+00   7.108824826019680794e-10
 -2.380000000000000000e+05  -8.444449750098376535e+05   0.000000000000000000e+00  -6.313908140987058032e-10   0.000000000000000000e+00   7.985442916318832099e-10
 -2.400000000000000000e+05  -8.445536723372600973e+05   0.000000000000000000e+00  -7.006203152606975125e-10   0.000000000000000000e+00   8.711392272347816742e-10
 -2.420000000000000000e+05  -8.446612497594053857e+05   0.000000000000000000e+00  -7.362329251791005795e-10   0.000000000000000000e+00   8.957941110244453757e-10
 -2.440000000000000000e+05  -8.447677517903657863e+05   0.000000000000000000e+00  -6.781751682343001817e-10   0.000000000000000000e+00   9.382552997733105073e-10
 -2.460000000000000000e+05  -8.448731622573519126e+05   0.000000000000000000e+00  -7.254464135211227295e-10   0.000000000000000000e+00   8.375811909655173093e-10
 -2.480000000000000000e+05  -8.449775102928961860e+05   0.000000000000000000e+00  -7.597642140043914871e-10   0.000000000000000000e+00   8.553874959247188428e-10
 -2.500000000000000000e+05  -8.450808252655415563e+05   0.000000000000000000e+00  -7.907968368299229308e-10   0.000000000000000000e+00   8.957941110244453757e-10
 -2.520000000000000000e+05  -8.451830895742935827e+05   0.000000000000000000e+00  -8.470140382140366759e-10   0.000000000000000000e+00   9.115458423345082071e-10
 -2.540000000000000000e+05  -8.452843321135590086e+05   0.000000000000000000e+00  -7.965913765747593192e-10   0.000000000000000000e+00   9.314067209428484427e-10
 -2.560000000000000000e+05  -8.453845660036143381e+05   0.000000000000000000e+00  -7.453661471037871391e-10   0.000000000000000000e+00   8.752483745330589750e-10
 -2.580000000000000000e+05  -8.454838202249595197e+05   0.000000000000000000e+00  -6.814817477008826592e-10   0.000000000000000000e+00   8.437449119129332088e-10
 -2.600000000000000000e+05  -8.455820754630201263e+05   0.000000000000000000e+00  -7.233971903241953441e-10   0.000000000000000000e+00   8.423751961468407752e-10
 -2.620000000000000000e+05  -8.456793602617917350e+05   0.000000000000000000e+00  -7.381323357141115097e-10   0.000000000000000000e+00   8.485389170942567781e-10
 -2.640000000000000000e+05  -8.457756869486160576e+05   0.000000000000000000e+00  -7.337449649008467721e-10   0.000000000000000000e+00   8.238840333045930766e-10
 -2.660000000000000000e+05  -8.458710676779819187e+05   0.000000000000000000e+00  -7.045742994448471448e-10   0.000000000000000000e+00   8.101868756436688439e-10
 -2.680000000000000000e+05  -8.459655144183625234e+05   0.000000000000000000e+00  -7.441141412863432603e-10   0.000000000000000000e+00   6.971853249410438467e-10
 -2.700000000000000000e+05  -8.460590389557742747e+05   0.000000000000000000e+00  -7.639964217035286595e-10   0.000000000000000000e+00   6.588332834904560159e-10
 -2.720000000000000000e+05  -8.461516528972601518e+05   0.000000000000000000e+00  -7.934988151966286842e-10   0.000000000000000000e+00   6.026749370806666516e-10
 -2.740000000000000000e+05  -8.462433676742595853e+05   0.000000000000000000e+00  -7.857674117513023553e-10   0.000000000000000000e+00   5.978809318993430822e-10
 -2.760000000000000000e+05  -8.463341945458694827e+05   0.000000000000000000e+00  -7.670675812728140275e-10   0.000000000000000000e+00   5.855534900045112832e-10
 -2.780000000000000000e+05  -8.464241446019926807e+05   0.000000000000000000e+00  -6.945368510964510540e-10   0.000000000000000000e+00   6.355481154668847480e-10
 -2.800000000000000000e+05  -8.465132287663799943e+05   0.000000000000000000e+00  -7.026374357443571008e-10   0.000000000000000000e+00   5.417225854895537179e-10
 -2.820000000000000000e+05  -8.466014410459385253e+05   0.000000000000000000e+00  -6.718455832683339801e-10   0.000000000000000000e+00   5.417225854895537179e-10
 -2.840000000000000000e+05  -8.466888254568927223e+05   0.000000000000000000e+00  -6.538894656472160947e-10   0.000000000000000000e+00   5.095342649863817866e-10
 -2.860000000000000000e+05  -8.467753757668962935e+05   0.000000000000000000e+00  -6.459386936612265031e-10   0.000000000000000000e+00   5.403528697234612843e-10
 -2.880000000000000000e+05  -8.468611022672636900e+05   0.000000000000000000e+00  -6.560349969839468713e-10   0.000000000000000000e+00   5.519954537352469183e-10
 -2.900000000000000000e+05  -8.469459983751628315e+05   0.000000000000000000e+00  -6.899194108381004202e-10   0.000000000000000000e+00   5.615834640978938501e-10
 -2.920000000000000000e+05  -8.470301073749936186e+05   0.000000000000000000e+00  -7.058530575233475039e-10   0.000000000000000000e+00   4.574850658748696714e-10
 -2.940000000000000000e+05  -8.471134060853151605e+05   0.000000000000000000e+00  -6.138787840111257601e-10   0.000000000000000000e+00   3.924235669854794886e-10
 -2.960000000000000000e+05  -8.471959368887450546e+05   0.000000000000000000e+00  -6.547508884532351954e-10   0.000000000000000000e+00   3.280469259791355743e-10
 -2.980000000000000000e+05  -8.472776769590713084e+05   0.000000000000000000e+00  -5.864630668804320277e-10   0.000000000000000000e+00   2.958586054759635913e-10
 -3.000000000000000000e+05  -8.473586521606270690e+05   0.000000000000000000e+00  -5.461581103727202027e-10   0.000000000000000000e+00   2.985980370081484586e-10
 -2.980000000000000000e+05  -8.472777214705380611e+05   0.000000000000000000e+00  -5.226963774261761026e-10   0.000000000000000000e+00   2.664097165049764756e-10
 -2.960000000000000000e+05  -8.471959540252914885e+05   0.000000000000000000e+00  -5.730066795690162214e-10   0.000000000000000000e+00   3.164043419673499404e-10
 -2.940000000000000000e+05  -8.471134115918371826e+05   0.000000000000000000e+00  -5.107755698994030320e-10   0.000000000000000000e+00   2.759977268676234591e-10
 -2.920000000000000000e+05  -8.470301006631893106e+05   0.000000000000000000e+00  -4.791543973306287110e-10   0.000000000000000000e+00   1.944996387851242281e-10
 -2.900000000000000000e+05  -8.469459950466862647e+05   0.000000000000000000e+00  -5.089243134342937457e-10   0.000000000000000000e+00   2.123059437443257358e-10
 -2.880000000000000000e+05  -8.468610684128938010e+05   0.000000000000000000e+00  -4.945529987947458780e-10   0.000000000000000000e+00   2.575065640253757088e-10
 -2.860000000000000000e+05  -8.467753438744083978e+05   0.000000000000000000e+00  -4.318671006871722646e-10   0.000000000000000000e+00   2.061422227969098363e-10
 -2.840000000000000000e+05  -8.466887946777225006e+05   0.000000000000000000e+00  -4.801816841551980103e-10   0.000000000000000000e+00   2.492882694288212106e-10
 -2.820000000000000000e+05  -8.466013938852066640e+05   0.000000000000000000e+00  -4.355749640696021538e-10   0.000000000000000000e+00   3.088709052538416589e-10
 -2.800000000000000000e+05  -8.465131644460746320e+05   0.000000000000000000e+00  -4.613908959891175563e-10   0.000000000000000000e+00   3.225680629147658916e-10
 -2.780000000000000000e+05  -8.464240789986737072e+05   0.000000000000000000e+00  -4.347242421680056866e-10   0.000000000000000000e+00   3.116103367860264744e-10
 -2.760000000000000000e+05  -8.463341267855806509e+05   0.000000000000000000e+00  -4.329799947471223734e-10   0.000000000000000000e+00   3.205134892656272412e-10
 -2.740000000000000000e+05  -8.462432968784206314e+05   0.000000000000000000e+00  -3.677847345524497890e-10   0.000000000000000000e+00   3.650292516636310233e-10
 -2.720000000000000000e+05  -8.461515781817723764e+05   0.000000000000000000e+00  -4.140447443713368843e-10   0.000000000000000000e+00   3.657141095466772401e-10
 -2.700000000000000000e+05  -8.460589594304157654e+05   0.000000000000000000e+00  -4.608397994113538445e-10   0.000000000000000000e+00   4.006418615820340386e-10
 -2.680000000000000000e+05  -8.459654291864982806e+05   0.000000000000000000e+00  -4.777900320167475941e-10   0.000000000000000000e+00   4.157087350090507049e-10
 -2.660000000000000000e+05  -8.458709758366917958e+05   0.000000000000000000e+00  -3.860779306628794402e-10   0.000000000000000000e+00   4.465273397461302542e-10
 -2.640000000000000000e+05  -8.457755875893400516e+05   0.000000000000000000e+00  -3.107649653366413240e-10   0.000000000000000000e+00   4.225573138395128212e-10
 -2.620000000000000000e+05  -8.456792524715942563e+05   0.000000000000000000e+00  -4.549543019789254334e-10   0.000000000000000000e+00   4.294058926699749375e-10
 -2.600000000000000000e+05  -8.455819583265383262e+05   0.000000000000000000e+00  -5.592399660293450778e-10   0.000000000000000000e+00   4.883036706119492208e-10
 -2.580000000000000000e+05  -8.454836928102938691e+05   0.000000000000000000e+00  -6.094860627456496024e-10   0.000000000000000000e+00   4.985765388576424211e-10
 -2.560000000000000000e+05  -8.453844433891138760e+05   0.000000000000000000e+00  -5.882019638491040759e-10   0.000000000000000000e+00   5.095342649863817866e-10
 -2.540000000000000000e+05  -8.452842131170909852e+05   0.000000000000000000e+00  -5.001602727121866973e-10   0.000000000000000000e+00   6.095235159111287162e-10
 -2.520000000000000000e+05  -8.451829573890457395e+05   0.000000000000000000e+00  -5.801174305578319793e-10   0.000000000000000000e+00   6.136326632094060170e-10
 -2.500000000000000000e+05  -8.450806789813488722e+05   0.000000000000000000e+00  -6.070997610594105029e-10   0.000000000000000000e+00   5.958263582502044835e-10
 -2.480000000000000000e+05  -8.449773799571908312e+05   0.000000000000000000e+00  -6.290152133168892338e-10   0.000000000000000000e+00   5.937717846010658848e-10
 -2.460000000000000000e+05  -8.448730158275364665e+05   0.000000000000000000e+00  -6.640553248486833738e-10   0.000000000000000000e+00   5.999355055484817843e-10
 -2.440000000000000000e+05  -8.447675883906472009e+05   0.000000000000000000e+00  -7.031403782522191170e-10   0.000000000000000000e+00   6.855427409292582128e-10
 -2.420000000000000000e+05  -8.446610986661204370e+05   0.000000000000000000e+00  -6.423485402274451687e-10   0.000000000000000000e+00   7.204704929646151147e-10
 -2.400000000000000000e+05  -8.445535023051970638e+05   0.000000000000000000e+00  -6.032634868239094255e-10   0.000000000000000000e+00   7.889562812692362781e-10
 -2.380000000000000000e+05  -8.444448147705341689e+05   0.000000000000000000e+00  -6.710537163410617903e-10   0.000000000000000000e+00   8.944243952583529421e-10
 -2.360000000000000000e+05  -8.443349918314251117e+05   0.000000000000000000e+00  -6.861205897680784566e-10   0.000000000000000000e+00   8.875758164278907740e-10
 -2.340000000000000000e+05  -8.442240478816893883e+05   0.000000000000000000e+00  -6.634239714877501693e-10   0.000000000000000000e+00   8.916849637261680749e-10
 -2.320000000000000000e+05  -8.441119388598669320e+05   0.000000000000000000e+00  -6.986566992991509883e-10   0.000000000000000000e+00   9.190792790480165402e-10
 -2.300000000000000000e+05  -8.439986780111754779e+05   0.000000000000000000e+00  -7.568535680014451045e-10   0.000000000000000000e+00   1.083445170979107436e-09
 -2.280000000000000000e+05  -8.438842353308706079e+05   0.000000000000000000e+00  -7.870087166643236006e-10   0.000000000000000000e+00   9.382552997733105073e-10
 -2.260000000000000000e+05  -8.437685949784077238e+05   0.000000000000000000e+00  -8.191649344542278383e-10   0.000000000000000000e+00   9.437341628376802418e-10
 -2.240000000000000000e+05  -8.436517273404694861e+05   0.000000000000000000e+00  -8.025036262682441589e-10   0.000000000000000000e+00   8.889455321939832077e-10
 -2.220000000000000000e+05  -8.435336432310132077e+05   0.000000000000000000e+00  -6.457942314515214680e-10   0.000000000000000000e+00   8.670300799365044767e-10
 -2.200000000000000000e+05  -8.434143123072970193e+05   0.000000000000000000e+00  -6.031457768752608707e-10   0.000000000000000000e+00   9.423644470715877048e-10
 -2.180000000000000000e+05  -8.432937176836848957e+05   0.000000000000000000e+00  -5.054572204013722829e-10   0.000000000000000000e+00   8.930546794922605085e-10
 -2.160000000000000000e+05  -8.431718421811400913e+05   0.000000000000000000e+00  -4.941035608089968225e-10   0.000000000000000000e+00   1.028656540335410505e-09
 -2.140000000000000000e+05  -8.430486683435745072e+05   0.000000000000000000e+00  -5.097161803615659355e-10   0.000000000000000000e+00   1.023177677271040771e-09
 -2.120000000000000000e+05  -8.429241784332059324e+05   0.000000000000000000e+00  -5.115353341134074247e-10   0.000000000000000000e+00   1.032765687633687703e-09
 -2.100000000000000000e+05  -8.427983544259170303e+05   0.000000000000000000e+00  -5.992506476654355158e-10   0.000000000000000000e+00   9.971530777152848423e-10
 -2.080000000000000000e+05  -8.426711780066075735e+05   0.000000000000000000e+00  -6.577417912393511224e-10   0.000000000000000000e+00   9.108609844514620420e-10
 -2.060000000000000000e+05  -8.425426305645516841e+05   0.000000000000000000e+00  -6.014550339764905698e-10   0.000000000000000000e+00   9.834559200543605062e-10
 -2.040000000000000000e+05  -8.424126931887660176e+05   0.000000000000000000e+00  -5.398713290244444317e-10   0.000000000000000000e+00   9.861953515865453734e-10
 -2.020000000000000000e+05  -8.422813574435191695e+05   0.000000000000000000e+00  -4.603101046424352963e-10   0.000000000000000000e+00   9.451038786037725720e-10
 -2.000000000000000000e+05  -8.421485818296832731e+05   0.000000000000000000e+00  -3.305295358051780650e-10   0.000000000000000000e+00   8.560723538077650079e-10
 -1.980000000000000000e+05  -8.420143576782693854e+05   0.000000000000000000e+00  -4.078756729717096680e-10   0.000000000000000000e+00   9.204489948141089738e-10
 -1.960000000000000000e+05  -8.418787771953872871e+05   0.000000000000000000e+00  -2.575386667386435059e-10   0.000000000000000000e+00   1.040983982230242304e-09
 -1.940000000000000000e+05  -8.417416323981132591e+05   0.000000000000000000e+00  -1.839164443111757165e-10   0.000000000000000000e+00   1.101251475938308969e-09
 -1.920000000000000000e+05  -8.416029604843477719e+05   0.000000000000000000e+00  -3.856605953903981558e-11   0.000000000000000000e+00   1.034135403399780240e-09
 -1.900000000000000000e+05  -8.414627585282039363e+05   0.000000000000000000e+00  -1.003423807706926586e-10   0.000000000000000000e+00   1.146452096219358968e-09
 -1.880000000000000000e+05  -8.413210048751216382e+05   0.000000000000000000e+00  -1.404493705465864490e-10   0.000000000000000000e+00   1.203980158395240766e-09
 -1.860000000000000000e+05  -8.411776774996218737e+05   0.000000000000000000e+00  -1.103263245969757209e-11   0.000000000000000000e+00   1.223156179120534630e-09
 -1.840000000000000000e+05  -8.410327346181100002e+05   0.000000000000000000e+00  -9.597641176627305874e-11   0.000000000000000000e+00   1.154670390815913570e-09
 -1.820000000000000000e+05  -8.408861922646595631e+05   0.000000000000000000e+00  -7.570889878987422399e-11   0.000000000000000000e+00   1.235483621015366636e-09
 -1.800000000000000000e+05  -8.407379889589272207e+05   0.000000000000000000e+00   2.018190574101806088e-11   0.000000000000000000e+00   1.373824913390701293e-09
 -1.780000000000000000e+05  -8.405881204605067614e+05   0.000000000000000000e+00   4.291062673461422274e-12   0.000000000000000000e+00   1.269726515167677166e-09
 -1.760000000000000000e+05  -8.404365628059495939e+05   0.000000000000000000e+00   1.359335888802504974e-10   0.000000000000000000e+00   1.379303776455071027e-09
 -1.740000000000000000e+05  -8.402832916051927023e+05   0.000000000000000000e+00   3.103262282553148244e-11   0.000000000000000000e+00   1.423134680970028696e-09
 -1.720000000000000000e+05  -8.401282820457335329e+05   0.000000000000000000e+00   8.417331418814850406e-11   0.000000000000000000e+00   1.540930236853977159e-09
 -1.700000000000000000e+05  -8.399715088807359571e+05   0.000000000000000000e+00   8.461205126947497782e-11   0.000000000000000000e+00   1.634070908948262024e-09
 -1.680000000000000000e+05  -8.398129464164959500e+05   0.000000000000000000e+00  -1.014231721173749703e-10   0.000000000000000000e+00   1.640919487778724089e-09
 -1.660000000000000000e+05  -8.396525524135929300e+05   0.000000000000000000e+00  -2.728730627762251095e-12   0.000000000000000000e+00   1.665574371568387687e-09
 -1.640000000000000000e+05  -8.394903328382950276e+05   0.000000000000000000e+00  -1.283038440269387827e-11   0.000000000000000000e+00   1.738169307171286151e-09
 -1.620000000000000000e+05  -8.393262289548848057e+05   0.000000000000000000e+00  -2.788441674440342993e-10   0.000000000000000000e+00   1.799806516645445353e-09
 -1.600000000000000000e+05  -8.391602292697376106e+05   0.000000000000000000e+00  -2.437666027467610973e-10   0.000000000000000000e+00   1.813503674306369482e-09
 -1.580000000000000000e+05  -8.389923200317473384e+05   0.000000000000000000e+00  -1.415622646065365578e-10   0.000000000000000000e+00   1.935408377488595143e-09
 -1.560000000000000000e+05  -8.388224437590568559e+05   0.000000000000000000e+00  -1.262706721866453548e-12   0.000000000000000000e+00   2.001154734261031542e-09
 -1.540000000000000000e+05  -8.386505860957909608e+05   0.000000000000000000e+00   1.404386696421638672e-10   0.000000000000000000e+00   2.324407655058843806e-09
 -1.520000000000000000e+05  -8.384767175006644102e+05   0.000000000000000000e+00   1.120384693045912467e-11   0.000000000000000000e+00   2.199763520344433278e-09
 -1.500000000000000000e+05  -8.383007957074035658e+05   0.000000000000000000e+00  -2.033171840293442113e-10   0.000000000000000000e+00   2.247703572157667937e-09
 -1.480000000000000000e+05  -8.381228149664613884e+05   0.000000000000000000e+00  -2.437666027467610973e-11   0.000000000000000000e+00   2.353171686146784602e-09
 -1.460000000000000000e+05  -8.379427202997334534e+05   0.000000000000000000e+00  -1.220224131308743187e-10   0.000000000000000000e+00   2.475076389329010469e-09
 -1.440000000000000000e+05  -8.377603208094678121e+05   0.000000000000000000e+00  -1.600213247355164852e-10   0.000000000000000000e+00   2.642181712792285921e-09
 -1.420000000000000000e+05  -8.375758791998268571e+05   0.000000000000000000e+00  -1.757302524278889636e-10   0.000000000000000000e+00   2.624375407833084595e-09
 -1.400000000000000000e+05  -8.373892584448799025e+05   0.000000000000000000e+00  -1.466772969205379427e-10   0.000000000000000000e+00   2.592871945212958725e-09
 -1.380000000000000000e+05  -8.372004227899794932e+05   0.000000000000000000e+00  -2.204814347231898810e-10   0.000000000000000000e+00   2.576435356019849522e-09
 -1.360000000000000000e+05  -8.370093164892054629e+05   0.000000000000000000e+00  -2.789939801059506512e-10   0.000000000000000000e+00   2.465488378966363537e-09
 -1.340000000000000000e+05  -8.368159053440352436e+05   0.000000000000000000e+00  -5.555588549079717723e-10   0.000000000000000000e+00   2.588762797914681528e-09
 -1.320000000000000000e+05  -8.366201545452843420e+05   0.000000000000000000e+00  -3.590795488046670697e-10   0.000000000000000000e+00   2.759977268676234591e-09
 -1.300000000000000000e+05  -8.364220465229699621e+05   0.000000000000000000e+00  -3.198072295737358091e-10   0.000000000000000000e+00   2.840790498875687657e-09
 -1.280000000000000000e+05  -8.362215258665828733e+05   0.000000000000000000e+00   2.375600781816547979e-12   0.000000000000000000e+00   3.064054168748752578e-09
 -1.260000000000000000e+05  -8.360185398003666196e+05   0.000000000000000000e+00   1.727875037116747839e-10   0.000000000000000000e+00   3.291426985920095109e-09
 -1.240000000000000000e+05  -8.358130995849147439e+05   0.000000000000000000e+00   1.356446644608403755e-10   0.000000000000000000e+00   3.169522282737869242e-09
 -1.220000000000000000e+05  -8.356051187352290144e+05   0.000000000000000000e+00   3.268484246838047079e-10   0.000000000000000000e+00   3.469490035512110030e-09
 -1.200000000000000000e+05  -8.353945885683679953e+05   0.000000000000000000e+00   3.009736377899649763e-10   0.000000000000000000e+00   3.264032670598246437e-09
 -1.180000000000000000e+05  -8.351814544810138177e+05   0.000000000000000000e+00  -5.564470299750472758e-11   0.000000000000000000e+00   3.437986572891984574e-09
 -1.160000000000000000e+05  -8.349656765998218907e+05   0.000000000000000000e+00   2.195076524207335682e-10   0.000000000000000000e+00   3.713299441876561765e-09
 -1.140000000000000000e+05  -8.347474212868233444e+05   0.000000000000000000e+00   1.700480721794899425e-10   0.000000000000000000e+00   3.636595358975385897e-09
 -1.120000000000000000e+05  -8.345262940318320179e+05   0.000000000000000000e+00   1.258105332964736747e-10   0.000000000000000000e+00   3.591394738694335898e-09
 -1.100000000000000000e+05  -8.343023842244467232e+05   0.000000000000000000e+00   2.510753204673949027e-10   0.000000000000000000e+00   3.821506987397863089e-09
 -1.080000000000000000e+05  -8.340756482943296432e+05   0.000000000000000000e+00   4.765005730338246015e-10   0.000000000000000000e+00   3.635225643209293359e-09
 -1.060000000000000000e+05  -8.338460254798012320e+05   0.000000000000000000e+00   6.210911935919561225e-10   0.000000000000000000e+00   3.284578407089632837e-09
 -1.040000000000000000e+05  -7.970209424044711050e+05   0.000000000000000000e+00  -1.095772612873939261e-10   0.000000000000000000e+00   2.220309256835819265e-09
 -1.020000000000000000e+05  -7.901301783682053210e+05   0.000000000000000000e+00  -4.383090451495757043e-10   0.000000000000000000e+00   2.454530652837624068e-09
 -1.000000000000000000e+05  -7.830869144540500129e+05   0.000000000000000000e+00  -6.574635677243636081e-11   0.000000000000000000e+00   2.103883416717963546e-09
 -9.800000000000000000e+04  -7.758913355777121615e+05   0.000000000000000000e+00   2.191545225747878586e-11   0.000000000000000000e+00   2.125798868975442070e-09
 -9.600000000000000000e+04  -7.685545427031022264e+05   0.000000000000000000e+00  -2.191545225747878521e-10   0.000000000000000000e+00   1.699817265720698217e-09
 -9.400000000000000000e+04  -7.610780161096340744e+05   0.000000000000000000e+00  -1.972390703173090695e-10   0.000000000000000000e+00   1.645028635077001286e-09
 -9.200000000000000000e+04  -7.534712603655849816e+05   0.000000000000000000e+00  -4.383090451495757043e-10   0.000000000000000000e+00   1.499838763871204357e-09
 -9.000000000000000000e+04  -7.457294537409099285e+05   0.000000000000000000e+00  -4.163935928920969217e-10   0.000000000000000000e+00   1.598458299029858957e-09
 -8.800000000000000000e+04  -7.378596076733958907e+05   0.000000000000000000e+00  -4.383090451495757043e-10   0.000000000000000000e+00   1.260138504805030234e-09
 -8.600000000000000000e+04  -7.298650856818399625e+05   0.000000000000000000e+00  -3.506472361196605738e-10   0.000000000000000000e+00   1.216307600290072565e-09
 -8.400000000000000000e+04  -7.217433129329333315e+05   0.000000000000000000e+00  -3.944781406346181390e-10   0.000000000000000000e+00   1.325884861577466427e-09
 -8.200000000000000000e+04  -7.135073095910891425e+05   0.000000000000000000e+00  -8.766180902991514086e-10   0.000000000000000000e+00   1.579282278304564886e-09
 -8.000000000000000000e+04  -7.051556707597208442e+05   0.000000000000000000e+00  -1.117688065131417966e-09   0.000000000000000000e+00   1.403958660244734625e-09
 -7.800000000000000000e+04  -6.966907346538330894e+05   0.000000000000000000e+00  -5.917172109519271827e-10   0.000000000000000000e+00   1.536821089555699755e-09
 -7.600000000000000000e+04  -6.881146404768471839e+05   0.000000000000000000e+00  -8.108717335267151124e-10   0.000000000000000000e+00   1.447789564759692294e-09
 -7.400000000000000000e+04  -6.794355495327691315e+05   0.000000000000000000e+00  -5.917172109519271827e-10   0.000000000000000000e+00   1.787479074750613347e-09
 -7.200000000000000000e+04  -6.706441692607570440e+05   0.000000000000000000e+00  -7.451253767542787128e-10   0.000000000000000000e+00   1.803915663943722550e-09
 -7.000000000000000000e+04  -6.617462901512787212e+05   0.000000000000000000e+00  -1.008110803844024104e-09   0.000000000000000000e+00   2.079228532928299948e-09
 -6.800000000000000000e+04  -6.527427898294456536e+05   0.000000000000000000e+00  -1.030026256101502835e-09   0.000000000000000000e+00   1.953214682447796883e-09
 -6.600000000000000000e+04  -6.436295389436671976e+05   0.000000000000000000e+00  -8.108717335267151124e-10   0.000000000000000000e+00   1.534081658023514887e-09
 -6.400000000000000000e+04  -6.344147204000335187e+05   0.000000000000000000e+00  -1.555997110280993825e-09   0.000000000000000000e+00   1.550518247216624091e-09
 -6.200000000000000000e+04  -6.250947164388877572e+05   0.000000000000000000e+00  -1.534081658023514887e-09   0.000000000000000000e+00   1.981978713535737679e-09
 -6.000000000000000000e+04  -6.156689403011829127e+05   0.000000000000000000e+00  -1.775151632855781548e-09   0.000000000000000000e+00   1.865552873417881546e-09
 -5.800000000000000000e+04  -6.061364032471986720e+05   0.000000000000000000e+00  -1.577912562538472556e-09   0.000000000000000000e+00   2.142235458168551273e-09
 -5.600000000000000000e+04  -5.964958433778469916e+05   0.000000000000000000e+00  -1.468335301251078695e-09   0.000000000000000000e+00   1.739539022937378688e-09
 -5.400000000000000000e+04  -5.867456845796173438e+05   0.000000000000000000e+00  -1.577912562538472556e-09   0.000000000000000000e+00   2.081967964460484608e-09
 -5.200000000000000000e+04  -5.768885878130169585e+05   0.000000000000000000e+00  -1.687489823825866418e-09   0.000000000000000000e+00   2.212090962239264870e-09
 -5.000000000000000000e+04  -5.669135375922832172e+05   0.000000000000000000e+00  -1.183434421903854365e-09   0.000000000000000000e+00   1.490250753508557426e-09
 -4.800000000000000000e+04  -5.568216375297567574e+05   0.000000000000000000e+00  -7.012944722393211475e-10   0.000000000000000000e+00   2.427136337515775396e-09
 -4.600000000000000000e+04  -5.466097990159594920e+05   0.000000000000000000e+00  -1.753236180598302869e-10   0.000000000000000000e+00   2.759977268676234591e-09
 -4.400000000000000000e+04  -5.362745838639644207e+05   0.000000000000000000e+00  -8.327871857841938433e-10   0.000000000000000000e+00   2.861336235367074058e-09
 -4.200000000000000000e+04  -5.258120386529433308e+05   0.000000000000000000e+00  -9.204489948141089738e-10   0.000000000000000000e+00   3.099666778667155645e-09
 -4.000000000000000000e+04  -5.152179423131234944e+05   0.000000000000000000e+00  -1.051941708358981773e-09   0.000000000000000000e+00   3.948205695761412629e-09
 -3.800000000000000000e+04  -5.044835232688679243e+05   0.000000000000000000e+00  -1.490250753508557426e-09   0.000000000000000000e+00   4.290634637284518757e-09
 -3.600000000000000000e+04  -4.936116467172892299e+05   0.000000000000000000e+00  -2.279207034777793807e-09   0.000000000000000000e+00   4.730313398200186326e-09
 -3.400000000000000000e+04  -4.825934428550943849e+05   0.000000000000000000e+00  -1.271096230933769496e-09   0.000000000000000000e+00   4.590602390058759132e-09
 -3.200000000000000000e+04  -4.714233525945612928e+05   0.000000000000000000e+00  -9.642798993290666425e-10   0.000000000000000000e+00   5.088494071033355181e-09
 -3.000000000000000000e+04  -4.600955797585776891e+05   0.000000000000000000e+00  -9.204489948141089738e-10   0.000000000000000000e+00   4.131747608417796872e-09
 -2.800000000000000000e+04  -4.486041462820785237e+05   0.000000000000000000e+00  -1.095772612873939235e-09   0.000000000000000000e+00   4.720040529954493746e-09
 -2.600000000000000000e+04  -4.369430183916055830e+05   0.000000000000000000e+00  -1.534081658023514887e-09   0.000000000000000000e+00   3.983818305679815283e-09
 -2.400000000000000000e+04  -4.251063235988886445e+05   0.000000000000000000e+00  -1.227265326418812034e-09   0.000000000000000000e+00   3.450998872669862642e-09
 -2.200000000000000000e+04  -4.130883835155203706e+05   0.000000000000000000e+00   3.068163316047030085e-10   0.000000000000000000e+00   1.994991013313615746e-09
 -2.000000000000000000e+04  -4.008879301897983532e+05   0.000000000000000000e+00   3.506472361196605738e-10   0.000000000000000000e+00   2.837366209460456521e-09
 -1.800000000000000000e+04  -3.884932354208928882e+05   0.000000000000000000e+00   8.766180902991514086e-10   0.000000000000000000e+00   2.916809723893817050e-09
 -1.600000000000000000e+04  -3.759048748925800319e+05   0.000000000000000000e+00   2.366868843807708731e-09   0.000000000000000000e+00   2.118950290144980212e-09
 -1.400000000000000000e+04  -3.631214920589148533e+05   0.000000000000000000e+00   2.498361557352581530e-09   0.000000000000000000e+00   3.303069569931880639e-09
 -1.200000000000000000e+04  -3.501440944088489632e+05   0.000000000000000000e+00   3.594134170226520972e-09   0.000000000000000000e+00   1.643658919310908956e-09
 -1.000000000000000000e+04  -3.369766116907421965e+05   0.000000000000000000e+00   6.267819345638932349e-09   0.000000000000000000e+00   3.603037322706121428e-09
 -8.000000000000000000e+03  -3.236264629232182633e+05   0.000000000000000000e+00   7.626577385602617389e-09   0.000000000000000000e+00   4.963849936318944653e-09
 -6.000000000000000000e+03  -3.101054294895605417e+05   0.000000000000000000e+00   1.117688065131418049e-08   0.000000000000000000e+00   4.534444043648969664e-09
 -4.000000000000000000e+03  -2.964298802014374523e+05   0.000000000000000000e+00   1.047558617907485944e-08   0.000000000000000000e+00   6.032913091754081898e-09
 -2.000000000000000000e+03  -2.826212473693119246e+05   0.000000000000000000e+00   1.047558617907485944e-08   0.000000000000000000e+00   7.379343689822934519e-09
  0.000000000000000000e+00  -2.687059771045652451e+05   0.000000000000000000e+00   1.398205854027146466e-08   0.000000000000000000e+00   7.773821830457552916e-09
  2.000000000000000000e+03  -2.547148187959576608e+05   0.000000000000000000e+00   1.297394773642744180e-08   0.000000000000000000e+00   8.199118575829250708e-09
  4.000000000000000000e+03  -2.406820380662059761e+05   0.000000000000000000e+00   1.630509647956421717e-08   0.000000000000000000e+00   1.028930483488628930e-08
  6.000000000000000000e+03  -2.266438975382904173e+05   0.000000000000000000e+00   1.582295652989968385e-08   0.000000000000000000e+00   1.225484695922891819e-08
  8.000000000000000000e+03  -2.126369755712750193e+05   0.000000000000000000e+00   1.823365627822235046e-08   0.000000000000000000e+00   1.432791177120980275e-08
  1.000000000000000000e+04  -1.986962449992837210e+05   0.000000000000000000e+00   1.389439673124155057e-08   0.000000000000000000e+00   1.405876262317264012e-08
  1.200000000000000000e+04  -1.848535763489421806e+05   0.000000000000000000e+00   1.599828014795951204e-08   0.000000000000000000e+00   1.643111033004471900e-08
  1.400000000000000000e+04  -1.711363425458246784e+05   0.000000000000000000e+00   1.586678743441464173e-08   0.000000000000000000e+00   1.486826464093326373e-08
  1.600000000000000000e+04  -1.575665881749821710e+05   0.000000000000000000e+00   1.713788366534841019e-08   0.000000000000000000e+00   1.394850050400220019e-08
  1.800000000000000000e+04  -1.441607318747472891e+05   0.000000000000000000e+00   1.529698567572019265e-08   0.000000000000000000e+00   1.292600768461420590e-08
  2.000000000000000000e+04  -1.309258808578249445e+05   0.000000000000000000e+00   1.630509647956421717e-08   0.000000000000000000e+00   1.195761863798686289e-08
  2.200000000000000000e+04  -1.178754136623547238e+05   0.000000000000000000e+00   1.411355125381633829e-08   0.000000000000000000e+00   1.024136478307305505e-08
  2.400000000000000000e+04  -1.050069134459907655e+05   0.000000000000000000e+00   1.442036758542104011e-08   0.000000000000000000e+00   1.102210276974573745e-08
  2.600000000000000000e+04  -9.231816040392045397e+04   0.000000000000000000e+00   1.411355125381633829e-08   0.000000000000000000e+00   1.113031031526703836e-08
  2.800000000000000000e+04  -7.980369939130741113e+04   0.000000000000000000e+00   1.472718391702574358e-08   0.000000000000000000e+00   9.903729846731273011e-09
  3.000000000000000000e+04  -6.745575119240970525e+04   0.000000000000000000e+00   1.731320728340824169e-08   0.000000000000000000e+00   7.462896351554573072e-09
  3.200000000000000000e+04  -5.526448996759121655e+04   0.000000000000000000e+00   1.770768542404285926e-08   0.000000000000000000e+00   8.291574390040489718e-09
  3.400000000000000000e+04  -4.321890614883246599e+04   0.000000000000000000e+00   1.621743467053430142e-08   0.000000000000000000e+00   1.146589067795968139e-08
  3.600000000000000000e+04  -3.130653775486501036e+04   0.000000000000000000e+00   1.599828014795951204e-08   0.000000000000000000e+00   9.286672894106634928e-09
  3.800000000000000000e+04  -1.951405475359386037e+04   0.000000000000000000e+00   1.683106733374370837e-08   0.000000000000000000e+00   9.586640646880876130e-09
  4.000000000000000000e+04  -7.827271171853365558e+03   0.000000000000000000e+00   1.687489823825866624e-08   0.000000000000000000e+00   9.572258631336906353e-09
  4.200000000000000000e+04   3.769019894311862572e+03   0.000000000000000000e+00   1.582295652989968385e-08   0.000000000000000000e+00   9.359267829709534012e-09
  4.400000000000000000e+04   1.529116637563558288e+04   0.000000000000000000e+00   1.450802939445095586e-08   0.000000000000000000e+00   1.036943320720269589e-08
  4.600000000000000000e+04   2.675664559402476516e+04   0.000000000000000000e+00   1.332459497254710149e-08   0.000000000000000000e+00   1.025232250920179369e-08
  4.800000000000000000e+04   3.818148361707530421e+04   0.000000000000000000e+00   1.437653668090608389e-08   0.000000000000000000e+00   1.080363310505399496e-08
  5.000000000000000000e+04   4.959483958562238695e+04   0.000000000000000000e+00   1.424504396736121026e-08   0.000000000000000000e+00   1.101251475938308928e-08
  5.200000000000000000e+04   6.101839565545600635e+04   0.000000000000000000e+00   1.393822763575650679e-08   0.000000000000000000e+00   1.176517357285087736e-08
  5.400000000000000000e+04   7.248246605793155322e+04   0.000000000000000000e+00   1.297394773642744180e-08   0.000000000000000000e+00   1.077863579232280751e-08
  5.600000000000000000e+04   8.402483318214406609e+04   0.000000000000000000e+00   1.279862411836761030e-08   0.000000000000000000e+00   1.122824499254264587e-08
  5.800000000000000000e+04   9.569462127992235764e+04   0.000000000000000000e+00   1.205349874161333138e-08   0.000000000000000000e+00   1.037936364650686668e-08
  6.000000000000000000e+04   1.075596260551478481e+05   0.000000000000000000e+00   1.236031507321803485e-08   0.000000000000000000e+00   9.492815116903544997e-09
  6.200000000000000000e+04   1.197197382786796225e+05   0.000000000000000000e+00   1.231648416870307698e-08   0.000000000000000000e+00   9.004511446291596293e-09
  6.400000000000000000e+04   1.323371929048231104e+05   0.000000000000000000e+00   1.082623341519452079e-08   0.000000000000000000e+00   8.118990203512844117e-09
  6.600000000000000000e+04   1.457146673220197263e+05   0.000000000000000000e+00   1.056324798810477519e-08   0.000000000000000000e+00   8.290718317686680693e-09
  6.800000000000000000e+04   1.605783716218555346e+05   0.000000000000000000e+00   7.714239194632533140e-09   0.000000000000000000e+00   7.544908083049356539e-09
  7.000000000000000000e+04   1.804808402519486262e+05   0.000000000000000000e+00   8.152548239782108586e-09   0.000000000000000000e+00   7.069616712215285489e-09
  7.200000000000000000e+04   6.706438762284024851e+05   0.000000000000000000e+00   2.147714321232921008e-09   0.000000000000000000e+00  -2.898318561051569248e-09
  7.400000000000000000e+04   6.794328671262213029e+05   0.000000000000000000e+00   2.410699748322666606e-09   0.000000000000000000e+00  -1.308078556618265100e-09
  7.600000000000000000e+04   6.881226913976925425e+05   0.000000000000000000e+00   1.840897989628217948e-09   0.000000000000000000e+00  -1.875140883780528478e-09
  7.800000000000000000e+04   6.966969506978961872e+05   0.000000000000000000e+00   2.103883416717963546e-09   0.000000000000000000e+00  -2.146344605466828471e-09
  8.000000000000000000e+04   7.051603961719992803e+05   0.000000000000000000e+00   2.191545225747878470e-09   0.000000000000000000e+00  -2.221678972601911802e-09
  8.200000000000000000e+04   7.135107902597700013e+05   0.000000000000000000e+00   2.257291582520314869e-09   0.000000000000000000e+00  -2.479185536627287666e-09
  8.400000000000000000e+04   7.217455477707915707e+05   0.000000000000000000e+00   2.301122487035272331e-09   0.000000000000000000e+00  -1.640919487778724089e-09
  8.600000000000000000e+04   7.298575845754337497e+05   0.000000000000000000e+00   2.257291582520314869e-09   0.000000000000000000e+00  -1.908014062166746884e-09
  8.800000000000000000e+04   7.378541661657498917e+05   0.000000000000000000e+00   1.950475250915611809e-09   0.000000000000000000e+00  -1.527233079193052823e-09
  9.000000000000000000e+04   7.457259605282758130e+05   0.000000000000000000e+00   2.038137059945527146e-09   0.000000000000000000e+00  -2.032658196881157412e-09
  9.200000000000000000e+04   7.534694638113040710e+05   0.000000000000000000e+00   1.797067085113260486e-09   0.000000000000000000e+00  -2.147714321232921008e-09
  9.400000000000000000e+04   7.610844988864318002e+05   0.000000000000000000e+00   1.972390703173090747e-09   0.000000000000000000e+00  -2.507949567715228462e-09
  9.600000000000000000e+04   7.685582375460952753e+05   0.000000000000000000e+00   1.884728894143175410e-09   0.000000000000000000e+00  -2.261400729818592067e-09
  9.800000000000000000e+04   7.758925739284151932e+05   0.000000000000000000e+00   1.961432977044351278e-09   0.000000000000000000e+00  -2.614787397470437663e-09
  1.000000000000000000e+05   7.830812097995419754e+05   0.000000000000000000e+00   1.917602072529393816e-09   0.000000000000000000e+00  -2.753128689845772320e-09
  1.020000000000000000e+05   7.901277353775762022e+05   0.000000000000000000e+00   1.917602072529393816e-09   0.000000000000000000e+00  -2.669576028114134594e-09
  1.040000000000000000e+05   7.970263816045123385e+05   0.000000000000000000e+00   1.413546670607381764e-09   0.000000000000000000e+00  -3.017483832701610455e-09
  1.060000000000000000e+05   8.037628566966560902e+05   0.000000000000000000e+00   1.249180778676290765e-09   0.000000000000000000e+00  -3.366761353055178440e-09
  1.080000000000000000e+05   8.103408110688617453e+05   0.000000000000000000e+00   3.835204145058787219e-10   0.000000000000000000e+00  -3.973545437434122703e-09
  1.100000000000000000e+05   8.167634572016274324e+05   0.000000000000000000e+00   4.602244974070544869e-10   0.000000000000000000e+00  -3.817397840099585892e-09
  1.120000000000000000e+05   8.230190913109051762e+05   0.000000000000000000e+00  -6.026749370806666516e-11   0.000000000000000000e+00  -3.862598460380635891e-09
  1.140000000000000000e+05   8.291120639581531286e+05   0.000000000000000000e+00  -8.656603641704120431e-10   0.000000000000000000e+00  -4.000939752755970961e-09
  1.160000000000000000e+05   8.349581567811354762e+05   0.000000000000000000e+00  -1.327083362872797448e-09   0.000000000000000000e+00  -4.880297274587306927e-09
  1.180000000000000000e+05   8.351816289638319286e+05   0.000000000000000000e+00  -1.384868246754821623e-09   0.000000000000000000e+00  -4.857012106563735866e-09
  1.200000000000000000e+05   8.353949142197392648e+05   0.000000000000000000e+00  -1.319046983651426995e-09   0.000000000000000000e+00  -4.998092830471255183e-09
  1.220000000000000000e+05   8.356054520402898779e+05   0.000000000000000000e+00  -1.281176482899855914e-09   0.000000000000000000e+00  -4.757022855638988523e-09
  1.240000000000000000e+05   8.358134035710971802e+05   0.000000000000000000e+00  -1.484825394966300652e-09   0.000000000000000000e+00  -4.535128901532016553e-09
  1.260000000000000000e+05   8.360188360913645010e+05   0.000000000000000000e+00  -1.282738814945555233e-09   0.000000000000000000e+00  -4.457055102864748148e-09
  1.280000000000000000e+05   8.362217883934411220e+05   0.000000000000000000e+00  -1.329897700735940336e-09   0.000000000000000000e+00  -4.318713810489413077e-09
  1.300000000000000000e+05   8.364222985760389129e+05   0.000000000000000000e+00  -1.271952303287577280e-09   0.000000000000000000e+00  -4.129693034768658687e-09
  1.320000000000000000e+05   8.366204040445382707e+05   0.000000000000000000e+00  -1.336821185897360629e-09   0.000000000000000000e+00  -4.179002802347985883e-09
  1.340000000000000000e+05   8.368161219686542172e+05   0.000000000000000000e+00  -1.287233194803045996e-09   0.000000000000000000e+00  -4.148869055493952550e-09
  1.360000000000000000e+05   8.370095063647201750e+05   0.000000000000000000e+00  -1.165028866296987425e-09   0.000000000000000000e+00  -4.077643835657146416e-09
  1.380000000000000000e+05   8.372005925633439329e+05   0.000000000000000000e+00  -1.083691291780827179e-09   0.000000000000000000e+00  -4.000939752755970961e-09
  1.400000000000000000e+05   8.373893937892457470e+05   0.000000000000000000e+00  -1.260620045504047086e-09   0.000000000000000000e+00  -3.985872879328954295e-09
  1.420000000000000000e+05   8.375759863153776387e+05   0.000000000000000000e+00  -1.192423181618835890e-09   0.000000000000000000e+00  -3.754390914859334153e-09
  1.440000000000000000e+05   8.377603378985064337e+05   0.000000000000000000e+00  -1.217934137762307272e-09   0.000000000000000000e+00  -3.898211070299039371e-09
  1.460000000000000000e+05   8.379423928518621251e+05   0.000000000000000000e+00  -1.105959873884251781e-09   0.000000000000000000e+00  -3.777676082882906041e-09
  1.480000000000000000e+05   8.381224856536726002e+05   0.000000000000000000e+00  -9.834880227676281999e-10   0.000000000000000000e+00  -3.699602284215637636e-09
  1.500000000000000000e+05   8.383004848691043444e+05   0.000000000000000000e+00  -9.368962849116406038e-10   0.000000000000000000e+00  -3.651662232402402563e-09
  1.520000000000000000e+05   8.384764104753554566e+05   0.000000000000000000e+00  -1.105606744038305910e-09   0.000000000000000000e+00  -3.602352464823075367e-09
  1.540000000000000000e+05   8.386502793491348857e+05   0.000000000000000000e+00  -1.097623869339048624e-09   0.000000000000000000e+00  -3.844792155421434151e-09
  1.560000000000000000e+05   8.388221474511530250e+05   0.000000000000000000e+00  -1.162952890839003559e-09   0.000000000000000000e+00  -3.570849002202949497e-09
  1.580000000000000000e+05   8.389920456167333759e+05   0.000000000000000000e+00  -1.167800400542440192e-09   0.000000000000000000e+00  -3.474968898576479765e-09
  1.600000000000000000e+05   8.391599743756444659e+05   0.000000000000000000e+00  -1.234723856801362140e-09   0.000000000000000000e+00  -3.554412413009840707e-09
  1.620000000000000000e+05   8.393259758580728667e+05   0.000000000000000000e+00  -1.057067441577405636e-09   0.000000000000000000e+00  -3.440726004424169235e-09
  1.640000000000000000e+05   8.394900779030143749e+05   0.000000000000000000e+00  -1.106698236289410803e-09   0.000000000000000000e+00  -3.384567658014379767e-09
  1.660000000000000000e+05   8.396523240661449963e+05   0.000000000000000000e+00  -1.029223688269808219e-09   0.000000000000000000e+00  -3.459902025149463098e-09
  1.680000000000000000e+05   8.398127259107057471e+05   0.000000000000000000e+00  -9.421504289831358622e-10   0.000000000000000000e+00  -3.339367037733329768e-09
  1.700000000000000000e+05   8.399712928363749525e+05   0.000000000000000000e+00  -9.384158133396493893e-10   0.000000000000000000e+00  -3.231159492212028444e-09
  1.720000000000000000e+05   8.401280844303685008e+05   0.000000000000000000e+00  -8.221611876925549786e-10   0.000000000000000000e+00  -3.229789776445935907e-09
  1.740000000000000000e+05   8.402831096661874326e+05   0.000000000000000000e+00  -9.618935976428274396e-10   0.000000000000000000e+00  -3.146237114714298180e-09
  1.760000000000000000e+05   8.404363936514006928e+05   0.000000000000000000e+00  -9.661632585074437258e-10   0.000000000000000000e+00  -2.962695202057913111e-09
  1.780000000000000000e+05   8.405879610976880649e+05   0.000000000000000000e+00  -1.046045510022130780e-09   0.000000000000000000e+00  -2.755868121377957394e-09
  1.800000000000000000e+05   8.407378363048725296e+05   0.000000000000000000e+00  -1.153054554248101290e-09   0.000000000000000000e+00  -2.709297785330814858e-09
  1.820000000000000000e+05   8.408860431657645386e+05   0.000000000000000000e+00  -1.197024570520552780e-09   0.000000000000000000e+00  -2.833941920045225386e-09
  1.840000000000000000e+05   8.410326246834930498e+05   0.000000000000000000e+00  -1.111417335139776248e-09   0.000000000000000000e+00  -2.643551428558378458e-09
  1.860000000000000000e+05   8.411775653572982410e+05   0.000000000000000000e+00  -1.047019292324587119e-09   0.000000000000000000e+00  -2.662727449283672322e-09
  1.880000000000000000e+05   8.413209270094959065e+05   0.000000000000000000e+00  -1.216703533753708763e-09   0.000000000000000000e+00  -2.594241660979051262e-09
  1.900000000000000000e+05   8.414627124827429652e+05   0.000000000000000000e+00  -1.128367567745169998e-09   0.000000000000000000e+00  -2.532604451504892060e-09
  1.920000000000000000e+05   8.416029437452040147e+05   0.000000000000000000e+00  -1.188174922563064871e-09   0.000000000000000000e+00  -2.483294683925564864e-09
  1.940000000000000000e+05   8.417416424291818403e+05   0.000000000000000000e+00  -1.034798859473981241e-09   0.000000000000000000e+00  -2.264140161350777141e-09
  1.960000000000000000e+05   8.418789513850898948e+05   0.000000000000000000e+00  -1.144889764173659856e-09   0.000000000000000000e+00  -2.414808895620943804e-09
  1.980000000000000000e+05   8.420146304159545107e+05   0.000000000000000000e+00  -1.110315141984248721e-09   0.000000000000000000e+00  -2.339474528485860472e-09
  2.000000000000000000e+05   8.421488517645825632e+05   0.000000000000000000e+00  -1.168442454807795927e-09   0.000000000000000000e+00  -2.324407655058843806e-09
  2.020000000000000000e+05   8.422816147694971878e+05   0.000000000000000000e+00  -1.203787542115633984e-09   0.000000000000000000e+00  -2.501100988884766190e-09
  2.040000000000000000e+05   8.424129498022003099e+05   0.000000000000000000e+00  -1.128421072267282959e-09   0.000000000000000000e+00  -2.592871945212958725e-09
  2.060000000000000000e+05   8.425428880398067413e+05   0.000000000000000000e+00  -1.062835229061185441e-09   0.000000000000000000e+00  -2.559998766826740732e-09
  2.080000000000000000e+05   8.426714259895452997e+05   0.000000000000000000e+00  -1.047768355634168775e-09   0.000000000000000000e+00  -2.387414580299095132e-09
  2.100000000000000000e+05   8.427985939103503479e+05   0.000000000000000000e+00  -1.228560135853946137e-09   0.000000000000000000e+00  -2.318928791994474072e-09
  2.120000000000000000e+05   8.429244104690360837e+05   0.000000000000000000e+00  -1.275044864665707811e-09   0.000000000000000000e+00  -2.360020264977246873e-09
  2.140000000000000000e+05   8.430488940431283554e+05   0.000000000000000000e+00  -1.377238501901509795e-09   0.000000000000000000e+00  -2.254552150988130209e-09
  2.160000000000000000e+05   8.431720627080084523e+05   0.000000000000000000e+00  -1.335280255660506783e-09   0.000000000000000000e+00  -2.250443003689852598e-09
  2.180000000000000000e+05   8.432939342432204867e+05   0.000000000000000000e+00  -1.302407077274288583e-09   0.000000000000000000e+00  -2.231266982964558734e-09
  2.200000000000000000e+05   8.434145261385366321e+05   0.000000000000000000e+00  -1.301369089545296650e-09   0.000000000000000000e+00  -2.139496026636366613e-09
  2.220000000000000000e+05   8.435338555998171214e+05   0.000000000000000000e+00  -1.386377074278407775e-09   0.000000000000000000e+00  -2.121689721677164873e-09
  2.240000000000000000e+05   8.436519395546646556e+05   0.000000000000000000e+00  -1.375927641109741639e-09   0.000000000000000000e+00  -2.120320005911072336e-09
  2.260000000000000000e+05   8.437687809010989731e+05   0.000000000000000000e+00  -1.359967242163438075e-09   0.000000000000000000e+00  -2.076489101396114874e-09
  2.280000000000000000e+05   8.438844234030644875e+05   0.000000000000000000e+00  -1.285858128584742245e-09   0.000000000000000000e+00  -1.998415302728846882e-09
  2.300000000000000000e+05   8.439988695558391046e+05   0.000000000000000000e+00  -1.182926128943781032e-09   0.000000000000000000e+00  -2.023070186518510480e-09
  2.320000000000000000e+05   8.441121209401184460e+05   0.000000000000000000e+00  -1.109988764399359537e-09   0.000000000000000000e+00  -1.960063261278258741e-09
  2.340000000000000000e+05   8.442242216642274288e+05   0.000000000000000000e+00  -1.097072772761284758e-09   0.000000000000000000e+00  -1.890207757207545144e-09
  2.360000000000000000e+05   8.443351729015235323e+05   0.000000000000000000e+00  -1.166505591107305883e-09   0.000000000000000000e+00  -1.944996387851242075e-09
  2.380000000000000000e+05   8.444449750098293880e+05   0.000000000000000000e+00  -1.149571409858545980e-09   0.000000000000000000e+00  -1.943626672085149951e-09
  2.400000000000000000e+05   8.445536723372517154e+05   0.000000000000000000e+00  -1.063525437396442923e-09   0.000000000000000000e+00  -1.861443726119604348e-09
  2.420000000000000000e+05   8.446612497593971202e+05   0.000000000000000000e+00  -9.656068114774686456e-10   0.000000000000000000e+00  -1.790903364165844483e-09
  2.440000000000000000e+05   8.447677517903575208e+05   0.000000000000000000e+00  -9.811231228902342640e-10   0.000000000000000000e+00  -1.864868015534835484e-09
  2.460000000000000000e+05   8.448731622573435307e+05   0.000000000000000000e+00  -9.154944760664465226e-10   0.000000000000000000e+00  -1.903220056985423212e-09
  2.480000000000000000e+05   8.449775102928876877e+05   0.000000000000000000e+00  -9.100102625498655748e-10   0.000000000000000000e+00  -1.807339953358953686e-09
  2.500000000000000000e+05   8.450808252655332908e+05   0.000000000000000000e+00  -8.485603189031019417e-10   0.000000000000000000e+00  -1.699132407837652155e-09
  2.520000000000000000e+05   8.451830895742849680e+05   0.000000000000000000e+00  -8.085175345537437066e-10   0.000000000000000000e+00  -1.765563622493134616e-09
  2.540000000000000000e+05   8.452843321135503938e+05   0.000000000000000000e+00  -8.463184794265678773e-10   0.000000000000000000e+00  -1.877195457429667076e-09
  2.560000000000000000e+05   8.453845660036059562e+05   0.000000000000000000e+00  -8.631135489178339583e-10   0.000000000000000000e+00  -1.953899540330842945e-09
  2.580000000000000000e+05   8.454838202249512542e+05   0.000000000000000000e+00  -8.818133793963222862e-10   0.000000000000000000e+00  -1.870346878599205219e-09
  2.600000000000000000e+05   8.455820754630116280e+05   0.000000000000000000e+00  -8.321665333276831690e-10   0.000000000000000000e+00  -1.838158558096033080e-09
  2.620000000000000000e+05   8.456793602617832366e+05   0.000000000000000000e+00  -8.227229851747412722e-10   0.000000000000000000e+00  -1.745702743884794484e-09
  2.640000000000000000e+05   8.457756869486079086e+05   0.000000000000000000e+00  -8.008556869871641852e-10   0.000000000000000000e+00  -1.674477524047988557e-09
  2.660000000000000000e+05   8.458710676779734204e+05   0.000000000000000000e+00  -7.998712037802853164e-10   0.000000000000000000e+00  -1.656671219088787023e-09
  2.680000000000000000e+05   8.459655144183539087e+05   0.000000000000000000e+00  -8.189669677224097391e-10   0.000000000000000000e+00  -1.559421399696224754e-09
  2.700000000000000000e+05   8.460590389557657763e+05   0.000000000000000000e+00  -7.462703735274965669e-10   0.000000000000000000e+00  -1.545724242035300625e-09
  2.720000000000000000e+05   8.461516528972515371e+05   0.000000000000000000e+00  -7.672869498134771868e-10   0.000000000000000000e+00  -1.607361451509459620e-09
  2.740000000000000000e+05   8.462433676742507378e+05   0.000000000000000000e+00  -7.567358580527965497e-10   0.000000000000000000e+00  -1.586815715018073219e-09
  2.760000000000000000e+05   8.463341945458607515e+05   0.000000000000000000e+00  -7.205346983911506054e-10   0.000000000000000000e+00  -1.552572820865762689e-09
  2.780000000000000000e+05   8.464241446019839495e+05   0.000000000000000000e+00  -6.618348871809944730e-10   0.000000000000000000e+00  -1.479293027379817957e-09
  2.800000000000000000e+05   8.465132287663711468e+05   0.000000000000000000e+00  -6.687316200813582849e-10   0.000000000000000000e+00  -1.562160831228409621e-09
  2.820000000000000000e+05   8.466014410459300270e+05   0.000000000000000000e+00  -6.607005913121991489e-10   0.000000000000000000e+00  -1.608046309392505889e-09
  2.840000000000000000e+05   8.466888254568839911e+05   0.000000000000000000e+00  -6.711232722198087012e-10   0.000000000000000000e+00  -1.564215404877548220e-09
  2.860000000000000000e+05   8.467753757668879116e+05   0.000000000000000000e+00  -6.627551649613378511e-10   0.000000000000000000e+00  -1.527917937076099091e-09
  2.880000000000000000e+05   8.468611022672550753e+05   0.000000000000000000e+00  -6.209467313822510874e-10   0.000000000000000000e+00  -1.516275353064313561e-09
  2.900000000000000000e+05   8.469459983751541004e+05   0.000000000000000000e+00  -6.308076148076742427e-10   0.000000000000000000e+00  -1.562845689111455890e-09
  2.920000000000000000e+05   8.470301073749850038e+05   0.000000000000000000e+00  -6.732955558175959580e-10   0.000000000000000000e+00  -1.549148531450531554e-09
  2.940000000000000000e+05   8.471134060853066621e+05   0.000000000000000000e+00  -6.563506736644134218e-10   0.000000000000000000e+00  -1.532711942257422557e-09
  2.960000000000000000e+05   8.471959368887364399e+05   0.000000000000000000e+00  -7.226909306323040155e-10   0.000000000000000000e+00  -1.415601244256520363e-09
  2.980000000000000000e+05   8.472776769590624608e+05   0.000000000000000000e+00  -7.638466090416123076e-10   0.000000000000000000e+00  -1.388206928934671897e-09
  3.000000000000000000e+05   8.473586521606184542e+05   0.000000000000000000e+00  -6.905507641990337281e-10   0.000000000000000000e+00  -1.411492096958242958e-09
