  0.000000000000000000e+00  -1.003402350504382639e+03   0.000000000000000000e+00   1.971726281413684319e+03   0.000000000000000000e+00   8.699490082513558491e+02
  0.000000000000000000e+00   2.449747855011045431e+03   0.000000000000000000e+00  -2.449769760962231430e+03   0.000000000000000000e+00   4.020758897238780628e+04
  1.500000000000000000e+03   7.814256654986947069e+03   0.000000000000000000e+00  -2.438951407962043959e+03   0.000000000000000000e+00   4.031512411751569016e+04
  3.000000000000000000e+03   1.317533090924563476e+04   0.000000000000000000e+00  -2.427132643804035979e+03   0.000000000000000000e+00   4.042084857919796923e+04
  4.500000000000000000e+03   1.853331996135800728e+04   0.000000000000000000e+00  -2.414400072452120185e+03   0.000000000000000000e+00   4.052482699745303398e+04
  6.000000000000000000e+03   2.388851773411138129e+04   0.000000000000000000e+00  -2.400855805860291639e+03   0.000000000000000000e+00   4.062707937127151672e+04
  7.500000000000000000e+03   2.924126504791114712e+04   0.000000000000000000e+00  -2.386574888503506827e+03   0.000000000000000000e+00   4.072760567579869530e+04
  9.000000000000000000e+03   3.459201591515616747e+04   0.000000000000000000e+00  -2.371596995347333177e+03   0.000000000000000000e+00   4.082636174615338678e+04
  1.050000000000000000e+04   3.994135167421909864e+04   0.000000000000000000e+00  -2.355932034412103803e+03   0.000000000000000000e+00   4.092325222355335427e+04
  1.200000000000000000e+04   4.528993460078580392e+04   0.000000000000000000e+00  -2.339578760852245978e+03   0.000000000000000000e+00   4.101813883083620021e+04
  1.350000000000000000e+04   5.063841013786475378e+04   0.000000000000000000e+00  -2.322549777374922542e+03   0.000000000000000000e+00   4.111089102877842379e+04
  1.500000000000000000e+04   5.598730417952843709e+04   0.000000000000000000e+00  -2.304889867780018449e+03   0.000000000000000000e+00   4.120142231753498345e+04
  1.650000000000000000e+04   6.133694943450756546e+04   0.000000000000000000e+00  -2.286688481923566087e+03   0.000000000000000000e+00   4.128970650125329121e+04
  1.800000000000000000e+04   6.668749751064190059e+04   0.000000000000000000e+00  -2.268066687787278624e+03   0.000000000000000000e+00   4.137578614839839429e+04
  1.950000000000000000e+04   7.203903562562362640e+04   0.000000000000000000e+00  -2.249142193931854763e+03   0.000000000000000000e+00   4.145973330563367199e+04
  2.100000000000000000e+04   7.739175034018387669e+04   0.000000000000000000e+00  -2.229991854538415737e+03   0.000000000000000000e+00   4.154158465172585420e+04
  2.250000000000000000e+04   8.274604115452963742e+04   0.000000000000000000e+00  -2.210633651300014662e+03   0.000000000000000000e+00   4.162129110634912649e+04
  2.400000000000000000e+04   8.810251272014940332e+04   0.000000000000000000e+00  -2.191042093417102478e+03   0.000000000000000000e+00   4.169870805381950777e+04
  2.550000000000000000e+04   9.346185367192878039e+04   0.000000000000000000e+00  -2.171180281586422552e+03   0.000000000000000000e+00   4.177365430766556528e+04
  2.700000000000000000e+04   9.882464221388036094e+04   0.000000000000000000e+00  -2.151051920457597134e+03   0.000000000000000000e+00   4.184598441524404916e+04
  2.850000000000000000e+04   1.041911830437449826e+05   0.000000000000000000e+00  -2.130735624245837244e+03   0.000000000000000000e+00   4.191566432687374618e+04
  3.000000000000000000e+04   1.095614865944399498e+05   0.000000000000000000e+00  -2.110376330939476702e+03   0.000000000000000000e+00   4.198279551279442239e+04
  3.150000000000000000e+04   1.149354392527719610e+05   0.000000000000000000e+00  -2.090130757385936704e+03   0.000000000000000000e+00   4.204754684242483199e+04
  3.300000000000000000e+04   1.203130724972802564e+05   0.000000000000000000e+00  -2.070095669546926274e+03   0.000000000000000000e+00   4.211002867895424424e+04
  3.450000000000000000e+04   1.256947384264659777e+05   0.000000000000000000e+00  -2.050269327106071160e+03   0.000000000000000000e+00   4.217019718987827946e+04
  3.600000000000000000e+04   1.310810642484057171e+05   0.000000000000000000e+00  -2.030576913150926430e+03   0.000000000000000000e+00   4.222785242187912809e+04
  3.750000000000000000e+04   1.364727262248819461e+05   0.000000000000000000e+00  -2.010934682581083280e+03   0.000000000000000000e+00   4.228275666425894451e+04
  3.900000000000000000e+04   1.418701515885475674e+05   0.000000000000000000e+00  -1.991339538606982615e+03   0.000000000000000000e+00   4.233477656211113208e+04
  4.050000000000000000e+04   1.472733523427925829e+05   0.000000000000000000e+00  -1.971908691251739583e+03   0.000000000000000000e+00   4.238399468870018609e+04
  4.200000000000000000e+04   1.526820361147195508e+05   0.000000000000000000e+00  -1.952834360147064444e+03   0.000000000000000000e+00   4.243067356498802110e+04
  4.350000000000000000e+04   1.580959581143159885e+05   0.000000000000000000e+00  -1.934266636797132833e+03   0.000000000000000000e+00   4.247506651132847765e+04
  4.500000000000000000e+04   1.635152389693621371e+05   0.000000000000000000e+00  -1.916212647474336563e+03   0.000000000000000000e+00   4.251721506524462166e+04
  4.650000000000000000e+04   1.689403920247227361e+05   0.000000000000000000e+00  -1.898533331736103264e+03   0.000000000000000000e+00   4.255689170300569822e+04
  4.800000000000000000e+04   1.743720645321385236e+05   0.000000000000000000e+00  -1.881032756164270495e+03   0.000000000000000000e+00   4.259374995736373967e+04
  4.950000000000000000e+04   1.798106600347057392e+05   0.000000000000000000e+00  -1.863596281798555538e+03   0.000000000000000000e+00   4.262755563194036949e+04
  5.100000000000000000e+04   1.852561035868762410e+05   0.000000000000000000e+00  -1.846276990063842504e+03   0.000000000000000000e+00   4.265837734528844885e+04
  5.250000000000000000e+04   1.907079537146271032e+05   0.000000000000000000e+00  -1.829249472709614338e+03   0.000000000000000000e+00   4.268655567115656595e+04
  5.400000000000000000e+04   1.961658231770411949e+05   0.000000000000000000e+00  -1.812637320567280995e+03   0.000000000000000000e+00   4.271242222409089300e+04
  5.550000000000000000e+04   2.016297555368317117e+05   0.000000000000000000e+00  -1.796352357320147803e+03   0.000000000000000000e+00   4.273599649414742453e+04
  5.700000000000000000e+04   2.071002425278473820e+05   0.000000000000000000e+00  -1.780079598090468380e+03   0.000000000000000000e+00   4.275690141953757120e+04
  5.850000000000000000e+04   2.125779193449745362e+05   0.000000000000000000e+00  -1.763406284904567656e+03   0.000000000000000000e+00   4.277458268000746466e+04
  6.000000000000000000e+04   2.180631587770446786e+05   0.000000000000000000e+00  -1.746016362603390007e+03   0.000000000000000000e+00   4.278866431875465787e+04
  6.150000000000000000e+04   2.235558543332159752e+05   0.000000000000000000e+00  -1.727801697812157954e+03   0.000000000000000000e+00   4.279916880149485223e+04
  6.300000000000000000e+04   2.290555863537039841e+05   0.000000000000000000e+00  -1.708785226110548365e+03   0.000000000000000000e+00   4.280644375049283553e+04
  6.450000000000000000e+04   2.345620966061245417e+05   0.000000000000000000e+00  -1.688859001959607667e+03   0.000000000000000000e+00   4.281072934901381086e+04
  6.600000000000000000e+04   2.400756710779378191e+05   0.000000000000000000e+00  -1.667548450037475504e+03   0.000000000000000000e+00   4.281177422313365241e+04
  6.750000000000000000e+04   2.455970832918885280e+05   0.000000000000000000e+00  -1.644011066078165186e+03   0.000000000000000000e+00   4.280878032749463455e+04
  6.900000000000000000e+04   2.511273134298627847e+05   0.000000000000000000e+00  -1.617148849427522691e+03   0.000000000000000000e+00   4.280064820976229385e+04
  7.050000000000000000e+04   2.566671959622722643e+05   0.000000000000000000e+00  -1.585781082486088508e+03   0.000000000000000000e+00   4.278635638669117907e+04
  7.200000000000000000e+04   2.622173209302602336e+05   0.000000000000000000e+00  -1.548642952732051981e+03   0.000000000000000000e+00   4.276514700598028867e+04
  7.350000000000000000e+04   2.677783766224524006e+05   0.000000000000000000e+00  -1.504007711070728192e+03   0.000000000000000000e+00   4.273617348881466751e+04
  7.500000000000000000e+04   2.733519535838226438e+05   0.000000000000000000e+00  -1.448757983381984104e+03   0.000000000000000000e+00   4.269748753545738873e+04
  7.650000000000000000e+04   2.789417557608750067e+05   0.000000000000000000e+00  -1.376570252961188544e+03   0.000000000000000000e+00   4.264435110654652817e+04
  7.800000000000000000e+04   2.845564728933045990e+05   0.000000000000000000e+00  -1.272867883956525702e+03   0.000000000000000000e+00   4.256528160505885171e+04
  7.950000000000000000e+04   2.902266658620362869e+05   0.000000000000000000e+00  -1.085990828697865481e+03   0.000000000000000000e+00   4.241974549506918993e+04
  8.100000000000000000e+04   2.976070004875147715e+05   0.000000000000000000e+00   1.311543812106973292e+03   0.000000000000000000e+00   4.054068418932165514e+04
  8.250000000000000000e+04   3.034576131801721640e+05   0.000000000000000000e+00   1.585255853140118461e+03   0.000000000000000000e+00   4.032425668706407305e+04
  8.400000000000000000e+04   3.092691036526046810e+05   0.000000000000000000e+00   1.793710068818983473e+03   0.000000000000000000e+00   4.015768117946558777e+04
  8.550000000000000000e+04   3.150663861266965978e+05   0.000000000000000000e+00   1.966137600648050011e+03   0.000000000000000000e+00   4.001816759537640610e+04
  8.700000000000000000e+04   3.208610546671496704e+05   0.000000000000000000e+00   2.115248641702879013e+03   0.000000000000000000e+00   3.989556454001146631e+04
  8.850000000000000000e+04   3.266599825518099824e+05   0.000000000000000000e+00   2.247860021470844003e+03   0.000000000000000000e+00   3.978404380590064102e+04
  9.000000000000000000e+04   3.324678398410181981e+05   0.000000000000000000e+00   2.367973944826182105e+03   0.000000000000000000e+00   3.967946223216837825e+04
  9.150000000000000000e+04   3.382880835137465619e+05   0.000000000000000000e+00   2.478003668147715416e+03   0.000000000000000000e+00   3.957812491760083503e+04
  9.300000000000000000e+04   3.441234029286865261e+05   0.000000000000000000e+00   2.579406602312629275e+03   0.000000000000000000e+00   3.947624114598401502e+04
  9.450000000000000000e+04   3.499759439505801420e+05   0.000000000000000000e+00   2.673109888790610512e+03   0.000000000000000000e+00   3.936991746175257867e+04
  9.600000000000000000e+04   3.558474626206970424e+05   0.000000000000000000e+00   2.759822976104795544e+03   0.000000000000000000e+00   3.925546928236696112e+04
  9.750000000000000000e+04   3.617394494730321458e+05   0.000000000000000000e+00   2.840253883881925503e+03   0.000000000000000000e+00   3.912968916354513203e+04
  9.900000000000000000e+04   3.676531428158328636e+05   0.000000000000000000e+00   2.914990728473940635e+03   0.000000000000000000e+00   3.899040106166531768e+04
  1.005000000000000000e+05   3.735898112556721899e+05   0.000000000000000000e+00   2.984893961497177770e+03   0.000000000000000000e+00   3.883619944369084260e+04
  1.020000000000000000e+05   3.795516759290525224e+05   0.000000000000000000e+00   3.051910099967731639e+03   0.000000000000000000e+00   3.866710301760321454e+04
  1.035000000000000000e+05   3.855476245606086450e+05   0.000000000000000000e+00   3.125766087217823952e+03   0.000000000000000000e+00   3.848463669517546077e+04
  1.050000000000000000e+05   3.916331508980582003e+05   0.000000000000000000e+00   3.277521852367749489e+03   0.000000000000000000e+00   3.827398042591197009e+04
  1.065000000000000000e+05   3.977619745131772361e+05   0.000000000000000000e+00   3.461704193420423053e+03   0.000000000000000000e+00   3.800648077369890962e+04
  1.080000000000000000e+05   4.038440321679943008e+05   0.000000000000000000e+00   3.543198090596100883e+03   0.000000000000000000e+00   3.773369814029146073e+04
  1.095000000000000000e+05   4.099252765354275471e+05   0.000000000000000000e+00   3.566242694627559104e+03   0.000000000000000000e+00   3.744686836546356790e+04
  1.110000000000000000e+05   4.160295731940115802e+05   0.000000000000000000e+00   3.544988726935551767e+03   0.000000000000000000e+00   3.713479216606004775e+04
  1.125000000000000000e+05   4.221798347068472067e+05   0.000000000000000000e+00   3.478990487234203556e+03   0.000000000000000000e+00   3.678526764165827626e+04
  1.140000000000000000e+05   4.569201659722473705e+05   0.000000000000000000e+00   1.420320750049439661e-02   0.000000000000000000e+00  -1.063555169987792128e-02
  1.155000000000000000e+05   4.618531248744848999e+05   0.000000000000000000e+00  -3.104227975999148022e-03   0.000000000000000000e+00  -4.075953058001838790e-03
  1.170000000000000000e+05   4.667910294790859334e+05   0.000000000000000000e+00  -1.175156166629923518e-03   0.000000000000000000e+00   8.988002174843503535e-04
  1.185000000000000000e+05   4.717339704650106141e+05   0.000000000000000000e+00   2.532451043339090037e-04   0.000000000000000000e+00   3.395885365992184980e-04
  1.200000000000000000e+05   4.766819879994806834e+05   0.000000000000000000e+00   9.824907635369411996e-05   0.000000000000000000e+00  -6.953475036754552612e-05
  1.215000000000000000e+05   4.816350759144401527e+05   0.000000000000000000e+00  -1.843532226989567097e-05   0.000000000000000000e+00  -2.844226567846507085e-05
  1.230000000000000000e+05   4.865931846040091477e+05   0.000000000000000000e+00  -8.213341704344353912e-06   0.000000000000000000e+00   4.698048202399642745e-06
  1.245000000000000000e+05   4.915562171456447104e+05   0.000000000000000000e+00   1.143548298795243036e-06   0.000000000000000000e+00   2.359055642648976127e-06
  1.260000000000000000e+05   4.965240281411417527e+05   0.000000000000000000e+00   6.712045562898027257e-07   0.000000000000000000e+00  -2.591118709032360741e-07
  1.275000000000000000e+05   5.014964233998671407e+05   0.000000000000000000e+00  -5.218069182505698842e-08   0.000000000000000000e+00  -1.863135325090728427e-07
  1.290000000000000000e+05   5.064731624772750074e+05   0.000000000000000000e+00  -5.097534195089565512e-08   0.000000000000000000e+00   1.062813827252340298e-08
  1.305000000000000000e+05   5.114539531993332203e+05   0.000000000000000000e+00   1.555997110280993825e-09   0.000000000000000000e+00   1.598150112982488229e-08
  1.320000000000000000e+05   5.164384572373249102e+05   0.000000000000000000e+00   4.558414069555587614e-09   0.000000000000000000e+00   2.358992978152677367e-09
  1.335000000000000000e+05   5.214262898904001922e+05   0.000000000000000000e+00   1.095772612873939235e-09   0.000000000000000000e+00   1.144055093628697132e-09
  1.350000000000000000e+05   5.264170206300134305e+05   0.000000000000000000e+00   6.574635677243635823e-10   0.000000000000000000e+00   2.038137059945527146e-09
  1.365000000000000000e+05   5.314101747982483357e+05   0.000000000000000000e+00   8.327871857841938433e-10   0.000000000000000000e+00   2.264996233704584925e-09
  1.380000000000000000e+05   5.364052400798525196e+05   0.000000000000000000e+00   7.889562812692362781e-10   0.000000000000000000e+00   2.323722797175797331e-09
  1.395000000000000000e+05   5.414016804733204190e+05   0.000000000000000000e+00   7.451253767542787128e-10   0.000000000000000000e+00   2.390325226302041514e-09
  1.410000000000000000e+05   5.463988706685396610e+05   0.000000000000000000e+00   7.451253767542787128e-10   0.000000000000000000e+00   2.427136337515775396e-09
  1.425000000000000000e+05   5.513962167815041030e+05   0.000000000000000000e+00   7.232099244967998785e-10   0.000000000000000000e+00   2.491855407463642703e-09
  1.440000000000000000e+05   5.563930777600172441e+05   0.000000000000000000e+00   7.012944722393211475e-10   0.000000000000000000e+00   2.551951686700947646e-09
  1.455000000000000000e+05   5.613887904585351935e+05   0.000000000000000000e+00   7.012944722393211475e-10   0.000000000000000000e+00   2.628998198543646545e-09
  1.470000000000000000e+05   5.663826739020872628e+05   0.000000000000000000e+00   6.793790199818423132e-10   0.000000000000000000e+00   2.686526260719528136e-09
  1.485000000000000000e+05   5.713740349217422772e+05   0.000000000000000000e+00   6.574635677243635823e-10   0.000000000000000000e+00   2.730357165234486012e-09
  1.500000000000000000e+05   5.763621690690037794e+05   0.000000000000000000e+00   7.012944722393211475e-10   0.000000000000000000e+00   2.776071428927820350e-09
  1.485000000000000000e+05   5.713740025053976569e+05   0.000000000000000000e+00   6.793790199818423132e-10   0.000000000000000000e+00   2.720940369342600389e-09
  1.470000000000000000e+05   5.663826333371631335e+05   0.000000000000000000e+00   7.232099244967998785e-10   0.000000000000000000e+00   2.660159232222248970e-09
  1.455000000000000000e+05   5.613887422934114002e+05   0.000000000000000000e+00   7.451253767542787128e-10   0.000000000000000000e+00   2.608623676523021867e-09
  1.440000000000000000e+05   5.563930237077964703e+05   0.000000000000000000e+00   7.889562812692362781e-10   0.000000000000000000e+00   2.529865019972707400e-09
  1.425000000000000000e+05   5.513961577030366752e+05   0.000000000000000000e+00   7.889562812692362781e-10   0.000000000000000000e+00   2.455729154132954883e-09
  1.410000000000000000e+05   5.463988074478330091e+05   0.000000000000000000e+00   7.889562812692362781e-10   0.000000000000000000e+00   2.393920730188034372e-09
  1.395000000000000000e+05   5.414016142469338374e+05   0.000000000000000000e+00   7.889562812692362781e-10   0.000000000000000000e+00   2.344782177079468484e-09
  1.380000000000000000e+05   5.364052074842350557e+05   0.000000000000000000e+00   8.547026380416726777e-10   0.000000000000000000e+00   2.269105381002862122e-09
  1.365000000000000000e+05   5.314101501231588190e+05   0.000000000000000000e+00   8.547026380416726777e-10   0.000000000000000000e+00   2.164150910426030211e-09
  1.350000000000000000e+05   5.264169988950035768e+05   0.000000000000000000e+00   9.423644470715877048e-10   0.000000000000000000e+00   2.067072305504229664e-09
  1.335000000000000000e+05   5.214262684280900867e+05   0.000000000000000000e+00   9.204489948141089738e-10   0.000000000000000000e+00   1.997388015904277376e-09
  1.320000000000000000e+05   5.164384343790885760e+05   0.000000000000000000e+00   9.423644470715877048e-10   0.000000000000000000e+00   1.938832666903826279e-09
  1.305000000000000000e+05   5.114539287722003646e+05   0.000000000000000000e+00   1.008110803844024104e-09   0.000000000000000000e+00   1.856136077525996129e-09
  1.290000000000000000e+05   5.064731365527174785e+05   0.000000000000000000e+00   1.008110803844024104e-09   0.000000000000000000e+00   1.782685069569289881e-09
  1.275000000000000000e+05   5.014963973724172683e+05   0.000000000000000000e+00   1.030026256101502835e-09   0.000000000000000000e+00   1.722931219273507969e-09
  1.260000000000000000e+05   4.965240012180405320e+05   0.000000000000000000e+00   1.073857160616460504e-09   0.000000000000000000e+00   1.638180056246539221e-09
  1.245000000000000000e+05   4.915561909451504471e+05   0.000000000000000000e+00   1.073857160616460504e-09   0.000000000000000000e+00   1.576200417830856988e-09
  1.230000000000000000e+05   4.865931582627058960e+05   0.000000000000000000e+00   1.095772612873939235e-09   0.000000000000000000e+00   1.490250753508557426e-09
  1.215000000000000000e+05   4.816350484702378162e+05   0.000000000000000000e+00   1.139603517388896904e-09   0.000000000000000000e+00   1.400020727417218943e-09
  1.200000000000000000e+05   4.766819598632966517e+05   0.000000000000000000e+00   1.227265326418812034e-09   0.000000000000000000e+00   1.321946928749950745e-09
  1.185000000000000000e+05   4.717339427800516714e+05   0.000000000000000000e+00   1.205349874161333303e-09   0.000000000000000000e+00   1.234798763132320367e-09
  1.170000000000000000e+05   4.667910012587787933e+05   0.000000000000000000e+00   1.249180778676290765e-09   0.000000000000000000e+00   1.139261088447373666e-09
  1.155000000000000000e+05   4.618530979975491646e+05   0.000000000000000000e+00   1.293011683191248434e-09   0.000000000000000000e+00   1.054681139891166640e-09
  1.140000000000000000e+05   4.569201504337519873e+05   0.000000000000000000e+00   1.249180778676290765e-09   0.000000000000000000e+00   9.875650673526377036e-10
  1.125000000000000000e+05   4.519920384276524419e+05   0.000000000000000000e+00   1.314927135448727165e-09   0.000000000000000000e+00   9.293521472937097406e-10
  1.110000000000000000e+05   4.470686015860250336e+05   0.000000000000000000e+00   1.336842587706205896e-09   0.000000000000000000e+00   8.660027931119351774e-10
  1.095000000000000000e+05   4.421496418763271649e+05   0.000000000000000000e+00   1.424504396736121026e-09   0.000000000000000000e+00   8.220006741262159933e-10
  1.080000000000000000e+05   4.372349265792169608e+05   0.000000000000000000e+00   1.424504396736121026e-09   0.000000000000000000e+00   7.355373663916317809e-10
  1.065000000000000000e+05   4.323241894267958123e+05   0.000000000000000000e+00   1.468335301251078695e-09   0.000000000000000000e+00   6.603742137273099649e-10
  1.050000000000000000e+05   4.274171322273975820e+05   0.000000000000000000e+00   1.468335301251078695e-09   0.000000000000000000e+00   5.809306992939493327e-10
  1.035000000000000000e+05   4.225134251429392607e+05   0.000000000000000000e+00   1.490250753508557426e-09   0.000000000000000000e+00   4.869339548458567872e-10
  1.020000000000000000e+05   4.176127099788467749e+05   0.000000000000000000e+00   1.512166205766036157e-09   0.000000000000000000e+00   4.309468229068289383e-10
  1.005000000000000000e+05   4.127145992559190490e+05   0.000000000000000000e+00   1.577912562538472556e-09   0.000000000000000000e+00   3.708505436695238402e-10
  9.900000000000000000e+04   4.078186799886539811e+05   0.000000000000000000e+00   1.621743467053430225e-09   0.000000000000000000e+00   2.850720938179857413e-10
  9.750000000000000000e+04   4.029245094659322058e+05   0.000000000000000000e+00   1.643658919310908956e-09   0.000000000000000000e+00   2.123059437443257358e-10
  9.600000000000000000e+04   3.980316200599727454e+05   0.000000000000000000e+00   1.687489823825866418e-09   0.000000000000000000e+00   1.332048582524882378e-10
  9.450000000000000000e+04   3.931395182541142567e+05   0.000000000000000000e+00   1.665574371568387687e-09   0.000000000000000000e+00   3.372925074002594495e-11
  9.300000000000000000e+04   3.882476850560407620e+05   0.000000000000000000e+00   1.665574371568387687e-09   0.000000000000000000e+00  -3.116103367860265132e-11
  9.150000000000000000e+04   3.833555754312339122e+05   0.000000000000000000e+00   1.753236180598302817e-09   0.000000000000000000e+00  -5.050826887465814032e-11
  9.000000000000000000e+04   3.784626183198295184e+05   0.000000000000000000e+00   1.753236180598302817e-09   0.000000000000000000e+00  -1.160834111763329469e-10
  8.850000000000000000e+04   3.735682158574700006e+05   0.000000000000000000e+00   1.775151632855781548e-09   0.000000000000000000e+00  -1.903904914868469532e-10
  8.700000000000000000e+04   3.686717498844167567e+05   0.000000000000000000e+00   1.775151632855781548e-09   0.000000000000000000e+00  -2.717173650985846429e-10
  8.550000000000000000e+04   3.637725599689448718e+05   0.000000000000000000e+00   1.840897989628217948e-09   0.000000000000000000e+00  -3.742748330847548726e-10
  8.400000000000000000e+04   3.588699552162479958e+05   0.000000000000000000e+00   1.753236180598302817e-09   0.000000000000000000e+00  -4.278649624331209885e-10
  8.250000000000000000e+04   3.539632268959801877e+05   0.000000000000000000e+00   1.797067085113260486e-09   0.000000000000000000e+00  -5.156979859337976861e-10
  8.100000000000000000e+04   3.490516275980854989e+05   0.000000000000000000e+00   1.775151632855781548e-09   0.000000000000000000e+00  -5.670623271622635846e-10
  7.950000000000000000e+04   3.441343707991860574e+05   0.000000000000000000e+00   1.775151632855781548e-09   0.000000000000000000e+00  -6.278434642826148994e-10
  7.800000000000000000e+04   3.392106312804215704e+05   0.000000000000000000e+00   1.797067085113260486e-09   0.000000000000000000e+00  -7.163613456663378138e-10
  7.650000000000000000e+04   3.342795476554689812e+05   0.000000000000000000e+00   1.775151632855781548e-09   0.000000000000000000e+00  -7.540285292338794796e-10
  7.500000000000000000e+04   3.293402122484951979e+05   0.000000000000000000e+00   1.797067085113260486e-09   0.000000000000000000e+00  -8.273083227198241089e-10
  7.350000000000000000e+04   3.243916694895920809e+05   0.000000000000000000e+00   1.862813441885696885e-09   0.000000000000000000e+00  -9.226747829340091914e-10
  7.200000000000000000e+04   3.194329124511177070e+05   0.000000000000000000e+00   1.840897989628217948e-09   0.000000000000000000e+00  -9.562328192032735563e-10
  7.050000000000000000e+04   3.144628783738621278e+05   0.000000000000000000e+00   1.840897989628217948e-09   0.000000000000000000e+00  -1.069063155435137038e-09
  6.900000000000000000e+04   3.094804418166491669e+05   0.000000000000000000e+00   1.775151632855781548e-09   0.000000000000000000e+00  -1.093033181341754368e-09
  6.750000000000000000e+04   3.044844110532058985e+05   0.000000000000000000e+00   1.753236180598302817e-09   0.000000000000000000e+00  -1.195248220386401618e-09
  6.600000000000000000e+04   2.994735213803460356e+05   0.000000000000000000e+00   1.775151632855781548e-09   0.000000000000000000e+00  -1.244044344553444268e-09
  6.450000000000000000e+04   2.944464289479046129e+05   0.000000000000000000e+00   1.753236180598302817e-09   0.000000000000000000e+00  -1.338383517943059948e-09
  6.300000000000000000e+04   2.894017049400642281e+05   0.000000000000000000e+00   1.753236180598302817e-09   0.000000000000000000e+00  -1.427415042739067409e-09
  6.150000000000000000e+04   2.843378261003934895e+05   0.000000000000000000e+00   1.709405276083345355e-09   0.000000000000000000e+00  -1.520726929304113789e-09
  6.000000000000000000e+04   2.792531692014944856e+05   0.000000000000000000e+00   1.687489823825866418e-09   0.000000000000000000e+00  -1.626366257763991968e-09
  5.850000000000000000e+04   2.741460140651077381e+05   0.000000000000000000e+00   1.687489823825866418e-09   0.000000000000000000e+00  -1.679785172641596569e-09
  5.700000000000000000e+04   2.690145202874280512e+05   0.000000000000000000e+00   1.709405276083345355e-09   0.000000000000000000e+00  -1.821379539961400846e-09
  5.550000000000000000e+04   2.638567269218057045e+05   0.000000000000000000e+00   1.731320728340824086e-09   0.000000000000000000e+00  -1.883359178377083286e-09
  5.400000000000000000e+04   2.586705511243574438e+05   0.000000000000000000e+00   1.687489823825866418e-09   0.000000000000000000e+00  -2.011256388035963227e-09
  5.250000000000000000e+04   2.534537768752740230e+05   0.000000000000000000e+00   1.709405276083345355e-09   0.000000000000000000e+00  -2.068955664682606541e-09
  5.100000000000000000e+04   2.482040607914276188e+05   0.000000000000000000e+00   1.599828014795951287e-09   0.000000000000000000e+00  -2.145488533113020687e-09
  4.950000000000000000e+04   2.429189460943262384e+05   0.000000000000000000e+00   1.643658919310908956e-09   0.000000000000000000e+00  -2.324407655058843806e-09
  4.800000000000000000e+04   2.375959011867450026e+05   0.000000000000000000e+00   1.577912562538472556e-09   0.000000000000000000e+00  -2.388270652652902915e-09
  4.650000000000000000e+04   2.322321361011067929e+05   0.000000000000000000e+00   1.621743467053430225e-09   0.000000000000000000e+00  -2.575236854724518707e-09
  4.500000000000000000e+04   2.268249324327449140e+05   0.000000000000000000e+00   1.512166205766036157e-09   0.000000000000000000e+00  -2.622320834183945996e-09
  4.350000000000000000e+04   2.213714992336207069e+05   0.000000000000000000e+00   1.555997110280993825e-09   0.000000000000000000e+00  -2.764942488328319573e-09
  4.200000000000000000e+04   2.158690552803488390e+05   0.000000000000000000e+00   1.512166205766036157e-09   0.000000000000000000e+00  -2.909276287180308717e-09
  4.050000000000000000e+04   2.103148937414876127e+05   0.000000000000000000e+00   1.490250753508557426e-09   0.000000000000000000e+00  -3.001732101391547314e-09
  3.900000000000000000e+04   2.047065456854842778e+05   0.000000000000000000e+00   1.380673492221163564e-09   0.000000000000000000e+00  -3.205819750539318784e-09
  3.750000000000000000e+04   1.990418526880427671e+05   0.000000000000000000e+00   1.227265326418812034e-09   0.000000000000000000e+00  -3.320533445949558935e-09
  3.600000000000000000e+04   1.933187177733362769e+05   0.000000000000000000e+00   1.271096230933769496e-09   0.000000000000000000e+00  -3.462641456681648172e-09
  3.450000000000000000e+04   1.875361079571537848e+05   0.000000000000000000e+00   1.205349874161333303e-09   0.000000000000000000e+00  -3.568109570670764836e-09
  3.300000000000000000e+04   1.816933248735642701e+05   0.000000000000000000e+00   1.293011683191248434e-09   0.000000000000000000e+00  -3.735899752017086351e-09
  3.150000000000000000e+04   1.757905281196357682e+05   0.000000000000000000e+00   1.117688065131417966e-09   0.000000000000000000e+00  -3.909853654310824902e-09
  3.000000000000000000e+04   1.698287477048898290e+05   0.000000000000000000e+00   1.073857160616460504e-09   0.000000000000000000e+00  -4.154690347499845316e-09
  2.850000000000000000e+04   1.638099169135485135e+05   0.000000000000000000e+00   1.161518969646375634e-09   0.000000000000000000e+00  -4.281046626921871411e-09
  2.700000000000000000e+04   1.577368468825262389e+05   0.000000000000000000e+00   1.073857160616460504e-09   0.000000000000000000e+00  -4.498489004789043566e-09
  2.550000000000000000e+04   1.516131369733089814e+05   0.000000000000000000e+00   1.117688065131417966e-09   0.000000000000000000e+00  -4.762501718703358671e-09
  2.400000000000000000e+04   1.454430214358279773e+05   0.000000000000000000e+00   1.227265326418812034e-09   0.000000000000000000e+00  -4.816263062522486509e-09
  2.250000000000000000e+04   1.392311752268694981e+05   0.000000000000000000e+00   1.139603517388896904e-09   0.000000000000000000e+00  -4.986792675400993097e-09
  2.100000000000000000e+04   1.329824953961136052e+05   0.000000000000000000e+00   1.095772612873939235e-09   0.000000000000000000e+00  -5.229574794940875326e-09
  1.950000000000000000e+04   1.267018863629278057e+05   0.000000000000000000e+00   1.249180778676290765e-09   0.000000000000000000e+00  -5.314154743497082558e-09
  1.800000000000000000e+04   1.203940696009656240e+05   0.000000000000000000e+00   1.271096230933769496e-09   0.000000000000000000e+00  -5.422019860076860852e-09
  1.650000000000000000e+04   1.140634275456061732e+05   0.000000000000000000e+00   1.293011683191248434e-09   0.000000000000000000e+00  -5.314154743497082558e-09
  1.500000000000000000e+04   1.077138971962716751e+05   0.000000000000000000e+00   1.271096230933769496e-09   0.000000000000000000e+00  -5.254572107672061955e-09
  1.350000000000000000e+04   1.013489043568611087e+05   0.000000000000000000e+00   1.380673492221163564e-09   0.000000000000000000e+00  -5.437771591386923580e-09
  1.200000000000000000e+04   9.497134111634131114e+04   0.000000000000000000e+00   1.468335301251078695e-09   0.000000000000000000e+00  -5.278884562520202522e-09
  1.050000000000000000e+04   8.858356820869854710e+04   0.000000000000000000e+00   1.665574371568387687e-09   0.000000000000000000e+00  -5.485369214258635208e-09
  9.000000000000000000e+03   8.218748662350173981e+04   0.000000000000000000e+00   1.840897989628217948e-09   0.000000000000000000e+00  -5.254229678730538510e-09
  7.500000000000000000e+03   7.578431964082647755e+04   0.000000000000000000e+00   1.818982537370739217e-09   0.000000000000000000e+00  -5.209371487391011956e-09
  6.000000000000000000e+03   6.937510162878211122e+04   0.000000000000000000e+00   1.972390703173090747e-09   0.000000000000000000e+00  -5.203207766443595746e-09
  4.500000000000000000e+03   6.296036809804623044e+04   0.000000000000000000e+00   1.994306155430569685e-09   0.000000000000000000e+00  -5.041923734986213059e-09
  3.000000000000000000e+03   5.654047326512667496e+04   0.000000000000000000e+00   2.038137059945527146e-09   0.000000000000000000e+00  -4.832357222774071854e-09
  1.500000000000000000e+03   5.011535764393260615e+04   0.000000000000000000e+00   2.103883416717963546e-09   0.000000000000000000e+00  -4.705658514410523141e-09
  0.000000000000000000e+00   4.368441315626286087e+04   0.000000000000000000e+00   2.169629773490399946e-09   0.000000000000000000e+00  -4.696070504047875796e-09
 -1.500000000000000000e+03   3.724713213499610720e+04   0.000000000000000000e+00   2.213460678005357407e-09   0.000000000000000000e+00  -4.597108539947697959e-09
 -3.000000000000000000e+03   3.080263468541468683e+04   0.000000000000000000e+00   2.301122487035272331e-09   0.000000000000000000e+00  -4.551907919666647960e-09
 -4.500000000000000000e+03   2.434972943710049731e+04   0.000000000000000000e+00   2.476446105095102592e-09   0.000000000000000000e+00  -4.422469779770914173e-09
 -6.000000000000000000e+03   1.788703813483295744e+04   0.000000000000000000e+00   2.410699748322666606e-09   0.000000000000000000e+00  -4.370420580659401903e-09
 -7.500000000000000000e+03   1.141292496289058181e+04   0.000000000000000000e+00   2.673685175412411791e-09   0.000000000000000000e+00  -4.315289521074181941e-09
 -9.000000000000000000e+03   4.925371568653664326e+03   0.000000000000000000e+00   2.607938818639975391e-09   0.000000000000000000e+00  -4.125583887470381489e-09
 -1.050000000000000000e+04  -1.577973817216899761e+03   0.000000000000000000e+00   2.695600627669890729e-09   0.000000000000000000e+00  -4.102641148388333045e-09
 -1.200000000000000000e+04  -8.099893492521006010e+03   0.000000000000000000e+00   2.717516079927369253e-09   0.000000000000000000e+00  -3.951287556235120321e-09
 -1.350000000000000000e+04  -1.464369737298702967e+04   0.000000000000000000e+00   2.739431532184848191e-09   0.000000000000000000e+00  -3.792400527368399263e-09
 -1.500000000000000000e+04  -2.121336277668982075e+04   0.000000000000000000e+00   2.827093341214763528e-09   0.000000000000000000e+00  -3.667413963712465704e-09
 -1.650000000000000000e+04  -2.781373770417353080e+04   0.000000000000000000e+00   2.849008793472242052e-09   0.000000000000000000e+00  -3.566739854904672299e-09
 -1.800000000000000000e+04  -3.445082975174391322e+04   0.000000000000000000e+00   2.849008793472242052e-09   0.000000000000000000e+00  -3.520169518857529764e-09
 -1.950000000000000000e+04  -4.113226008578772598e+04   0.000000000000000000e+00   2.980501507017114851e-09   0.000000000000000000e+00  -3.254102231294076474e-09
 -2.100000000000000000e+04  -4.786793393340621697e+04   0.000000000000000000e+00   2.849008793472242052e-09   0.000000000000000000e+00  -3.256841662826261548e-09
 -2.250000000000000000e+04  -5.467118975014755415e+04   0.000000000000000000e+00   2.936670602502157389e-09   0.000000000000000000e+00  -3.154797838252375606e-09
 -2.400000000000000000e+04  -6.156079502977559605e+04   0.000000000000000000e+00   3.002416959274593789e-09   0.000000000000000000e+00  -3.043850861198889621e-09
 -2.550000000000000000e+04  -6.856479320598619233e+04   0.000000000000000000e+00   2.936670602502157389e-09   0.000000000000000000e+00  -2.952079904870697087e-09
 -2.700000000000000000e+04  -7.572840230291114131e+04   0.000000000000000000e+00   2.936670602502157389e-09   0.000000000000000000e+00  -2.824353909682578454e-09
 -2.850000000000000000e+04  -8.313445336598626454e+04   0.000000000000000000e+00   2.827093341214763528e-09   0.000000000000000000e+00  -2.615472255353483725e-09
 -3.000000000000000000e+04  -9.097324649679155846e+04   0.000000000000000000e+00   1.972390703173090747e-09   0.000000000000000000e+00  -1.523123931894775625e-09
 -3.150000000000000000e+04  -1.000182740444375522e+05   0.000000000000000000e+00   3.550303265711563427e-08   0.000000000000000000e+00   4.142945034805602669e-08
 -3.300000000000000000e+04  -1.437789906851622800e+05   0.000000000000000000e+00   1.326542325145190853e-07   0.000000000000000000e+00   2.481603084954440487e-07
 -3.450000000000000000e+04  -1.491249384136252338e+05   0.000000000000000000e+00   8.086801883009671773e-09   0.000000000000000000e+00  -1.168749356746636038e-07
 -3.600000000000000000e+04  -1.544566405888730951e+05   0.000000000000000000e+00  -2.522468554835808361e-08   0.000000000000000000e+00   3.453892397225732646e-08
 -3.750000000000000000e+04  -1.597742873603493499e+05   0.000000000000000000e+00   2.117032688072450826e-08   0.000000000000000000e+00  -8.202542865244481844e-09
 -3.900000000000000000e+04  -1.650780206524867972e+05   0.000000000000000000e+00  -4.339259546980799891e-09   0.000000000000000000e+00  -4.518178668926622183e-09
 -4.050000000000000000e+04  -1.703679626104927156e+05   0.000000000000000000e+00   5.128215828250035859e-09   0.000000000000000000e+00   2.739431532184848087e-10
 -4.200000000000000000e+04  -1.756442849348796299e+05   0.000000000000000000e+00   2.980501507017114851e-09   0.000000000000000000e+00  -3.593620526814236219e-09
 -4.350000000000000000e+04  -1.809071664031599939e+05   0.000000000000000000e+00   2.870924245729720990e-09   0.000000000000000000e+00  -1.766077265905419369e-09
 -4.500000000000000000e+04  -1.861568037313719688e+05   0.000000000000000000e+00   3.331148743136775373e-09   0.000000000000000000e+00  -2.392208585480418804e-09
 -4.650000000000000000e+04  -1.913934118704291468e+05   0.000000000000000000e+00   3.111994220561987650e-09   0.000000000000000000e+00  -2.281432822897693714e-09
 -4.800000000000000000e+04  -1.966172248157429567e+05   0.000000000000000000e+00   3.090078768304508713e-09   0.000000000000000000e+00  -2.218768326598965420e-09
 -4.950000000000000000e+04  -2.018284959885194257e+05   0.000000000000000000e+00   3.111994220561987650e-09   0.000000000000000000e+00  -2.241368636739490419e-09
 -5.100000000000000000e+04  -2.070274987795844791e+05   0.000000000000000000e+00   3.133909672819466175e-09   0.000000000000000000e+00  -2.325777370824935929e-09
 -5.250000000000000000e+04  -2.122145266006311867e+05   0.000000000000000000e+00   3.090078768304508713e-09   0.000000000000000000e+00  -2.288452616198917708e-09
 -5.400000000000000000e+04  -2.173898934258094523e+05   0.000000000000000000e+00   3.177740577334424050e-09   0.000000000000000000e+00  -2.291876905614148430e-09
 -5.550000000000000000e+04  -2.225539330369123782e+05   0.000000000000000000e+00   3.177740577334424050e-09   0.000000000000000000e+00  -2.316874218345335473e-09
 -5.700000000000000000e+04  -2.277069995542978286e+05   0.000000000000000000e+00   3.199656029591902574e-09   0.000000000000000000e+00  -2.282460109722263221e-09
 -5.850000000000000000e+04  -2.328494673440091137e+05   0.000000000000000000e+00   3.155825125076945112e-09   0.000000000000000000e+00  -2.307628636924211572e-09
 -6.000000000000000000e+04  -2.379817305629102630e+05   0.000000000000000000e+00   3.243486934106860450e-09   0.000000000000000000e+00  -2.320469722231327917e-09
 -6.150000000000000000e+04  -2.431042009880564001e+05   0.000000000000000000e+00   3.177740577334424050e-09   0.000000000000000000e+00  -2.263626517938492388e-09
 -6.300000000000000000e+04  -2.482173180739184609e+05   0.000000000000000000e+00   3.221571481849381512e-09   0.000000000000000000e+00  -2.297355768678518165e-09
 -6.450000000000000000e+04  -2.533215309634150763e+05   0.000000000000000000e+00   3.155825125076945112e-09   0.000000000000000000e+00  -2.304375561979742158e-09
 -6.600000000000000000e+04  -2.584173088340245013e+05   0.000000000000000000e+00   3.221571481849381512e-09   0.000000000000000000e+00  -2.282631324193024943e-09
 -6.750000000000000000e+04  -2.635051398069803254e+05   0.000000000000000000e+00   3.199656029591902574e-09   0.000000000000000000e+00  -2.302320988330603146e-09
 -6.900000000000000000e+04  -2.685855283269310603e+05   0.000000000000000000e+00   3.177740577334424050e-09   0.000000000000000000e+00  -2.320298507760566609e-09
 -7.050000000000000000e+04  -2.736589895056524547e+05   0.000000000000000000e+00   3.111994220561987650e-09   0.000000000000000000e+00  -2.255579437812699301e-09
 -7.200000000000000000e+04  -2.787260590170124779e+05   0.000000000000000000e+00   3.199656029591902574e-09   0.000000000000000000e+00  -2.295643623970902597e-09
 -7.350000000000000000e+04  -2.837872781485064770e+05   0.000000000000000000e+00   3.199656029591902574e-09   0.000000000000000000e+00  -2.341700316605760380e-09
 -7.500000000000000000e+04  -2.888432030315959128e+05   0.000000000000000000e+00   3.090078768304508713e-09   0.000000000000000000e+00  -2.348891324377745682e-09
 -7.650000000000000000e+04  -2.938943979279405903e+05   0.000000000000000000e+00   3.090078768304508713e-09   0.000000000000000000e+00  -2.375258352875024848e-09
 -7.800000000000000000e+04  -2.989414341611796408e+05   0.000000000000000000e+00   3.155825125076945112e-09   0.000000000000000000e+00  -2.382791789588533181e-09
 -7.950000000000000000e+04  -3.039848939783861861e+05   0.000000000000000000e+00   3.133909672819466175e-09   0.000000000000000000e+00  -2.361218766272577688e-09
 -8.100000000000000000e+04  -3.090253389145905385e+05   0.000000000000000000e+00   3.199656029591902574e-09   0.000000000000000000e+00  -2.331085019418544355e-09
 -8.250000000000000000e+04  -3.140633638193857623e+05   0.000000000000000000e+00   3.221571481849381512e-09   0.000000000000000000e+00  -2.335879024599867614e-09
 -8.400000000000000000e+04  -3.190995438058145228e+05   0.000000000000000000e+00   3.133909672819466175e-09   0.000000000000000000e+00  -2.267735665236769585e-09
 -8.550000000000000000e+04  -3.241344813660558430e+05   0.000000000000000000e+00   3.177740577334424050e-09   0.000000000000000000e+00  -2.349747396731553466e-09
 -8.700000000000000000e+04  -3.291687271053257282e+05   0.000000000000000000e+00   3.155825125076945112e-09   0.000000000000000000e+00  -2.228185122490851043e-09
 -8.850000000000000000e+04  -3.342028270013904548e+05   0.000000000000000000e+00   3.199656029591902574e-09   0.000000000000000000e+00  -2.294273908204810473e-09
 -9.000000000000000000e+04  -3.392373575173891149e+05   0.000000000000000000e+00   3.068163316047029775e-09   0.000000000000000000e+00  -2.266537163941438770e-09
 -9.150000000000000000e+04  -3.442728385814365465e+05   0.000000000000000000e+00   3.155825125076945112e-09   0.000000000000000000e+00  -2.257462796991076592e-09
 -9.300000000000000000e+04  -3.493097730861190939e+05   0.000000000000000000e+00   3.111994220561987650e-09   0.000000000000000000e+00  -2.283658611017594035e-09
 -9.450000000000000000e+04  -3.543486412488485221e+05   0.000000000000000000e+00   3.177740577334424050e-09   0.000000000000000000e+00  -2.181957215385231538e-09
 -9.600000000000000000e+04  -3.593899037656612345e+05   0.000000000000000000e+00   3.111994220561987650e-09   0.000000000000000000e+00  -2.179731427265331217e-09
 -9.750000000000000000e+04  -3.644340032992796623e+05   0.000000000000000000e+00   3.090078768304508713e-09   0.000000000000000000e+00  -2.188292150803409056e-09
 -9.900000000000000000e+04  -3.694813254524212098e+05   0.000000000000000000e+00   3.133909672819466175e-09   0.000000000000000000e+00  -2.123230651914018718e-09
 -1.005000000000000000e+05  -3.745322301954403520e+05   0.000000000000000000e+00   3.046247863789551251e-09   0.000000000000000000e+00  -2.114498713905179570e-09
 -1.020000000000000000e+05  -3.795870363488586736e+05   0.000000000000000000e+00   3.068163316047029775e-09   0.000000000000000000e+00  -2.136242951691896786e-09
 -1.035000000000000000e+05  -3.846460178834593389e+05   0.000000000000000000e+00   3.090078768304508713e-09   0.000000000000000000e+00  -2.090871116940085478e-09
 -1.050000000000000000e+05  -3.897094019283292582e+05   0.000000000000000000e+00   3.068163316047029775e-09   0.000000000000000000e+00  -2.070154165977937356e-09
 -1.065000000000000000e+05  -3.947773672668736544e+05   0.000000000000000000e+00   3.090078768304508713e-09   0.000000000000000000e+00  -2.124257938738588225e-09
 -1.080000000000000000e+05  -3.998500407900675200e+05   0.000000000000000000e+00   3.068163316047029775e-09   0.000000000000000000e+00  -2.017420108983379024e-09
 -1.095000000000000000e+05  -4.049274980763518251e+05   0.000000000000000000e+00   3.046247863789551251e-09   0.000000000000000000e+00  -2.028377835112118492e-09
 -1.110000000000000000e+05  -4.100097611263986910e+05   0.000000000000000000e+00   3.046247863789551251e-09   0.000000000000000000e+00  -1.994306155430569685e-09
 -1.125000000000000000e+05  -4.150967963201074745e+05   0.000000000000000000e+00   3.002416959274593789e-09   0.000000000000000000e+00  -1.918286930412439878e-09
 -1.140000000000000000e+05  -4.201885234001543722e+05   0.000000000000000000e+00   3.024332411532072313e-09   0.000000000000000000e+00  -1.926505225008994686e-09
 -1.155000000000000000e+05  -4.252848046139453654e+05   0.000000000000000000e+00   2.958586054759635913e-09   0.000000000000000000e+00  -1.959378403395212679e-09
 -1.170000000000000000e+05  -4.303854592913789093e+05   0.000000000000000000e+00   2.980501507017114851e-09   0.000000000000000000e+00  -1.776350134151112570e-09
 -1.185000000000000000e+05  -4.354902564683502424e+05   0.000000000000000000e+00   2.892839697987199514e-09   0.000000000000000000e+00  -1.814530961130938782e-09
 -1.200000000000000000e+05  -4.405989264724342502e+05   0.000000000000000000e+00   3.024332411532072313e-09   0.000000000000000000e+00  -1.776007705209589332e-09
 -1.215000000000000000e+05  -4.457111640367074870e+05   0.000000000000000000e+00   2.783262436699805652e-09   0.000000000000000000e+00  -1.736799591405193821e-09
 -1.230000000000000000e+05  -4.508266299722878612e+05   0.000000000000000000e+00   2.914755150244678452e-09   0.000000000000000000e+00  -1.710432562907914655e-09
 -1.245000000000000000e+05  -4.559449629900089349e+05   0.000000000000000000e+00   2.892839697987199514e-09   0.000000000000000000e+00  -1.660095508504017952e-09
 -1.260000000000000000e+05  -4.610657800009191851e+05   0.000000000000000000e+00   2.827093341214763528e-09   0.000000000000000000e+00  -1.653246929673555888e-09
 -1.275000000000000000e+05  -4.661886888243085123e+05   0.000000000000000000e+00   2.805177888957284590e-09   0.000000000000000000e+00  -1.640234629895677820e-09
 -1.290000000000000000e+05  -4.713132876082136645e+05   0.000000000000000000e+00   2.717516079927369253e-09   0.000000000000000000e+00  -1.580309565129134392e-09
 -1.305000000000000000e+05  -4.764391279195236857e+05   0.000000000000000000e+00   2.629854270897454329e-09   0.000000000000000000e+00  -1.595547653026912574e-09
 -1.320000000000000000e+05  -4.815659265148477280e+05   0.000000000000000000e+00   2.564107914125017930e-09   0.000000000000000000e+00  -1.568666981117348655e-09
 -1.335000000000000000e+05  -4.866932502976679243e+05   0.000000000000000000e+00   2.542192461867538992e-09   0.000000000000000000e+00  -1.526034577897722008e-09
 -1.350000000000000000e+05  -4.918207446914397296e+05   0.000000000000000000e+00   2.520277009610060468e-09   0.000000000000000000e+00  -1.538704448734076838e-09
 -1.365000000000000000e+05  -4.969480819026686368e+05   0.000000000000000000e+00   2.498361557352581530e-09   0.000000000000000000e+00  -1.540930236853977159e-09
 -1.380000000000000000e+05  -5.020749678626225796e+05   0.000000000000000000e+00   2.454530652837624068e-09   0.000000000000000000e+00  -1.457377575122339226e-09
 -1.395000000000000000e+05  -5.072011475552543998e+05   0.000000000000000000e+00   2.432615200580145130e-09   0.000000000000000000e+00  -1.469191373604886479e-09
 -1.410000000000000000e+05  -5.123264091861161287e+05   0.000000000000000000e+00   2.388784296065187669e-09   0.000000000000000000e+00  -1.437003053101714341e-09
 -1.425000000000000000e+05  -5.174505917004232178e+05   0.000000000000000000e+00   2.344953391550230207e-09   0.000000000000000000e+00  -1.419710391554797560e-09
 -1.440000000000000000e+05  -5.225735892710653134e+05   0.000000000000000000e+00   2.235376130262835932e-09   0.000000000000000000e+00  -1.377762846218217182e-09
 -1.455000000000000000e+05  -5.276953556759759085e+05   0.000000000000000000e+00   2.279207034777793807e-09   0.000000000000000000e+00  -1.425702898031451841e-09
 -1.470000000000000000e+05  -5.328159160067199264e+05   0.000000000000000000e+00   2.279207034777793807e-09   0.000000000000000000e+00  -1.410807239075196897e-09
 -1.485000000000000000e+05  -5.379353675712604309e+05   0.000000000000000000e+00   2.235376130262835932e-09   0.000000000000000000e+00  -1.302428479083133850e-09
 -1.500000000000000000e+05  -5.430538982188721420e+05   0.000000000000000000e+00   2.213460678005357407e-09   0.000000000000000000e+00  -1.346259383598091312e-09
 -1.485000000000000000e+05  -5.379353943419351708e+05   0.000000000000000000e+00   2.235376130262835932e-09   0.000000000000000000e+00  -1.357045895256069265e-09
 -1.470000000000000000e+05  -5.328159459245430771e+05   0.000000000000000000e+00   2.257291582520314869e-09   0.000000000000000000e+00  -1.416457316610328147e-09
 -1.455000000000000000e+05  -5.276953890613607364e+05   0.000000000000000000e+00   2.301122487035272331e-09   0.000000000000000000e+00  -1.478779383967533410e-09
 -1.440000000000000000e+05  -5.225736263934908784e+05   0.000000000000000000e+00   2.301122487035272331e-09   0.000000000000000000e+00  -1.592294578082442954e-09
 -1.425000000000000000e+05  -5.174506335720936186e+05   0.000000000000000000e+00   2.344953391550230207e-09   0.000000000000000000e+00  -1.671909306986565205e-09
 -1.410000000000000000e+05  -5.123264559900918393e+05   0.000000000000000000e+00   2.344953391550230207e-09   0.000000000000000000e+00  -1.615237317164491191e-09
 -1.395000000000000000e+05  -5.072011993737457087e+05   0.000000000000000000e+00   2.366868843807708731e-09   0.000000000000000000e+00  -1.720534216682846133e-09
 -1.380000000000000000e+05  -5.020750248767277808e+05   0.000000000000000000e+00   2.520277009610060468e-09   0.000000000000000000e+00  -1.760940831782572666e-09
 -1.365000000000000000e+05  -4.969481438682660810e+05   0.000000000000000000e+00   2.454530652837624068e-09   0.000000000000000000e+00  -1.692283829007189884e-09
 -1.350000000000000000e+05  -4.918208117430697894e+05   0.000000000000000000e+00   2.476446105095102592e-09   0.000000000000000000e+00  -1.843637421160402815e-09
 -1.335000000000000000e+05  -4.866933228198250290e+05   0.000000000000000000e+00   2.520277009610060468e-09   0.000000000000000000e+00  -1.815729462426269596e-09
 -1.320000000000000000e+05  -4.815660046140819322e+05   0.000000000000000000e+00   2.542192461867538992e-09   0.000000000000000000e+00  -1.813674888777130998e-09
 -1.305000000000000000e+05  -4.764392117340537370e+05   0.000000000000000000e+00   2.564107914125017930e-09   0.000000000000000000e+00  -1.791759436519652267e-09
 -1.290000000000000000e+05  -4.713133206369272666e+05   0.000000000000000000e+00   2.586023366382496867e-09   0.000000000000000000e+00  -1.897741193921053477e-09
 -1.275000000000000000e+05  -4.661886593975404976e+05   0.000000000000000000e+00   2.761346984442327128e-09   0.000000000000000000e+00  -1.871716594365297342e-09
 -1.260000000000000000e+05  -4.610657447116551921e+05   0.000000000000000000e+00   2.673685175412411791e-09   0.000000000000000000e+00  -1.893118403210491527e-09
 -1.245000000000000000e+05  -4.559449212019849801e+05   0.000000000000000000e+00   2.761346984442327128e-09   0.000000000000000000e+00  -1.905274630634561810e-09
 -1.230000000000000000e+05  -4.508265842786129215e+05   0.000000000000000000e+00   2.717516079927369253e-09   0.000000000000000000e+00  -1.882503106023275502e-09
 -1.215000000000000000e+05  -4.457111150874308660e+05   0.000000000000000000e+00   2.849008793472242052e-09   0.000000000000000000e+00  -1.903562485926946242e-09
 -1.200000000000000000e+05  -4.405988778217618819e+05   0.000000000000000000e+00   2.805177888957284590e-09   0.000000000000000000e+00  -1.927532511833563779e-09
 -1.185000000000000000e+05  -4.354902082977931714e+05   0.000000000000000000e+00   2.870924245729720990e-09   0.000000000000000000e+00  -1.914006568643400958e-09
 -1.170000000000000000e+05  -4.303854136950200773e+05   0.000000000000000000e+00   2.870924245729720990e-09   0.000000000000000000e+00  -1.914691426526447433e-09
 -1.155000000000000000e+05  -4.252847634908059845e+05   0.000000000000000000e+00   2.827093341214763528e-09   0.000000000000000000e+00  -1.982492356948022432e-09
 -1.140000000000000000e+05  -4.201884845097343205e+05   0.000000000000000000e+00   2.849008793472242052e-09   0.000000000000000000e+00  -1.977013493883652697e-09
 -1.125000000000000000e+05  -4.150967582363978727e+05   0.000000000000000000e+00   2.805177888957284590e-09   0.000000000000000000e+00  -1.982834785889545463e-09
 -1.110000000000000000e+05  -4.100097206957461894e+05   0.000000000000000000e+00   2.827093341214763528e-09   0.000000000000000000e+00  -2.003380522380931863e-09
 -1.095000000000000000e+05  -4.049274554641370778e+05   0.000000000000000000e+00   2.827093341214763528e-09   0.000000000000000000e+00  -1.999613804024177697e-09
 -1.080000000000000000e+05  -3.998499947289721458e+05   0.000000000000000000e+00   2.739431532184848191e-09   0.000000000000000000e+00  -1.994991013313615746e-09
 -1.065000000000000000e+05  -3.947773158254941227e+05   0.000000000000000000e+00   2.739431532184848191e-09   0.000000000000000000e+00  -2.086590755171046559e-09
 -1.050000000000000000e+05  -3.897093449624056229e+05   0.000000000000000000e+00   2.783262436699805652e-09   0.000000000000000000e+00  -2.038308274416288455e-09
 -1.035000000000000000e+05  -3.846459554880495416e+05   0.000000000000000000e+00   2.761346984442327128e-09   0.000000000000000000e+00  -2.021186827340133190e-09
 -1.020000000000000000e+05  -3.795869694381547160e+05   0.000000000000000000e+00   2.761346984442327128e-09   0.000000000000000000e+00  -2.021871685223179665e-09
 -1.005000000000000000e+05  -3.745321606022193446e+05   0.000000000000000000e+00   2.805177888957284590e-09   0.000000000000000000e+00  -2.061079799027575177e-09
 -9.900000000000000000e+04  -3.694812555942688487e+05   0.000000000000000000e+00   2.761346984442327128e-09   0.000000000000000000e+00  -2.073236026451645460e-09
 -9.750000000000000000e+04  -3.644339378927265643e+05   0.000000000000000000e+00   2.761346984442327128e-09   0.000000000000000000e+00  -2.055772150433967165e-09
 -9.600000000000000000e+04  -3.593898518158899969e+05   0.000000000000000000e+00   2.849008793472242052e-09   0.000000000000000000e+00  -2.029405121936687999e-09
 -9.450000000000000000e+04  -3.543485891044812743e+05   0.000000000000000000e+00   2.783262436699805652e-09   0.000000000000000000e+00  -2.028549049582880215e-09
 -9.300000000000000000e+04  -3.493097342219884740e+05   0.000000000000000000e+00   2.739431532184848191e-09   0.000000000000000000e+00  -2.035397628413342072e-09
 -9.150000000000000000e+04  -3.442728265068505425e+05   0.000000000000000000e+00   2.717516079927369253e-09   0.000000000000000000e+00  -2.101828843068824947e-09
 -9.000000000000000000e+04  -3.392373729596668854e+05   0.000000000000000000e+00   2.805177888957284590e-09   0.000000000000000000e+00  -2.151481039589675174e-09
 -8.850000000000000000e+04  -3.342028590918898699e+05   0.000000000000000000e+00   2.805177888957284590e-09   0.000000000000000000e+00  -2.093268119530747108e-09
 -8.700000000000000000e+04  -3.291687379486127757e+05   0.000000000000000000e+00   2.761346984442327128e-09   0.000000000000000000e+00  -2.115183571788226046e-09
 -8.550000000000000000e+04  -3.241344983570952900e+05   0.000000000000000000e+00   2.739431532184848191e-09   0.000000000000000000e+00  -2.067585948916514004e-09
 -8.400000000000000000e+04  -3.190995656642962713e+05   0.000000000000000000e+00   2.849008793472242052e-09   0.000000000000000000e+00  -2.050978145252643492e-09
 -8.250000000000000000e+04  -3.140633598023367813e+05   0.000000000000000000e+00   2.783262436699805652e-09   0.000000000000000000e+00  -2.030946052173541844e-09
 -8.100000000000000000e+04  -3.090253138838511659e+05   0.000000000000000000e+00   2.739431532184848191e-09   0.000000000000000000e+00  -2.083166465755815423e-09
 -7.950000000000000000e+04  -3.039848558105487609e+05   0.000000000000000000e+00   2.717516079927369253e-09   0.000000000000000000e+00  -2.066901091033467942e-09
 -7.800000000000000000e+04  -2.989414018736612052e+05   0.000000000000000000e+00   2.717516079927369253e-09   0.000000000000000000e+00  -2.107478920603955990e-09
 -7.650000000000000000e+04  -2.938943671653153142e+05   0.000000000000000000e+00   2.805177888957284590e-09   0.000000000000000000e+00  -2.096178765533693491e-09
 -7.500000000000000000e+04  -2.888431749723415705e+05   0.000000000000000000e+00   2.805177888957284590e-09   0.000000000000000000e+00  -2.152850755355767711e-09
 -7.350000000000000000e+04  -2.837872503367369645e+05   0.000000000000000000e+00   2.717516079927369253e-09   0.000000000000000000e+00  -2.208837887294795457e-09
 -7.200000000000000000e+04  -2.787260310947945691e+05   0.000000000000000000e+00   2.739431532184848191e-09   0.000000000000000000e+00  -2.183326931151324075e-09
 -7.050000000000000000e+04  -2.736589618576683570e+05   0.000000000000000000e+00   2.805177888957284590e-09   0.000000000000000000e+00  -2.215515251654496006e-09
 -6.900000000000000000e+04  -2.685854952504341491e+05   0.000000000000000000e+00   2.805177888957284590e-09   0.000000000000000000e+00  -2.303348275155172652e-09
 -6.750000000000000000e+04  -2.635051031338442699e+05   0.000000000000000000e+00   2.761346984442327128e-09   0.000000000000000000e+00  -2.179731427265331217e-09
 -6.600000000000000000e+04  -2.584172644600755011e+05   0.000000000000000000e+00   2.805177888957284590e-09   0.000000000000000000e+00  -2.173738920788677143e-09
 -6.450000000000000000e+04  -2.533214777147524583e+05   0.000000000000000000e+00   2.761346984442327128e-09   0.000000000000000000e+00  -2.186922435037316519e-09
 -6.300000000000000000e+04  -2.482172574267221789e+05   0.000000000000000000e+00   2.827093341214763528e-09   0.000000000000000000e+00  -2.182470858797516291e-09
 -6.150000000000000000e+04  -2.431041331036860065e+05   0.000000000000000000e+00   2.870924245729720990e-09   0.000000000000000000e+00  -2.122032150618687904e-09
 -6.000000000000000000e+04  -2.379816539832190902e+05   0.000000000000000000e+00   2.914755150244678452e-09   0.000000000000000000e+00  -2.051491788664928245e-09
 -5.850000000000000000e+04  -2.328493854402531288e+05   0.000000000000000000e+00   2.914755150244678452e-09   0.000000000000000000e+00  -2.114669928375941293e-09
 -5.700000000000000000e+04  -2.277069099326819414e+05   0.000000000000000000e+00   2.914755150244678452e-09   0.000000000000000000e+00  -2.084536181521907960e-09
 -5.550000000000000000e+04  -2.225538393372382852e+05   0.000000000000000000e+00   2.870924245729720990e-09   0.000000000000000000e+00  -2.128880729449150175e-09
 -5.400000000000000000e+04  -2.173897965377889923e+05   0.000000000000000000e+00   2.958586054759635913e-09   0.000000000000000000e+00  -2.083508894697338454e-09
 -5.250000000000000000e+04  -2.122144274158804910e+05   0.000000000000000000e+00   2.849008793472242052e-09   0.000000000000000000e+00  -2.143091530522359057e-09
 -5.100000000000000000e+04  -2.070273972319778404e+05   0.000000000000000000e+00   2.892839697987199514e-09   0.000000000000000000e+00  -2.122888222972495688e-09
 -4.950000000000000000e+04  -2.018283924012717034e+05   0.000000000000000000e+00   2.849008793472242052e-09   0.000000000000000000e+00  -2.170143416902684285e-09
 -4.800000000000000000e+04  -1.966171194247800158e+05   0.000000000000000000e+00   2.870924245729720990e-09   0.000000000000000000e+00  -2.107650135074717713e-09
 -4.650000000000000000e+04  -1.913933054751472664e+05   0.000000000000000000e+00   2.892839697987199514e-09   0.000000000000000000e+00  -2.050978145252643492e-09
 -4.500000000000000000e+04  -1.861566972308355616e+05   0.000000000000000000e+00   2.892839697987199514e-09   0.000000000000000000e+00  -2.053888791255589874e-09
 -4.350000000000000000e+04  -1.809070601739883132e+05   0.000000000000000000e+00   2.936670602502157389e-09   0.000000000000000000e+00  -2.098233339182832089e-09
 -4.200000000000000000e+04  -1.756441795178111643e+05   0.000000000000000000e+00   2.870924245729720990e-09   0.000000000000000000e+00  -2.109362279782333280e-09
 -4.050000000000000000e+04  -1.703678699019005871e+05   0.000000000000000000e+00   2.936670602502157389e-09   0.000000000000000000e+00  -2.121004863794118811e-09
 -3.900000000000000000e+04  -1.650779306467554125e+05   0.000000000000000000e+00   2.980501507017114851e-09   0.000000000000000000e+00  -2.161753907835368168e-09
 -3.750000000000000000e+04  -1.597742128648337384e+05   0.000000000000000000e+00   2.892839697987199514e-09   0.000000000000000000e+00  -2.167575199841260933e-09
 -3.600000000000000000e+04  -1.544565675584563869e+05   0.000000000000000000e+00   2.958586054759635913e-09   0.000000000000000000e+00  -2.166034269604407088e-09
 -3.450000000000000000e+04  -1.491248702522848907e+05   0.000000000000000000e+00   2.936670602502157389e-09   0.000000000000000000e+00  -2.155761401358714094e-09
 -3.300000000000000000e+04  -1.437790032817244064e+05   0.000000000000000000e+00   2.936670602502157389e-09   0.000000000000000000e+00  -2.112101711314517941e-09
 -3.150000000000000000e+04  -1.384188660984877206e+05   0.000000000000000000e+00   2.849008793472242052e-09   0.000000000000000000e+00  -2.110047137665379342e-09
 -3.000000000000000000e+04  -1.330443736421228969e+05   0.000000000000000000e+00   2.827093341214763528e-09   0.000000000000000000e+00  -2.064675302913567621e-09
 -2.850000000000000000e+04  -1.276554483920900238e+05   0.000000000000000000e+00   2.805177888957284590e-09   0.000000000000000000e+00  -2.009030599916062906e-09
 -2.700000000000000000e+04  -1.222520251201187639e+05   0.000000000000000000e+00   2.783262436699805652e-09   0.000000000000000000e+00  -2.048409928191220140e-09
 -2.550000000000000000e+04  -1.168340489419850346e+05   0.000000000000000000e+00   2.783262436699805652e-09   0.000000000000000000e+00  -2.024268687813841295e-09
 -2.400000000000000000e+04  -1.114014760479860415e+05   0.000000000000000000e+00   2.870924245729720990e-09   0.000000000000000000e+00  -1.998415302728846882e-09
 -2.250000000000000000e+04  -1.059542632693608321e+05   0.000000000000000000e+00   2.761346984442327128e-09   0.000000000000000000e+00  -1.956638971863028019e-09
 -2.100000000000000000e+04  -1.004923822587466857e+05   0.000000000000000000e+00   2.805177888957284590e-09   0.000000000000000000e+00  -1.969308842699382642e-09
 -1.950000000000000000e+04  -9.501580299940003897e+04   0.000000000000000000e+00   2.849008793472242052e-09   0.000000000000000000e+00  -1.988656077895438228e-09
 -1.800000000000000000e+04  -8.952450334559375187e+04   0.000000000000000000e+00   2.827093341214763528e-09   0.000000000000000000e+00  -1.966740625637959290e-09
 -1.650000000000000000e+04  -8.401846399664191995e+04   0.000000000000000000e+00   2.805177888957284590e-09   0.000000000000000000e+00  -1.956638971863028019e-09
 -1.500000000000000000e+04  -7.849766512320452603e+04   0.000000000000000000e+00   2.870924245729720990e-09   0.000000000000000000e+00  -1.929929514424225408e-09
 -1.350000000000000000e+04  -7.296208718736465380e+04   0.000000000000000000e+00   2.870924245729720990e-09   0.000000000000000000e+00  -1.855622434113711583e-09
 -1.200000000000000000e+04  -6.741171019143491867e+04   0.000000000000000000e+00   2.892839697987199514e-09   0.000000000000000000e+00  -1.889351684853737360e-09
 -1.050000000000000000e+04  -6.184651415579710738e+04   0.000000000000000000e+00   2.849008793472242052e-09   0.000000000000000000e+00  -1.925649152655186902e-09
 -9.000000000000000000e+03  -5.626647073004396225e+04   0.000000000000000000e+00   2.892839697987199514e-09   0.000000000000000000e+00  -1.872230237777582095e-09
 -7.500000000000000000e+03  -5.067154917819188267e+04   0.000000000000000000e+00   2.805177888957284590e-09   0.000000000000000000e+00  -1.861272511648842833e-09
 -6.000000000000000000e+03  -4.506170970502019918e+04   0.000000000000000000e+00   2.827093341214763528e-09   0.000000000000000000e+00  -1.849116284224772549e-09
 -4.500000000000000000e+03  -3.943690668750830810e+04   0.000000000000000000e+00   2.827093341214763528e-09   0.000000000000000000e+00  -1.863155870827219916e-09
 -3.000000000000000000e+03  -3.379708376430130011e+04   0.000000000000000000e+00   2.805177888957284590e-09   0.000000000000000000e+00  -1.788848790516705884e-09
 -1.500000000000000000e+03  -2.814217147890747219e+04   0.000000000000000000e+00   2.805177888957284590e-09   0.000000000000000000e+00  -1.767960625083796453e-09
  0.000000000000000000e+00  -2.247209310300848301e+04   0.000000000000000000e+00   2.849008793472242052e-09   0.000000000000000000e+00  -1.736457162463670583e-09
  1.500000000000000000e+03  -1.678672579787071300e+04   0.000000000000000000e+00   2.805177888957284590e-09   0.000000000000000000e+00  -1.727896438925592951e-09
  3.000000000000000000e+03  -1.108597037072070270e+04   0.000000000000000000e+00   2.849008793472242052e-09   0.000000000000000000e+00  -1.707350702434206550e-09
  4.500000000000000000e+03  -5.369691919631781275e+03   0.000000000000000000e+00   2.783262436699805652e-09   0.000000000000000000e+00  -1.628249616942369052e-09
  6.000000000000000000e+03   3.622687350088633025e+02   0.000000000000000000e+00   2.739431532184848191e-09   0.000000000000000000e+00  -1.589555146550258087e-09
  7.500000000000000000e+03   6.110093540831939208e+03   0.000000000000000000e+00   2.717516079927369253e-09   0.000000000000000000e+00  -1.585445999251980889e-09
  9.000000000000000000e+03   1.187399473242931163e+04   0.000000000000000000e+00   2.673685175412411791e-09   0.000000000000000000e+00  -1.566269978526687026e-09
  1.050000000000000000e+04   1.765421531216558651e+04   0.000000000000000000e+00   2.673685175412411791e-09   0.000000000000000000e+00  -1.538875663204838560e-09
  1.200000000000000000e+04   2.345103339758567745e+04   0.000000000000000000e+00   2.586023366382496867e-09   0.000000000000000000e+00  -1.536478660614176724e-09
  1.350000000000000000e+04   2.926476491442052065e+04   0.000000000000000000e+00   2.520277009610060468e-09   0.000000000000000000e+00  -1.508399487409281990e-09
  1.500000000000000000e+04   3.509577211510446068e+04   0.000000000000000000e+00   2.520277009610060468e-09   0.000000000000000000e+00  -1.506687342701666422e-09
  1.650000000000000000e+04   4.094446362522363779e+04   0.000000000000000000e+00   2.476446105095102592e-09   0.000000000000000000e+00  -1.472444448549355892e-09
  1.800000000000000000e+04   4.681130599313868152e+04   0.000000000000000000e+00   2.388784296065187669e-09   0.000000000000000000e+00  -1.459432148771477825e-09
  1.950000000000000000e+04   5.269682594079873525e+04   0.000000000000000000e+00   2.279207034777793807e-09   0.000000000000000000e+00  -1.442995559578368828e-09
  2.100000000000000000e+04   5.860162438425495202e+04   0.000000000000000000e+00   2.257291582520314869e-09   0.000000000000000000e+00  -1.414573957431951063e-09
  2.250000000000000000e+04   6.452638409422404220e+04   0.000000000000000000e+00   2.169629773490399946e-09   0.000000000000000000e+00  -1.450871425233400192e-09
  2.400000000000000000e+04   7.047189166566474887e+04   0.000000000000000000e+00   2.125798868975442070e-09   0.000000000000000000e+00  -1.428613544034398430e-09
  2.550000000000000000e+04   7.643896833824484202e+04   0.000000000000000000e+00   2.060052512203005671e-09   0.000000000000000000e+00  -1.446419848993599757e-09
  2.700000000000000000e+04   8.242864499169783085e+04   0.000000000000000000e+00   2.016221607688048209e-09   0.000000000000000000e+00  -1.471759590666309624e-09
  2.850000000000000000e+04   8.844205898247924051e+04   0.000000000000000000e+00   1.862813441885696885e-09   0.000000000000000000e+00  -1.523466360836298656e-09
  3.000000000000000000e+04   9.448051240329517168e+04   0.000000000000000000e+00   1.862813441885696885e-09   0.000000000000000000e+00  -1.544696955210731325e-09
  3.150000000000000000e+04   1.005455000884250476e+05   0.000000000000000000e+00   1.709405276083345355e-09   0.000000000000000000e+00  -1.477923311613725627e-09
  3.300000000000000000e+04   1.066387462744569639e+05   0.000000000000000000e+00   1.621743467053430225e-09   0.000000000000000000e+00  -1.476211166906110059e-09
  3.450000000000000000e+04   1.127622484008330212e+05   0.000000000000000000e+00   1.577912562538472556e-09   0.000000000000000000e+00  -1.439228841221614661e-09
  3.600000000000000000e+04   1.189183399746768264e+05   0.000000000000000000e+00   1.490250753508557426e-09   0.000000000000000000e+00  -1.477923311613725627e-09
  3.750000000000000000e+04   1.251097465770615381e+05   0.000000000000000000e+00   1.402588944478642295e-09   0.000000000000000000e+00  -1.487853750917895589e-09
  3.900000000000000000e+04   1.313396970977577730e+05   0.000000000000000000e+00   1.314927135448727165e-09   0.000000000000000000e+00  -1.428271115092875193e-09
  4.050000000000000000e+04   1.376120405808630167e+05   0.000000000000000000e+00   1.139603517388896904e-09   0.000000000000000000e+00  -1.439228841221614661e-09
  4.200000000000000000e+04   1.439314111470130156e+05   0.000000000000000000e+00   1.095772612873939235e-09   0.000000000000000000e+00  -1.473814164315448222e-09
  4.350000000000000000e+04   1.503034480635786895e+05   0.000000000000000000e+00   1.008110803844024104e-09   0.000000000000000000e+00  -1.429640830858967730e-09
  4.500000000000000000e+04   1.567351012877529429e+05   0.000000000000000000e+00   9.642798993290666425e-10   0.000000000000000000e+00  -1.469362588075647994e-09
  4.650000000000000000e+04   1.632350556158286345e+05   0.000000000000000000e+00   9.204489948141089738e-10   0.000000000000000000e+00  -1.516275353064313561e-09
  4.800000000000000000e+04   1.698143192872950749e+05   0.000000000000000000e+00   8.327871857841938433e-10   0.000000000000000000e+00  -1.557366826047086155e-09
  4.950000000000000000e+04   1.764871334928730212e+05   0.000000000000000000e+00   8.547026380416726777e-10   0.000000000000000000e+00  -1.626537472234753691e-09
  5.100000000000000000e+04   1.832720731229726225e+05   0.000000000000000000e+00   7.451253767542787128e-10   0.000000000000000000e+00  -1.732690444106916416e-09
  5.250000000000000000e+04   1.901938142890188901e+05   0.000000000000000000e+00   6.136326632094060170e-10   0.000000000000000000e+00  -1.835761555505371451e-09
  5.400000000000000000e+04   1.972850408432905970e+05   0.000000000000000000e+00   5.040554019220120522e-10   0.000000000000000000e+00  -2.094980264238362676e-09
  5.550000000000000000e+04   2.045876978861473617e+05   0.000000000000000000e+00   4.602244974070544869e-10   0.000000000000000000e+00  -2.268591737590577369e-09
  5.700000000000000000e+04   2.121484815700506442e+05   0.000000000000000000e+00   4.821399496645333212e-10   0.000000000000000000e+00  -2.242567138034821234e-09
  5.850000000000000000e+04   2.199962983700018085e+05   0.000000000000000000e+00   8.766180902991514344e-11   0.000000000000000000e+00  -2.504182849358474295e-09
  6.000000000000000000e+04   2.280922429430407356e+05   0.000000000000000000e+00  -7.889562812692362781e-10   0.000000000000000000e+00  -3.093160628778216818e-09
  6.150000000000000000e+04   2.363192169816587993e+05   0.000000000000000000e+00  -5.281623994052387596e-09   0.000000000000000000e+00  -4.041003938914174257e-09
  6.300000000000000000e+04   2.446163255863237428e+05   0.000000000000000000e+00  -1.293011683191248392e-08   0.000000000000000000e+00   2.288932016717049869e-08
  6.450000000000000000e+04   2.531919650209029205e+05   0.000000000000000000e+00  -1.022553086881702631e-05   0.000000000000000000e+00   2.399883445346776212e-06
  6.600000000000000000e+04   2.994735217274440220e+05   0.000000000000000000e+00  -4.341790343407492974e-04   0.000000000000000000e+00   5.653788779999476891e-06
  6.750000000000000000e+04   3.044844031865564175e+05   0.000000000000000000e+00   1.837918364739291196e-04   0.000000000000000000e+00   7.039525837464731279e-05
  6.900000000000000000e+04   3.094804383912193589e+05   0.000000000000000000e+00  -5.912596163087910687e-05   0.000000000000000000e+00  -5.713946970389409554e-05
  7.050000000000000000e+04   3.144628761929090251e+05   0.000000000000000000e+00   1.245906610109023402e-05   0.000000000000000000e+00   3.192600520952078161e-05
  7.200000000000000000e+04   3.194329083654860151e+05   0.000000000000000000e+00   1.392968060937609161e-06   0.000000000000000000e+00  -1.406197529150201149e-05
  7.350000000000000000e+04   3.243916603371805977e+05   0.000000000000000000e+00  -3.316158573792659866e-06   0.000000000000000000e+00   4.697649443897238733e-06
  7.500000000000000000e+04   3.293401972782076336e+05   0.000000000000000000e+00   2.136844256913211680e-06   0.000000000000000000e+00  -8.911447820709153520e-07
  7.650000000000000000e+04   3.342795279658635845e+05   0.000000000000000000e+00  -8.991252597675821428e-07   0.000000000000000000e+00  -1.867889950943776825e-07
  7.800000000000000000e+04   3.392106088479505270e+05   0.000000000000000000e+00   2.436340827463916715e-07   0.000000000000000000e+00   2.692073609572202527e-07
  7.950000000000000000e+04   3.441343470174528775e+05   0.000000000000000000e+00  -6.530804772728677947e-09   0.000000000000000000e+00  -1.414132224097386176e-07
  8.100000000000000000e+04   3.490516086436953628e+05   0.000000000000000000e+00  -3.092270313530256772e-08   0.000000000000000000e+00   4.274283655326790042e-08
  8.250000000000000000e+04   3.539632145222853869e+05   0.000000000000000000e+00   2.241950765940079613e-08   0.000000000000000000e+00  -3.665873033475611445e-09
  8.400000000000000000e+04   3.588699472668678500e+05   0.000000000000000000e+00  -4.229682285693405203e-09   0.000000000000000000e+00  -4.909917378029055507e-09
  8.550000000000000000e+04   3.637725564142327639e+05   0.000000000000000000e+00   2.235376130262835932e-09   0.000000000000000000e+00   2.651084865271886792e-09
  8.700000000000000000e+04   3.686717566026767017e+05   0.000000000000000000e+00   2.739431532184848191e-09   0.000000000000000000e+00  -8.904864624308372601e-10
  8.850000000000000000e+04   3.735682451929451199e+05   0.000000000000000000e+00   1.577912562538472556e-09   0.000000000000000000e+00  -1.400534370829503541e-10
  9.000000000000000000e+04   3.784626491502254503e+05   0.000000000000000000e+00   2.016221607688048209e-09   0.000000000000000000e+00   1.515248066239744210e-10
  9.150000000000000000e+04   3.833556078781115357e+05   0.000000000000000000e+00   1.928559798658133285e-09   0.000000000000000000e+00   9.382552997733105590e-11
  9.300000000000000000e+04   3.882477193051902577e+05   0.000000000000000000e+00   1.884728894143175410e-09   0.000000000000000000e+00   1.813161245364846451e-10
  9.450000000000000000e+04   3.931395543883579085e+05   0.000000000000000000e+00   1.862813441885696885e-09   0.000000000000000000e+00   2.837023780518933594e-10
  9.600000000000000000e+04   3.980316581004012260e+05   0.000000000000000000e+00   1.818982537370739217e-09   0.000000000000000000e+00   3.470517322336679743e-10
  9.750000000000000000e+04   4.029245495669445372e+05   0.000000000000000000e+00   1.818982537370739217e-09   0.000000000000000000e+00   4.321453242021598048e-10
  9.900000000000000000e+04   4.078187220369437127e+05   0.000000000000000000e+00   1.797067085113260486e-09   0.000000000000000000e+00   4.989189677991654520e-10
  1.005000000000000000e+05   4.127146429507810390e+05   0.000000000000000000e+00   1.753236180598302817e-09   0.000000000000000000e+00   5.901762807150732337e-10
  1.020000000000000000e+05   4.176127529590580380e+05   0.000000000000000000e+00   1.731320728340824086e-09   0.000000000000000000e+00   6.475331284201935162e-10
  1.035000000000000000e+05   4.225134667205887381e+05   0.000000000000000000e+00   1.709405276083345355e-09   0.000000000000000000e+00   7.091703378943526149e-10
  1.050000000000000000e+05   4.274171721480962588e+05   0.000000000000000000e+00   1.731320728340824086e-09   0.000000000000000000e+00   7.867304931493360605e-10
  1.065000000000000000e+05   4.323242275725613581e+05   0.000000000000000000e+00   1.621743467053430225e-09   0.000000000000000000e+00   8.891167466647448265e-10
  1.080000000000000000e+05   4.372349630110886646e+05   0.000000000000000000e+00   1.643658919310908956e-09   0.000000000000000000e+00   9.721557649840980065e-10
  1.095000000000000000e+05   4.421496768355182139e+05   0.000000000000000000e+00   1.621743467053430225e-09   0.000000000000000000e+00   1.070261656730467853e-09
  1.110000000000000000e+05   4.470686355578775983e+05   0.000000000000000000e+00   1.599828014795951287e-09   0.000000000000000000e+00   1.117003207248371904e-09
  1.125000000000000000e+05   4.519920713265867671e+05   0.000000000000000000e+00   1.555997110280993825e-09   0.000000000000000000e+00   1.171620623421307319e-09
  1.140000000000000000e+05   4.569201821300059091e+05   0.000000000000000000e+00   1.490250753508557426e-09   0.000000000000000000e+00   1.244900416907252052e-09
  1.155000000000000000e+05   4.618531276769274846e+05   0.000000000000000000e+00   1.490250753508557426e-09   0.000000000000000000e+00   1.312530132858065328e-09
  1.170000000000000000e+05   4.667910301894419827e+05   0.000000000000000000e+00   1.512166205766036157e-09   0.000000000000000000e+00   1.370743052916993395e-09
  1.185000000000000000e+05   4.717339711855666246e+05   0.000000000000000000e+00   1.424504396736121026e-09   0.000000000000000000e+00   1.422107394145459396e-09
  1.200000000000000000e+05   4.766819879990177578e+05   0.000000000000000000e+00   1.402588944478642295e-09   0.000000000000000000e+00   1.503947911169481555e-09
  1.215000000000000000e+05   4.816350759144568001e+05   0.000000000000000000e+00   1.336842587706205896e-09   0.000000000000000000e+00   1.575001916535526173e-09
  1.230000000000000000e+05   4.865931846040147357e+05   0.000000000000000000e+00   1.314927135448727165e-09   0.000000000000000000e+00   1.665231942626864656e-09
  1.245000000000000000e+05   4.915562171456439537e+05   0.000000000000000000e+00   1.227265326418812034e-09   0.000000000000000000e+00   1.713000779969337800e-09
  1.260000000000000000e+05   4.965240281411415781e+05   0.000000000000000000e+00   1.183434421903854365e-09   0.000000000000000000e+00   1.782342640627766850e-09
  1.275000000000000000e+05   5.014964233998674899e+05   0.000000000000000000e+00   1.183434421903854365e-09   0.000000000000000000e+00   1.840897989628217948e-09
  1.290000000000000000e+05   5.064731624772754149e+05   0.000000000000000000e+00   1.161518969646375634e-09   0.000000000000000000e+00   1.880790961315659934e-09
  1.305000000000000000e+05   5.114539531993335113e+05   0.000000000000000000e+00   1.095772612873939235e-09   0.000000000000000000e+00   1.961090548102828247e-09
  1.320000000000000000e+05   5.164384572373252595e+05   0.000000000000000000e+00   1.073857160616460504e-09   0.000000000000000000e+00   2.038993132299334930e-09
  1.335000000000000000e+05   5.214262898904006579e+05   0.000000000000000000e+00   1.051941708358981773e-09   0.000000000000000000e+00   2.120833649323357089e-09
  1.350000000000000000e+05   5.264170206300137797e+05   0.000000000000000000e+00   1.008110803844024104e-09   0.000000000000000000e+00   2.197366517753771235e-09
  1.365000000000000000e+05   5.314101747982486850e+05   0.000000000000000000e+00   9.861953515865453734e-10   0.000000000000000000e+00   2.243251995917867709e-09
  1.380000000000000000e+05   5.364052400798526360e+05   0.000000000000000000e+00   9.423644470715877048e-10   0.000000000000000000e+00   2.321839437997420454e-09
  1.395000000000000000e+05   5.414016804733208846e+05   0.000000000000000000e+00   9.642798993290666425e-10   0.000000000000000000e+00   2.404022383962965643e-09
  1.410000000000000000e+05   5.463988706685401266e+05   0.000000000000000000e+00   9.423644470715877048e-10   0.000000000000000000e+00   2.489287190402219351e-09
  1.425000000000000000e+05   5.513962167815044522e+05   0.000000000000000000e+00   9.423644470715877048e-10   0.000000000000000000e+00   2.566162487774156528e-09
  1.440000000000000000e+05   5.563930777600175934e+05   0.000000000000000000e+00   8.985335425566302429e-10   0.000000000000000000e+00   2.595611376745143799e-09
  1.455000000000000000e+05   5.613887904585355427e+05   0.000000000000000000e+00   8.327871857841938433e-10   0.000000000000000000e+00   2.684471687070389538e-09
  1.470000000000000000e+05   5.663826739020876121e+05   0.000000000000000000e+00   8.766180902991514086e-10   0.000000000000000000e+00   2.770934994804974060e-09
  1.485000000000000000e+05   5.713740349217426265e+05   0.000000000000000000e+00   8.327871857841938433e-10   0.000000000000000000e+00   2.828976700393140404e-09
  1.500000000000000000e+05   5.763621690690041287e+05   0.000000000000000000e+00   8.108717335267151124e-10   0.000000000000000000e+00   2.877601610089421539e-09
