  0.000000000000000000e+00   8.599999999999994179e+05   0.000000000000000000e+00   0.000000000000000000e+00   0.000000000000000000e+00   0.000000000000000000e+00
  0.000000000000000000e+00   8.599999999999994179e+05   0.000000000000000000e+00   0.000000000000000000e+00   0.000000000000000000e+00   0.000000000000000000e+00
  1.500000000000000000e+05   8.449550048949826742e+05   0.000000000000000000e+00  -1.245208129900439599e+04   0.000000000000000000e+00  -1.238176157588488968e+04
  1.500000000000000000e+05   8.449550048949826742e+05   0.000000000000000000e+00  -1.245208129900439599e+04   0.000000000000000000e+00  -1.238176157588488968e+04
  1.490000000000000000e+05   8.447921985175469890e+05   0.000000000000000000e+00  -1.254076045720644288e+04   0.000000000000000000e+00  -1.240061057953181262e+04
  1.490000000000000000e+05   8.447921985175469890e+05   0.000000000000000000e+00  -1.254076045720644288e+04   0.000000000000000000e+00  -1.240061057953181262e+04
  1.480000000000000000e+05   8.446264586047494086e+05   0.000000000000000000e+00  -1.263024022027602223e+04   0.000000000000000000e+00  -1.241951350767686017e+04
  1.480000000000000000e+05   8.446264586047494086e+05   0.000000000000000000e+00  -1.263024022027602223e+04   0.000000000000000000e+00  -1.241951350767686017e+04
  1.470000000000000000e+05   8.444577169333153870e+05   0.000000000000000000e+00  -1.272049358956386277e+04   0.000000000000000000e+00  -1.243847064874916578e+04
  1.470000000000000000e+05   8.444577169333153870e+05   0.000000000000000000e+00  -1.272049358956386277e+04   0.000000000000000000e+00  -1.243847064874916578e+04
  1.460000000000000000e+05   8.442858996009158436e+05   0.000000000000000000e+00  -1.281151924425993275e+04   0.000000000000000000e+00  -1.245748107062473719e+04
  1.460000000000000000e+05   8.442858996009158436e+05   0.000000000000000000e+00  -1.281151924425993275e+04   0.000000000000000000e+00  -1.245748107062473719e+04
  1.450000000000000000e+05   8.441109300534655340e+05   0.000000000000000000e+00  -1.290331536584231799e+04   0.000000000000000000e+00  -1.247654413305950220e+04
  1.450000000000000000e+05   8.441109300534655340e+05   0.000000000000000000e+00  -1.290331536584231799e+04   0.000000000000000000e+00  -1.247654413305950220e+04
  1.440000000000000000e+05   8.439327290029471042e+05   0.000000000000000000e+00  -1.299588030756945045e+04   0.000000000000000000e+00  -1.249565881896532119e+04
  1.440000000000000000e+05   8.439327290029471042e+05   0.000000000000000000e+00  -1.299588030756945045e+04   0.000000000000000000e+00  -1.249565881896532119e+04
  1.430000000000000000e+05   8.437512142869628733e+05   0.000000000000000000e+00  -1.308921190509351982e+04   0.000000000000000000e+00  -1.251482438214922877e+04
  1.430000000000000000e+05   8.437512142869628733e+05   0.000000000000000000e+00  -1.308921190509351982e+04   0.000000000000000000e+00  -1.251482438214922877e+04
  1.420000000000000000e+05   8.435663005905832397e+05   0.000000000000000000e+00  -1.318330812772747231e+04   0.000000000000000000e+00  -1.253403974756597927e+04
  1.420000000000000000e+05   8.435663005905832397e+05   0.000000000000000000e+00  -1.318330812772747231e+04   0.000000000000000000e+00  -1.253403974756597927e+04
  1.410000000000000000e+05   8.433778993962439708e+05   0.000000000000000000e+00  -1.327816646102457889e+04   0.000000000000000000e+00  -1.255330401959023402e+04
  1.410000000000000000e+05   8.433778993962439708e+05   0.000000000000000000e+00  -1.327816646102457889e+04   0.000000000000000000e+00  -1.255330401959023402e+04
  1.400000000000000000e+05   8.431859187312851427e+05   0.000000000000000000e+00  -1.337378416880430814e+04   0.000000000000000000e+00  -1.257261623776289707e+04
  1.400000000000000000e+05   8.431859187312851427e+05   0.000000000000000000e+00  -1.337378416880430814e+04   0.000000000000000000e+00  -1.257261623776289707e+04
  1.390000000000000000e+05   8.429902628140657907e+05   0.000000000000000000e+00  -1.347015838660326335e+04   0.000000000000000000e+00  -1.259197528935659284e+04
  1.390000000000000000e+05   8.429902628140657907e+05   0.000000000000000000e+00  -1.347015838660326335e+04   0.000000000000000000e+00  -1.259197528935659284e+04
  1.380000000000000000e+05   8.427908320912555791e+05   0.000000000000000000e+00  -1.356728560881425437e+04   0.000000000000000000e+00  -1.261138020788838185e+04
  1.380000000000000000e+05   8.427908320912555791e+05   0.000000000000000000e+00  -1.356728560881425437e+04   0.000000000000000000e+00  -1.261138020788838185e+04
  1.370000000000000000e+05   8.425875226680648047e+05   0.000000000000000000e+00  -1.366516206760637215e+04   0.000000000000000000e+00  -1.263082988383812335e+04
  1.370000000000000000e+05   8.425875226680648047e+05   0.000000000000000000e+00  -1.366516206760637215e+04   0.000000000000000000e+00  -1.263082988383812335e+04
  1.360000000000000000e+05   8.423802263389907312e+05   0.000000000000000000e+00  -1.376378322966576343e+04   0.000000000000000000e+00  -1.265032330912534599e+04
  1.360000000000000000e+05   8.423802263389907312e+05   0.000000000000000000e+00  -1.376378322966576343e+04   0.000000000000000000e+00  -1.265032330912534599e+04
  1.350000000000000000e+05   8.421688300220973324e+05   0.000000000000000000e+00  -1.386314395903374134e+04   0.000000000000000000e+00  -1.266985941566168913e+04
  1.350000000000000000e+05   8.421688300220973324e+05   0.000000000000000000e+00  -1.386314395903374134e+04   0.000000000000000000e+00  -1.266985941566168913e+04
  1.340000000000000000e+05   8.419532155710115330e+05   0.000000000000000000e+00  -1.396323818020792896e+04   0.000000000000000000e+00  -1.268943717059780647e+04
  1.340000000000000000e+05   8.419532155710115330e+05   0.000000000000000000e+00  -1.396323818020792896e+04   0.000000000000000000e+00  -1.268943717059780647e+04
  1.330000000000000000e+05   8.417332702410620404e+05   0.000000000000000000e+00  -1.406406721380425188e+04   0.000000000000000000e+00  -1.270906256545708311e+04
  1.330000000000000000e+05   8.417332702410620404e+05   0.000000000000000000e+00  -1.406406721380425188e+04   0.000000000000000000e+00  -1.270906256545708311e+04
  1.320000000000000000e+05   8.415088321426530601e+05   0.000000000000000000e+00  -1.416559703323841859e+04   0.000000000000000000e+00  -1.272871374346609991e+04
  1.320000000000000000e+05   8.415088321426530601e+05   0.000000000000000000e+00  -1.416559703323841859e+04   0.000000000000000000e+00  -1.272871374346609991e+04
  1.310000000000000000e+05   8.412797979800765170e+05   0.000000000000000000e+00  -1.426784300403515226e+04   0.000000000000000000e+00  -1.274841077235439479e+04
  1.310000000000000000e+05   8.412797979800765170e+05   0.000000000000000000e+00  -1.426784300403515226e+04   0.000000000000000000e+00  -1.274841077235439479e+04
  1.300000000000000000e+05   8.410460144239427755e+05   0.000000000000000000e+00  -1.437078445379410368e+04   0.000000000000000000e+00  -1.276814588168606315e+04
  1.300000000000000000e+05   8.410460144239427755e+05   0.000000000000000000e+00  -1.437078445379410368e+04   0.000000000000000000e+00  -1.276814588168606315e+04
  1.290000000000000000e+05   8.408073316589281894e+05   0.000000000000000000e+00  -1.447440676436203466e+04   0.000000000000000000e+00  -1.278791843645004883e+04
  1.290000000000000000e+05   8.408073316589281894e+05   0.000000000000000000e+00  -1.447440676436203466e+04   0.000000000000000000e+00  -1.278791843645004883e+04
  1.280000000000000000e+05   8.405635920265644090e+05   0.000000000000000000e+00  -1.457869230075580890e+04   0.000000000000000000e+00  -1.280772789672212275e+04
  1.280000000000000000e+05   8.405635920265644090e+05   0.000000000000000000e+00  -1.457869230075580890e+04   0.000000000000000000e+00  -1.280772789672212275e+04
  1.270000000000000000e+05   8.403146290069788229e+05   0.000000000000000000e+00  -1.468361994356322430e+04   0.000000000000000000e+00  -1.282757408820348246e+04
  1.270000000000000000e+05   8.403146290069788229e+05   0.000000000000000000e+00  -1.468361994356322430e+04   0.000000000000000000e+00  -1.282757408820348246e+04
  1.260000000000000000e+05   8.400602669250743929e+05   0.000000000000000000e+00  -1.478916404543801582e+04   0.000000000000000000e+00  -1.284745695775766217e+04
  1.260000000000000000e+05   8.400602669250743929e+05   0.000000000000000000e+00  -1.478916404543801582e+04   0.000000000000000000e+00  -1.284745695775766217e+04
  1.250000000000000000e+05   8.398003233624267159e+05   0.000000000000000000e+00  -1.489531208591350514e+04   0.000000000000000000e+00  -1.286738189688720195e+04
  1.250000000000000000e+05   8.398003233624267159e+05   0.000000000000000000e+00  -1.489531208591350514e+04   0.000000000000000000e+00  -1.286738189688720195e+04
  1.240000000000000000e+05   8.395345934372636257e+05   0.000000000000000000e+00  -1.500199456535879654e+04   0.000000000000000000e+00  -1.288733987292056918e+04
  1.240000000000000000e+05   8.395345934372636257e+05   0.000000000000000000e+00  -1.500199456535879654e+04   0.000000000000000000e+00  -1.288733987292056918e+04
  1.230000000000000000e+05   8.392628709283986827e+05   0.000000000000000000e+00  -1.510917958054015253e+04   0.000000000000000000e+00  -1.290733673709818140e+04
  1.230000000000000000e+05   8.392628709283986827e+05   0.000000000000000000e+00  -1.510917958054015253e+04   0.000000000000000000e+00  -1.290733673709818140e+04
  1.220000000000000000e+05   8.389849326546093216e+05   0.000000000000000000e+00  -1.521681361061906682e+04   0.000000000000000000e+00  -1.292737433178112769e+04
  1.220000000000000000e+05   8.389849326546093216e+05   0.000000000000000000e+00  -1.521681361061906682e+04   0.000000000000000000e+00  -1.292737433178112769e+04
  1.210000000000000000e+05   8.387005390547517454e+05   0.000000000000000000e+00  -1.532482886031717680e+04   0.000000000000000000e+00  -1.294745535096220920e+04
  1.210000000000000000e+05   8.387005390547517454e+05   0.000000000000000000e+00  -1.532482886031717680e+04   0.000000000000000000e+00  -1.294745535096220920e+04
  1.200000000000000000e+05   8.384094332833952503e+05   0.000000000000000000e+00  -1.543314371525544084e+04   0.000000000000000000e+00  -1.296758354990249063e+04
  1.200000000000000000e+05   8.384094332833952503e+05   0.000000000000000000e+00  -1.543314371525544084e+04   0.000000000000000000e+00  -1.296758354990249063e+04
  1.190000000000000000e+05   8.381113378392808372e+05   0.000000000000000000e+00  -1.554165542588695098e+04   0.000000000000000000e+00  -1.298776483724927493e+04
  1.190000000000000000e+05   8.381113378392808372e+05   0.000000000000000000e+00  -1.554165542588695098e+04   0.000000000000000000e+00  -1.298776483724927493e+04
  1.180000000000000000e+05   8.378059532577700447e+05   0.000000000000000000e+00  -1.565024206779198539e+04   0.000000000000000000e+00  -1.300800627408303080e+04
  1.180000000000000000e+05   8.378059532577700447e+05   0.000000000000000000e+00  -1.565024206779198539e+04   0.000000000000000000e+00  -1.300800627408303080e+04
  1.170000000000000000e+05   8.374929538858709857e+05   0.000000000000000000e+00  -1.575875565348193231e+04   0.000000000000000000e+00  -1.302831643869600703e+04
  1.170000000000000000e+05   8.374929538858709857e+05   0.000000000000000000e+00  -1.575875565348193231e+04   0.000000000000000000e+00  -1.302831643869600703e+04
  1.160000000000000000e+05   8.371719838014021516e+05   0.000000000000000000e+00  -1.586702971605098719e+04   0.000000000000000000e+00  -1.304870411590064759e+04
  1.160000000000000000e+05   8.371719838014021516e+05   0.000000000000000000e+00  -1.586702971605098719e+04   0.000000000000000000e+00  -1.304870411590064759e+04
  1.150000000000000000e+05   8.368426465390223311e+05   0.000000000000000000e+00  -1.597481517649018679e+04   0.000000000000000000e+00  -1.306918913786597659e+04
  1.150000000000000000e+05   8.368426465390223311e+05   0.000000000000000000e+00  -1.597481517649018679e+04   0.000000000000000000e+00  -1.306918913786597659e+04
  1.140000000000000000e+05   8.365045050106323324e+05   0.000000000000000000e+00  -1.608184495230915854e+04   0.000000000000000000e+00  -1.308978877190695312e+04
  1.140000000000000000e+05   8.365045050106323324e+05   0.000000000000000000e+00  -1.608184495230915854e+04   0.000000000000000000e+00  -1.308978877190695312e+04
  1.130000000000000000e+05   8.361570670171589591e+05   0.000000000000000000e+00  -1.618777292517037495e+04   0.000000000000000000e+00  -1.311052839599395338e+04
  1.130000000000000000e+05   8.361570670171589591e+05   0.000000000000000000e+00  -1.618777292517037495e+04   0.000000000000000000e+00  -1.311052839599395338e+04
  1.120000000000000000e+05   8.357997734806095250e+05   0.000000000000000000e+00  -1.629217084837148104e+04   0.000000000000000000e+00  -1.313144016131416174e+04
  1.120000000000000000e+05   8.357997734806095250e+05   0.000000000000000000e+00  -1.629217084837148104e+04   0.000000000000000000e+00  -1.313144016131416174e+04
  1.110000000000000000e+05   8.354319813463564496e+05   0.000000000000000000e+00  -1.639449687673676453e+04   0.000000000000000000e+00  -1.315256631832601124e+04
  1.110000000000000000e+05   8.354319813463564496e+05   0.000000000000000000e+00  -1.639449687673676453e+04   0.000000000000000000e+00  -1.315256631832601124e+04
  1.100000000000000000e+05   8.350529395307301311e+05   0.000000000000000000e+00  -1.649406812744026684e+04   0.000000000000000000e+00  -1.317396128705765477e+04
  1.100000000000000000e+05   8.350529395307301311e+05   0.000000000000000000e+00  -1.649406812744026684e+04   0.000000000000000000e+00  -1.317396128705765477e+04
  1.090000000000000000e+05   8.346617624674192630e+05   0.000000000000000000e+00  -1.658999320313053977e+04   0.000000000000000000e+00  -1.319568916860397439e+04
  1.090000000000000000e+05   8.346617624674192630e+05   0.000000000000000000e+00  -1.658999320313053977e+04   0.000000000000000000e+00  -1.319568916860397439e+04
  1.080000000000000000e+05   8.342573565067626769e+05   0.000000000000000000e+00  -1.668118862131193964e+04   0.000000000000000000e+00  -1.321785576769083309e+04
  1.080000000000000000e+05   8.342573565067626769e+05   0.000000000000000000e+00  -1.668118862131193964e+04   0.000000000000000000e+00  -1.321785576769083309e+04
  1.070000000000000000e+05   8.338383869182780618e+05   0.000000000000000000e+00  -1.676616302117354280e+04   0.000000000000000000e+00  -1.324057682839876361e+04
  1.070000000000000000e+05   8.338383869182780618e+05   0.000000000000000000e+00  -1.676616302117354280e+04   0.000000000000000000e+00  -1.324057682839876361e+04
  1.060000000000000000e+05   8.334031463805206586e+05   0.000000000000000000e+00  -1.684296900397690479e+04   0.000000000000000000e+00  -1.326401575182975830e+04
  1.060000000000000000e+05   8.334031463805206586e+05   0.000000000000000000e+00  -1.684296900397690479e+04   0.000000000000000000e+00  -1.326401575182975830e+04
  1.050000000000000000e+05   8.329493828486256534e+05   0.000000000000000000e+00  -1.690901811237783113e+04   0.000000000000000000e+00  -1.328839758636186707e+04
  1.050000000000000000e+05   8.329493828486256534e+05   0.000000000000000000e+00  -1.690901811237783113e+04   0.000000000000000000e+00  -1.328839758636186707e+04
  1.040000000000000000e+05   8.324740648957940284e+05   0.000000000000000000e+00  -1.696056496354039336e+04   0.000000000000000000e+00  -1.331402283770733266e+04
  1.040000000000000000e+05   8.324740648957940284e+05   0.000000000000000000e+00  -1.696056496354039336e+04   0.000000000000000000e+00  -1.331402283770733266e+04
  1.030000000000000000e+05   8.319728263478057925e+05   0.000000000000000000e+00  -1.699238189122440599e+04   0.000000000000000000e+00  -1.334134344441584653e+04
  1.030000000000000000e+05   8.319728263478057925e+05   0.000000000000000000e+00  -1.699238189122440599e+04   0.000000000000000000e+00  -1.334134344441584653e+04
  1.020000000000000000e+05   8.314391094525253866e+05   0.000000000000000000e+00  -1.699655279675997735e+04   0.000000000000000000e+00  -1.337104938103746827e+04
  1.020000000000000000e+05   8.314391094525253866e+05   0.000000000000000000e+00  -1.699655279675997735e+04   0.000000000000000000e+00  -1.337104938103746827e+04
  1.010000000000000000e+05   8.308622457197686890e+05   0.000000000000000000e+00  -1.696034281831397311e+04   0.000000000000000000e+00  -1.340432331390997751e+04
  1.010000000000000000e+05   8.308622457197686890e+05   0.000000000000000000e+00  -1.696034281831397311e+04   0.000000000000000000e+00  -1.340432331390997751e+04
  1.000000000000000000e+05   8.302226527688015485e+05   0.000000000000000000e+00  -1.686076794805059035e+04   0.000000000000000000e+00  -1.344359921269442384e+04
  1.000000000000000000e+05   8.302226527688015485e+05   0.000000000000000000e+00  -1.686076794805059035e+04   0.000000000000000000e+00  -1.344359921269442384e+04
  9.900000000000000000e+04   8.294731285393671133e+05   0.000000000000000000e+00  -1.664393099909751254e+04   0.000000000000000000e+00  -1.349639045133041145e+04
  9.900000000000000000e+04   8.294731285393671133e+05   0.000000000000000000e+00  -1.664393099909751254e+04   0.000000000000000000e+00  -1.349639045133041145e+04
  9.800000000000000000e+04   8.245269121564695379e+05   0.000000000000000000e+00  -1.305751114807220438e+04   0.000000000000000000e+00  -1.398330575965015851e+04
  9.800000000000000000e+04   8.245269121564695379e+05   0.000000000000000000e+00  -1.305751114807220438e+04   0.000000000000000000e+00  -1.398330575965015851e+04
  9.700000000000000000e+04   8.238603233505882090e+05   0.000000000000000000e+00  -1.313186112366240741e+04   0.000000000000000000e+00  -1.398746376297037750e+04
  9.700000000000000000e+04   8.238603233505882090e+05   0.000000000000000000e+00  -1.313186112366240741e+04   0.000000000000000000e+00  -1.398746376297037750e+04
  9.600000000000000000e+04   8.231702842177164275e+05   0.000000000000000000e+00  -1.319992606507687560e+04   0.000000000000000000e+00  -1.398914651523854263e+04
  9.600000000000000000e+04   8.231702842177164275e+05   0.000000000000000000e+00  -1.319992606507687560e+04   0.000000000000000000e+00  -1.398914651523854263e+04
  9.500000000000000000e+04   8.224538638216182590e+05   0.000000000000000000e+00  -1.326050123249065473e+04   0.000000000000000000e+00  -1.398802858841829584e+04
  9.500000000000000000e+04   8.224538638216182590e+05   0.000000000000000000e+00  -1.326050123249065473e+04   0.000000000000000000e+00  -1.398802858841829584e+04
  9.400000000000000000e+04   8.217080348896309733e+05   0.000000000000000000e+00  -1.331278034852872042e+04   0.000000000000000000e+00  -1.398378286479584494e+04
  9.400000000000000000e+04   8.217080348896309733e+05   0.000000000000000000e+00  -1.331278034852872042e+04   0.000000000000000000e+00  -1.398378286479584494e+04
  9.300000000000000000e+04   8.209297962284495588e+05   0.000000000000000000e+00  -1.335649283188213121e+04   0.000000000000000000e+00  -1.397611274418599351e+04
  9.300000000000000000e+04   8.209297962284495588e+05   0.000000000000000000e+00  -1.335649283188213121e+04   0.000000000000000000e+00  -1.397611274418599351e+04
  9.200000000000000000e+04   8.201162602750518126e+05   0.000000000000000000e+00  -1.339195411651428549e+04   0.000000000000000000e+00  -1.396478565030316167e+04
  9.200000000000000000e+04   8.201162602750518126e+05   0.000000000000000000e+00  -1.339195411651428549e+04   0.000000000000000000e+00  -1.396478565030316167e+04
  9.100000000000000000e+04   8.192646258203390753e+05   0.000000000000000000e+00  -1.341994229502566668e+04   0.000000000000000000e+00  -1.394965598905433581e+04
  9.100000000000000000e+04   8.192646258203390753e+05   0.000000000000000000e+00  -1.341994229502566668e+04   0.000000000000000000e+00  -1.394965598905433581e+04
  9.000000000000000000e+04   8.183719681023998419e+05   0.000000000000000000e+00  -1.344144078383062333e+04   0.000000000000000000e+00  -1.393067756457584983e+04
  9.000000000000000000e+04   8.183719681023998419e+05   0.000000000000000000e+00  -1.344144078383062333e+04   0.000000000000000000e+00  -1.393067756457584983e+04
  8.900000000000000000e+04   8.174347963512865826e+05   0.000000000000000000e+00  -1.345727990718898036e+04   0.000000000000000000e+00  -1.390789439458518609e+04
  8.900000000000000000e+04   8.174347963512865826e+05   0.000000000000000000e+00  -1.345727990718898036e+04   0.000000000000000000e+00  -1.390789439458518609e+04
  8.800000000000000000e+04   8.164482942851709668e+05   0.000000000000000000e+00  -1.346764436903701790e+04   0.000000000000000000e+00  -1.388139920406908277e+04
  8.800000000000000000e+04   8.164482942851709668e+05   0.000000000000000000e+00  -1.346764436903701790e+04   0.000000000000000000e+00  -1.388139920406908277e+04
  8.700000000000000000e+04   8.154052253264480969e+05   0.000000000000000000e+00  -1.347160747795170391e+04   0.000000000000000000e+00  -1.385130538132446418e+04
  8.700000000000000000e+04   8.154052253264480969e+05   0.000000000000000000e+00  -1.347160747795170391e+04   0.000000000000000000e+00  -1.385130538132446418e+04
  8.600000000000000000e+04   8.142943356895148754e+05   0.000000000000000000e+00  -1.346651467101534763e+04   0.000000000000000000e+00  -1.381775091066662389e+04
  8.600000000000000000e+04   8.142943356895148754e+05   0.000000000000000000e+00  -1.346651467101534763e+04   0.000000000000000000e+00  -1.381775091066662389e+04
  8.500000000000000000e+04   8.130989765805068891e+05   0.000000000000000000e+00  -1.344748861965863944e+04   0.000000000000000000e+00  -1.378085187047476211e+04
  8.500000000000000000e+04   8.130989765805068891e+05   0.000000000000000000e+00  -1.344748861965863944e+04   0.000000000000000000e+00  -1.378085187047476211e+04
  8.400000000000000000e+04   8.117975957086373819e+05   0.000000000000000000e+00  -1.340729891165904883e+04   0.000000000000000000e+00  -1.374072739981756786e+04
  8.400000000000000000e+04   8.117975957086373819e+05   0.000000000000000000e+00  -1.340729891165904883e+04   0.000000000000000000e+00  -1.374072739981756786e+04
  8.300000000000000000e+04   8.103695222468139837e+05   0.000000000000000000e+00  -1.333776950120905167e+04   0.000000000000000000e+00  -1.369758989675436351e+04
  8.300000000000000000e+04   8.103695222468139837e+05   0.000000000000000000e+00  -1.333776950120905167e+04   0.000000000000000000e+00  -1.369758989675436351e+04
  8.200000000000000000e+04   8.087946628041772638e+05   0.000000000000000000e+00  -1.322467517650908303e+04   0.000000000000000000e+00  -1.365243667328781885e+04
  8.200000000000000000e+04   8.087946628041772638e+05   0.000000000000000000e+00  -1.322467517650908303e+04   0.000000000000000000e+00  -1.365243667328781885e+04
  8.100000000000000000e+04   8.046531595988635672e+05   0.000000000000000000e+00  -1.127720188821834927e+04   0.000000000000000000e+00  -1.365821181755638463e+04
  8.100000000000000000e+04   8.046531595988635672e+05   0.000000000000000000e+00  -1.127720188821834927e+04   0.000000000000000000e+00  -1.365821181755638463e+04
  8.000000000000000000e+04   8.027594096447528573e+05   0.000000000000000000e+00  -1.110228451054963080e+04   0.000000000000000000e+00  -1.361025628433208476e+04
  8.000000000000000000e+04   8.027594096447528573e+05   0.000000000000000000e+00  -1.110228451054963080e+04   0.000000000000000000e+00  -1.361025628433208476e+04
  7.900000000000000000e+04   8.008144845018438064e+05   0.000000000000000000e+00  -1.094432983758210139e+04   0.000000000000000000e+00  -1.356184881382819549e+04
  7.900000000000000000e+04   8.008144845018438064e+05   0.000000000000000000e+00  -1.094432983758210139e+04   0.000000000000000000e+00  -1.356184881382819549e+04
  7.800000000000000000e+04   7.987970844282449689e+05   0.000000000000000000e+00  -1.079327708372585221e+04   0.000000000000000000e+00  -1.351336826789085171e+04
  7.800000000000000000e+04   7.987970844282449689e+05   0.000000000000000000e+00  -1.079327708372585221e+04   0.000000000000000000e+00  -1.351336826789085171e+04
  7.700000000000000000e+04   7.966584756364685018e+05   0.000000000000000000e+00  -1.062885842075754408e+04   0.000000000000000000e+00  -1.346475726267678510e+04
  7.700000000000000000e+04   7.966584756364685018e+05   0.000000000000000000e+00  -1.062885842075754408e+04   0.000000000000000000e+00  -1.346475726267678510e+04
  7.600000000000000000e+04   7.942380202121065231e+05   0.000000000000000000e+00  -1.037944782166812001e+04   0.000000000000000000e+00  -1.341531523276750704e+04
  7.600000000000000000e+04   7.942380202121065231e+05   0.000000000000000000e+00  -1.037944782166812001e+04   0.000000000000000000e+00  -1.341531523276750704e+04
  7.500000000000000000e+04   7.916816532198535278e+05   0.000000000000000000e+00  -1.009351507735301857e+04   0.000000000000000000e+00  -1.335677241149978727e+04
  7.500000000000000000e+04   7.916816532198535278e+05   0.000000000000000000e+00  -1.009351507735301857e+04   0.000000000000000000e+00  -1.335677241149978727e+04
  7.400000000000000000e+04   7.895519173404037720e+05   0.000000000000000000e+00  -1.003423140439924100e+04   0.000000000000000000e+00  -1.329250371453118532e+04
  7.400000000000000000e+04   7.895519173404037720e+05   0.000000000000000000e+00  -1.003423140439924100e+04   0.000000000000000000e+00  -1.329250371453118532e+04
  7.300000000000000000e+04   7.874962902287089964e+05   0.000000000000000000e+00  -1.005227561843957483e+04   0.000000000000000000e+00  -1.322573044496807597e+04
  7.300000000000000000e+04   7.874962902287089964e+05   0.000000000000000000e+00  -1.005227561843957483e+04   0.000000000000000000e+00  -1.322573044496807597e+04
  7.200000000000000000e+04   7.854304278396079317e+05   0.000000000000000000e+00  -1.011039299167382524e+04   0.000000000000000000e+00  -1.315608407096918017e+04
  7.200000000000000000e+04   7.854304278396079317e+05   0.000000000000000000e+00  -1.011039299167382524e+04   0.000000000000000000e+00  -1.315608407096918017e+04
  7.100000000000000000e+04   7.833239910684311762e+05   0.000000000000000000e+00  -1.019267182798804788e+04   0.000000000000000000e+00  -1.308327513178661320e+04
  7.100000000000000000e+04   7.833239910684311762e+05   0.000000000000000000e+00  -1.019267182798804788e+04   0.000000000000000000e+00  -1.308327513178661320e+04
  7.000000000000000000e+04   7.811595344949334394e+05   0.000000000000000000e+00  -1.028798991803632634e+04   0.000000000000000000e+00  -1.300700043290452049e+04
  7.000000000000000000e+04   7.811595344949334394e+05   0.000000000000000000e+00  -1.028798991803632634e+04   0.000000000000000000e+00  -1.300700043290452049e+04
  6.900000000000000000e+04   7.789229074074402452e+05   0.000000000000000000e+00  -1.038295527838204362e+04   0.000000000000000000e+00  -1.292639934391150564e+04
  6.900000000000000000e+04   7.789229074074402452e+05   0.000000000000000000e+00  -1.038295527838204362e+04   0.000000000000000000e+00  -1.292639934391150564e+04
  6.800000000000000000e+04   7.765810158371479483e+05   0.000000000000000000e+00  -1.044033998964578313e+04   0.000000000000000000e+00  -1.283636093169359810e+04
  6.800000000000000000e+04   7.765810158371479483e+05   0.000000000000000000e+00  -1.044033998964578313e+04   0.000000000000000000e+00  -1.283636093169359810e+04
  6.700000000000000000e+04   7.728788422617327888e+05   0.000000000000000000e+00  -9.315849646497026697e+03   0.000000000000000000e+00  -1.219382437047892381e+04
  6.700000000000000000e+04   7.728788422617327888e+05   0.000000000000000000e+00  -9.315849646497026697e+03   0.000000000000000000e+00  -1.219382437047892381e+04
  6.600000000000000000e+04   7.619965782004075591e+05   0.000000000000000000e+00  -1.281098230187268018e+04   0.000000000000000000e+00  -1.175090193720978823e+04
  6.600000000000000000e+04   7.619965782004075591e+05   0.000000000000000000e+00  -1.281098230187268018e+04   0.000000000000000000e+00  -1.175090193720978823e+04
  6.500000000000000000e+04   7.596987195609589107e+05   0.000000000000000000e+00  -1.306339729764239564e+04   0.000000000000000000e+00  -1.170376269751165273e+04
  6.500000000000000000e+04   7.596987195609589107e+05   0.000000000000000000e+00  -1.306339729764239564e+04   0.000000000000000000e+00  -1.170376269751165273e+04
  6.400000000000000000e+04   7.573538405662567820e+05   0.000000000000000000e+00  -1.333471388110989028e+04   0.000000000000000000e+00  -1.165806400452407979e+04
  6.400000000000000000e+04   7.573538405662567820e+05   0.000000000000000000e+00  -1.333471388110989028e+04   0.000000000000000000e+00  -1.165806400452407979e+04
  6.300000000000000000e+04   7.549471696141730063e+05   0.000000000000000000e+00  -1.362912732522477017e+04   0.000000000000000000e+00  -1.161343459951914883e+04
  6.300000000000000000e+04   7.549471696141730063e+05   0.000000000000000000e+00  -1.362912732522477017e+04   0.000000000000000000e+00  -1.161343459951914883e+04
  6.200000000000000000e+04   7.524590733500234783e+05   0.000000000000000000e+00  -1.395342357472003459e+04   0.000000000000000000e+00  -1.156917203141870232e+04
  6.200000000000000000e+04   7.524590733500234783e+05   0.000000000000000000e+00  -1.395342357472003459e+04   0.000000000000000000e+00  -1.156917203141870232e+04
  6.100000000000000000e+04   7.498629454220454209e+05   0.000000000000000000e+00  -1.431810963704652750e+04   0.000000000000000000e+00  -1.152397935326803054e+04
  6.100000000000000000e+04   7.498629454220454209e+05   0.000000000000000000e+00  -1.431810963704652750e+04   0.000000000000000000e+00  -1.152397935326803054e+04
  6.000000000000000000e+04   7.471242358079238329e+05   0.000000000000000000e+00  -1.473558857318473383e+04   0.000000000000000000e+00  -1.147616400017998785e+04
  6.000000000000000000e+04   7.471242358079238329e+05   0.000000000000000000e+00  -1.473558857318473383e+04   0.000000000000000000e+00  -1.147616400017998785e+04
  5.900000000000000000e+04   7.442094112472222187e+05   0.000000000000000000e+00  -1.520264512396492864e+04   0.000000000000000000e+00  -1.142594897259006211e+04
  5.900000000000000000e+04   7.442094112472222187e+05   0.000000000000000000e+00  -1.520264512396492864e+04   0.000000000000000000e+00  -1.142594897259006211e+04
  5.800000000000000000e+04   7.410932469507115893e+05   0.000000000000000000e+00  -1.568140421793986206e+04   0.000000000000000000e+00  -1.137829443839233136e+04
  5.800000000000000000e+04   7.410932469507115893e+05   0.000000000000000000e+00  -1.568140421793986206e+04   0.000000000000000000e+00  -1.137829443839233136e+04
  5.700000000000000000e+04   7.377115465868016472e+05   0.000000000000000000e+00  -1.609028863567548797e+04   0.000000000000000000e+00  -1.134491169015608466e+04
  5.700000000000000000e+04   7.377115465868016472e+05   0.000000000000000000e+00  -1.609028863567548797e+04   0.000000000000000000e+00  -1.134491169015608466e+04
  5.600000000000000000e+04   7.339189689938321244e+05   0.000000000000000000e+00  -1.628516134146723925e+04   0.000000000000000000e+00  -1.134633660930624683e+04
  5.600000000000000000e+04   7.339189689938321244e+05   0.000000000000000000e+00  -1.628516134146723925e+04   0.000000000000000000e+00  -1.134633660930624683e+04
  5.500000000000000000e+04   7.303383849771431414e+05   0.000000000000000000e+00  -1.659473352760584748e+04   0.000000000000000000e+00  -1.133100630196261955e+04
  5.500000000000000000e+04   7.303383849771431414e+05   0.000000000000000000e+00  -1.659473352760584748e+04   0.000000000000000000e+00  -1.133100630196261955e+04
  5.400000000000000000e+04   7.267996612328859046e+05   0.000000000000000000e+00  -1.687957294333733080e+04   0.000000000000000000e+00  -1.132027238256840792e+04
  5.400000000000000000e+04   7.267996612328859046e+05   0.000000000000000000e+00  -1.687957294333733080e+04   0.000000000000000000e+00  -1.132027238256840792e+04
  5.300000000000000000e+04   7.231665842175505823e+05   0.000000000000000000e+00  -1.701727831312141643e+04   0.000000000000000000e+00  -1.133300870146011584e+04
  5.300000000000000000e+04   7.231665842175505823e+05   0.000000000000000000e+00  -1.701727831312141643e+04   0.000000000000000000e+00  -1.133300870146011584e+04
  5.200000000000000000e+04   7.196379637134517543e+05   0.000000000000000000e+00  -1.739480162600396943e+04   0.000000000000000000e+00  -1.130950035582202509e+04
  5.200000000000000000e+04   7.196379637134517543e+05   0.000000000000000000e+00  -1.739480162600396943e+04   0.000000000000000000e+00  -1.130950035582202509e+04
  5.100000000000000000e+04   7.160614969932171516e+05   0.000000000000000000e+00  -1.783442601205151368e+04   0.000000000000000000e+00  -1.127959055106846972e+04
  5.100000000000000000e+04   7.160614969932171516e+05   0.000000000000000000e+00  -1.783442601205151368e+04   0.000000000000000000e+00  -1.127959055106846972e+04
  5.000000000000000000e+04   7.123824447297037113e+05   0.000000000000000000e+00  -1.839060251594805959e+04   0.000000000000000000e+00  -1.124264321038095113e+04
  5.000000000000000000e+04   7.123824447297037113e+05   0.000000000000000000e+00  -1.839060251594805959e+04   0.000000000000000000e+00  -1.124264321038095113e+04
  4.900000000000000000e+04   7.057745311759932665e+05   0.000000000000000000e+00  -2.184019363330417764e+04   0.000000000000000000e+00  -1.097753055995691102e+04
  4.900000000000000000e+04   7.057745311759932665e+05   0.000000000000000000e+00  -2.184019363330417764e+04   0.000000000000000000e+00  -1.097753055995691102e+04
  4.800000000000000000e+04   7.019401684798806673e+05   0.000000000000000000e+00  -2.190327357565108832e+04   0.000000000000000000e+00  -1.090886877655751232e+04
  4.800000000000000000e+04   7.019401684798806673e+05   0.000000000000000000e+00  -2.190327357565108832e+04   0.000000000000000000e+00  -1.090886877655751232e+04
  4.700000000000000000e+04   6.980122500855344115e+05   0.000000000000000000e+00  -2.184162646871227480e+04   0.000000000000000000e+00  -1.083144493233301910e+04
  4.700000000000000000e+04   6.980122500855344115e+05   0.000000000000000000e+00  -2.184162646871227480e+04   0.000000000000000000e+00  -1.083144493233301910e+04
  4.600000000000000000e+04   6.931898139143965673e+05   0.000000000000000000e+00  -1.986268570899815677e+04   0.000000000000000000e+00  -1.069439351234628884e+04
  4.600000000000000000e+04   6.931898139143965673e+05   0.000000000000000000e+00  -1.986268570899815677e+04   0.000000000000000000e+00  -1.069439351234628884e+04
  4.500000000000000000e+04   6.867314212789206067e+05   0.000000000000000000e+00  -1.618477674745120385e+04   0.000000000000000000e+00  -1.001915487632467193e+04
  4.500000000000000000e+04   6.867314212789206067e+05   0.000000000000000000e+00  -1.618477674745120385e+04   0.000000000000000000e+00  -1.001915487632467193e+04
  4.400000000000000000e+04   6.825383621360746911e+05   0.000000000000000000e+00  -1.614786490614885224e+04   0.000000000000000000e+00  -9.951170733310738797e+03
  4.400000000000000000e+04   6.825383621360746911e+05   0.000000000000000000e+00  -1.614786490614885224e+04   0.000000000000000000e+00  -9.951170733310738797e+03
  4.300000000000000000e+04   6.782635129428117070e+05   0.000000000000000000e+00  -1.611385410847226194e+04   0.000000000000000000e+00  -9.881491202931601947e+03
  4.300000000000000000e+04   6.782635129428117070e+05   0.000000000000000000e+00  -1.611385410847226194e+04   0.000000000000000000e+00  -9.881491202931601947e+03
  4.200000000000000000e+04   6.738843418672123225e+05   0.000000000000000000e+00  -1.605178137563186465e+04   0.000000000000000000e+00  -9.808874136765050935e+03
  4.200000000000000000e+04   6.738843418672123225e+05   0.000000000000000000e+00  -1.605178137563186465e+04   0.000000000000000000e+00  -9.808874136765050935e+03
  4.100000000000000000e+04   6.693823493404951878e+05   0.000000000000000000e+00  -1.593814326790733867e+04   0.000000000000000000e+00  -9.732588475097401897e+03
  4.100000000000000000e+04   6.693823493404951878e+05   0.000000000000000000e+00  -1.593814326790733867e+04   0.000000000000000000e+00  -9.732588475097401897e+03
  4.000000000000000000e+04   6.647383326571638463e+05   0.000000000000000000e+00  -1.574881016765732784e+04   0.000000000000000000e+00  -9.651907767111431895e+03
  4.000000000000000000e+04   6.647383326571638463e+05   0.000000000000000000e+00  -1.574881016765732784e+04   0.000000000000000000e+00  -9.651907767111431895e+03
  3.900000000000000000e+04   6.599500458920926321e+05   0.000000000000000000e+00  -1.547401529159492748e+04   0.000000000000000000e+00  -9.565429313285081662e+03
  3.900000000000000000e+04   6.599500458920926321e+05   0.000000000000000000e+00  -1.547401529159492748e+04   0.000000000000000000e+00  -9.565429313285081662e+03
  3.800000000000000000e+04   6.542553888797032414e+05   0.000000000000000000e+00  -1.425525845848680910e+04   0.000000000000000000e+00  -9.441896647511732226e+03
  3.800000000000000000e+04   6.542553888797032414e+05   0.000000000000000000e+00  -1.425525845848680910e+04   0.000000000000000000e+00  -9.441896647511732226e+03
  3.700000000000000000e+04   6.490494178301302018e+05   0.000000000000000000e+00  -1.348925505473893645e+04   0.000000000000000000e+00  -9.348859685416164211e+03
  3.700000000000000000e+04   6.490494178301302018e+05   0.000000000000000000e+00  -1.348925505473893645e+04   0.000000000000000000e+00  -9.348859685416164211e+03
  3.600000000000000000e+04   6.437973618645281531e+05   0.000000000000000000e+00  -1.264100165115976233e+04   0.000000000000000000e+00  -9.256595488231123454e+03
  3.600000000000000000e+04   6.437973618645281531e+05   0.000000000000000000e+00  -1.264100165115976233e+04   0.000000000000000000e+00  -9.256595488231123454e+03
  3.500000000000000000e+04   6.359173901790126693e+05   0.000000000000000000e+00  -6.826551767619178463e+03   0.000000000000000000e+00  -8.892937781637523585e+03
  3.500000000000000000e+04   6.359173901790126693e+05   0.000000000000000000e+00  -6.826551767619178463e+03   0.000000000000000000e+00  -8.892937781637523585e+03
  3.400000000000000000e+04   6.308386151207907824e+05   0.000000000000000000e+00  -6.520000565911333979e+03   0.000000000000000000e+00  -8.804124454958293427e+03
  3.400000000000000000e+04   6.308386151207907824e+05   0.000000000000000000e+00  -6.520000565911333979e+03   0.000000000000000000e+00  -8.804124454958293427e+03
  3.300000000000000000e+04   6.256932166389944032e+05   0.000000000000000000e+00  -6.240165821550115652e+03   0.000000000000000000e+00  -8.712672994603979532e+03
  3.300000000000000000e+04   6.256932166389944032e+05   0.000000000000000000e+00  -6.240165821550115652e+03   0.000000000000000000e+00  -8.712672994603979532e+03
  3.200000000000000000e+04   6.204526446088224184e+05   0.000000000000000000e+00  -5.980600624562199300e+03   0.000000000000000000e+00  -8.616897225086629987e+03
  3.200000000000000000e+04   6.204526446088224184e+05   0.000000000000000000e+00  -5.980600624562199300e+03   0.000000000000000000e+00  -8.616897225086629987e+03
  3.100000000000000000e+04   6.150894407013567397e+05   0.000000000000000000e+00  -5.749046625143297206e+03   0.000000000000000000e+00  -8.515003550488463588e+03
  3.100000000000000000e+04   6.150894407013567397e+05   0.000000000000000000e+00  -5.749046625143297206e+03   0.000000000000000000e+00  -8.515003550488463588e+03
  3.000000000000000000e+04   6.095899423308945261e+05   0.000000000000000000e+00  -5.571846542779088850e+03   0.000000000000000000e+00  -8.405939874935169428e+03
  3.000000000000000000e+04   6.095899423308945261e+05   0.000000000000000000e+00  -5.571846542779088850e+03   0.000000000000000000e+00  -8.405939874935169428e+03
  2.900000000000000000e+04   6.039742249833391979e+05   0.000000000000000000e+00  -5.485733251715824736e+03   0.000000000000000000e+00  -8.292231860400434016e+03
  2.900000000000000000e+04   6.039742249833391979e+05   0.000000000000000000e+00  -5.485733251715824736e+03   0.000000000000000000e+00  -8.292231860400434016e+03
  2.800000000000000000e+04   5.982661084717796184e+05   0.000000000000000000e+00  -5.514190323128235832e+03   0.000000000000000000e+00  -8.180490779866536286e+03
  2.800000000000000000e+04   5.982661084717796184e+05   0.000000000000000000e+00  -5.514190323128235832e+03   0.000000000000000000e+00  -8.180490779866536286e+03
  2.700000000000000000e+04   5.924065642564343289e+05   0.000000000000000000e+00  -5.682549710974991285e+03   0.000000000000000000e+00  -8.074791496323294268e+03
  2.700000000000000000e+04   5.924065642564343289e+05   0.000000000000000000e+00  -5.682549710974991285e+03   0.000000000000000000e+00  -8.074791496323294268e+03
  2.600000000000000000e+04   5.862470490256533958e+05   0.000000000000000000e+00  -6.060666063569688049e+03   0.000000000000000000e+00  -7.978700108982871825e+03
  2.600000000000000000e+04   5.862470490256533958e+05   0.000000000000000000e+00  -6.060666063569688049e+03   0.000000000000000000e+00  -7.978700108982871825e+03
  2.500000000000000000e+04   5.795859902429152280e+05   0.000000000000000000e+00  -6.738964900678764025e+03   0.000000000000000000e+00  -7.899337941011785915e+03
  2.500000000000000000e+04   5.795859902429152280e+05   0.000000000000000000e+00  -6.738964900678764025e+03   0.000000000000000000e+00  -7.899337941011785915e+03
  2.400000000000000000e+04   5.555534083197514992e+05   0.000000000000000000e+00  -8.438493949953290212e+03   0.000000000000000000e+00  -7.123296775669262388e+03
  2.400000000000000000e+04   5.555534083197514992e+05   0.000000000000000000e+00  -8.438493949953290212e+03   0.000000000000000000e+00  -7.123296775669262388e+03
  2.300000000000000000e+04   5.478639146232135827e+05   0.000000000000000000e+00  -8.740146696111314668e+03   0.000000000000000000e+00  -7.066122052750397415e+03
  2.300000000000000000e+04   5.478639146232135827e+05   0.000000000000000000e+00  -8.740146696111314668e+03   0.000000000000000000e+00  -7.066122052750397415e+03
  2.200000000000000000e+04   5.398150417427648790e+05   0.000000000000000000e+00  -8.720138052747091933e+03   0.000000000000000000e+00  -7.009990019551548357e+03
  2.200000000000000000e+04   5.398150417427648790e+05   0.000000000000000000e+00  -8.720138052747091933e+03   0.000000000000000000e+00  -7.009990019551548357e+03
  2.100000000000000000e+04   5.243243084528939798e+05   0.000000000000000000e+00  -1.026781442683600289e+04   0.000000000000000000e+00  -7.438994430755895337e+03
  2.100000000000000000e+04   5.243243084528939798e+05   0.000000000000000000e+00  -1.026781442683600289e+04   0.000000000000000000e+00  -7.438994430755895337e+03
  2.000000000000000000e+04   5.032951519348767470e+05   0.000000000000000000e+00   1.179996280735248774e+03   0.000000000000000000e+00  -7.996768757685689707e+03
  2.000000000000000000e+04   5.032951519348767470e+05   0.000000000000000000e+00   1.179996280735248774e+03   0.000000000000000000e+00  -7.996768757685689707e+03
  1.900000000000000000e+04   4.963463866844006698e+05   0.000000000000000000e+00   1.762085903149461728e+03   0.000000000000000000e+00  -7.871870085729790844e+03
  1.900000000000000000e+04   4.963463866844006698e+05   0.000000000000000000e+00   1.762085903149461728e+03   0.000000000000000000e+00  -7.871870085729790844e+03
  1.800000000000000000e+04   4.892517666336061666e+05   0.000000000000000000e+00   2.366737211633697370e+03   0.000000000000000000e+00  -7.742306732685926363e+03
  1.800000000000000000e+04   4.892517666336061666e+05   0.000000000000000000e+00   2.366737211633697370e+03   0.000000000000000000e+00  -7.742306732685926363e+03
  1.700000000000000000e+04   4.818097221480089356e+05   0.000000000000000000e+00   3.006493577970060414e+03   0.000000000000000000e+00  -7.597758235517479989e+03
  1.700000000000000000e+04   4.818097221480089356e+05   0.000000000000000000e+00   3.006493577970060414e+03   0.000000000000000000e+00  -7.597758235517479989e+03
  1.600000000000000000e+04   4.736160110276172054e+05   0.000000000000000000e+00   3.735406288753938497e+03   0.000000000000000000e+00  -7.412545445503048541e+03
  1.600000000000000000e+04   4.736160110276172054e+05   0.000000000000000000e+00   3.735406288753938497e+03   0.000000000000000000e+00  -7.412545445503048541e+03
  1.500000000000000000e+04   4.641445979010215378e+05   0.000000000000000000e+00   4.584841624530467925e+03   0.000000000000000000e+00  -7.155344662511328352e+03
  1.500000000000000000e+04   4.641445979010215378e+05   0.000000000000000000e+00   4.584841624530467925e+03   0.000000000000000000e+00  -7.155344662511328352e+03
  1.400000000000000000e+04   4.522868645842761616e+05   0.000000000000000000e+00   7.975627426748396829e+03   0.000000000000000000e+00  -6.859264293963232376e+03
  1.400000000000000000e+04   4.522868645842761616e+05   0.000000000000000000e+00   7.975627426748396829e+03   0.000000000000000000e+00  -6.859264293963232376e+03
  1.300000000000000000e+04   3.969671015364236664e+05   0.000000000000000000e+00   1.019356818062206548e+04   0.000000000000000000e+00  -5.266622392921502978e+03
  1.300000000000000000e+04   3.969671015364236664e+05   0.000000000000000000e+00   1.019356818062206548e+04   0.000000000000000000e+00  -5.266622392921502978e+03
  1.200000000000000000e+04   3.875596983613583143e+05   0.000000000000000000e+00   9.326971054351959538e+03   0.000000000000000000e+00  -5.088367703589686244e+03
  1.200000000000000000e+04   3.875596983613583143e+05   0.000000000000000000e+00   9.326971054351959538e+03   0.000000000000000000e+00  -5.088367703589686244e+03
  1.100000000000000000e+04   3.782573018931861734e+05   0.000000000000000000e+00   8.687478721344094083e+03   0.000000000000000000e+00  -4.921706334286259334e+03
  1.100000000000000000e+04   3.782573018931861734e+05   0.000000000000000000e+00   8.687478721344094083e+03   0.000000000000000000e+00  -4.921706334286259334e+03
  1.000000000000000000e+04   3.686317352076016832e+05   0.000000000000000000e+00   8.217785817871186737e+03   0.000000000000000000e+00  -4.761494131688094058e+03
  1.000000000000000000e+04   3.686317352076016832e+05   0.000000000000000000e+00   8.217785817871186737e+03   0.000000000000000000e+00  -4.761494131688094058e+03
  9.000000000000000000e+03   3.585355176842549117e+05   0.000000000000000000e+00   8.044598722778919182e+03   0.000000000000000000e+00  -4.602152300186911816e+03
  9.000000000000000000e+03   3.585355176842549117e+05   0.000000000000000000e+00   8.044598722778919182e+03   0.000000000000000000e+00  -4.602152300186911816e+03
  8.000000000000000000e+03   3.476832048358814791e+05   0.000000000000000000e+00   8.195095411113039518e+03   0.000000000000000000e+00  -4.430972319667518605e+03
  8.000000000000000000e+03   3.476832048358814791e+05   0.000000000000000000e+00   8.195095411113039518e+03   0.000000000000000000e+00  -4.430972319667518605e+03
  7.000000000000000000e+03   3.179494175929398625e+05   0.000000000000000000e+00   1.028014767348539863e+04   0.000000000000000000e+00  -4.483204161419100274e+03
  7.000000000000000000e+03   3.179494175929398625e+05   0.000000000000000000e+00   1.028014767348539863e+04   0.000000000000000000e+00  -4.483204161419100274e+03
  6.000000000000000000e+03   3.069386373466083314e+05   0.000000000000000000e+00   1.081375712935901538e+04   0.000000000000000000e+00  -4.356921794223179859e+03
  6.000000000000000000e+03   3.069386373466083314e+05   0.000000000000000000e+00   1.081375712935901538e+04   0.000000000000000000e+00  -4.356921794223179859e+03
  5.000000000000000000e+03   2.860070829571915092e+05   0.000000000000000000e+00   1.586439779254947780e+03   0.000000000000000000e+00  -4.672916602695546317e+03
  5.000000000000000000e+03   2.860070829571915092e+05   0.000000000000000000e+00   1.586439779254947780e+03   0.000000000000000000e+00  -4.672916602695546317e+03
  4.000000000000000000e+03   2.747497550877088215e+05   0.000000000000000000e+00   2.808593332767598440e+03   0.000000000000000000e+00  -4.492130236325042461e+03
  4.000000000000000000e+03   2.747497550877088215e+05   0.000000000000000000e+00   2.808593332767598440e+03   0.000000000000000000e+00  -4.492130236325042461e+03
  3.000000000000000000e+03   2.610712570592979318e+05   0.000000000000000000e+00   5.354190056220370934e+03   0.000000000000000000e+00  -4.224887733812858642e+03
  3.000000000000000000e+03   2.610712570592979318e+05   0.000000000000000000e+00   5.354190056220370934e+03   0.000000000000000000e+00  -4.224887733812858642e+03
  2.000000000000000000e+03   2.367678598815838341e+05   0.000000000000000000e+00   1.321974351715643934e+04   0.000000000000000000e+00  -4.044805463283350491e+03
  2.000000000000000000e+03   2.367678598815838341e+05   0.000000000000000000e+00   1.321974351715643934e+04   0.000000000000000000e+00  -4.044805463283350491e+03
  1.000000000000000000e+03   2.187034685536641628e+05   0.000000000000000000e+00   1.930230262734105418e+04   0.000000000000000000e+00  -4.382141950169383563e+03
  1.000000000000000000e+03   2.187034685536641628e+05   0.000000000000000000e+00   1.930230262734105418e+04   0.000000000000000000e+00  -4.382141950169383563e+03
  0.000000000000000000e+00   1.977394314528216200e+05   0.000000000000000000e+00   1.562443842002801830e+04   0.000000000000000000e+00  -4.433994304269484928e+03
  0.000000000000000000e+00   1.977394314528216200e+05   0.000000000000000000e+00   1.562443842002801830e+04   0.000000000000000000e+00  -4.433994304269484928e+03
 -1.000000000000000000e+03   1.826063177140837070e+05   0.000000000000000000e+00   1.618176886202412061e+04   0.000000000000000000e+00  -4.206948361153730730e+03
 -1.000000000000000000e+03   1.826063177140837070e+05   0.000000000000000000e+00   1.618176886202412061e+04   0.000000000000000000e+00  -4.206948361153730730e+03
 -2.000000000000000000e+03   1.417293730737878650e+05   0.000000000000000000e+00   1.518336204457540362e+03   0.000000000000000000e+00  -2.408313217771179097e+03
 -2.000000000000000000e+03   1.417293730737878650e+05   0.000000000000000000e+00   1.518336204457540362e+03   0.000000000000000000e+00  -2.408313217771179097e+03
 -3.000000000000000000e+03   1.302791296903894399e+05   0.000000000000000000e+00   1.887683436297452317e+03   0.000000000000000000e+00  -2.292360529283752385e+03
 -3.000000000000000000e+03   1.302791296903894399e+05   0.000000000000000000e+00   1.887683436297452317e+03   0.000000000000000000e+00  -2.292360529283752385e+03
 -4.000000000000000000e+03   1.187430935045414517e+05   0.000000000000000000e+00   2.467219778443891300e+03   0.000000000000000000e+00  -2.215754642334311029e+03
 -4.000000000000000000e+03   1.187430935045414517e+05   0.000000000000000000e+00   2.467219778443891300e+03   0.000000000000000000e+00  -2.215754642334311029e+03
 -5.000000000000000000e+03   6.117587118199130055e+04   0.000000000000000000e+00  -1.288192126336491128e+04   0.000000000000000000e+00   7.202780116366847096e+02
 -5.000000000000000000e+03   6.117587118199130055e+04   0.000000000000000000e+00  -1.288192126336491128e+04   0.000000000000000000e+00   7.202780116366847096e+02
 -6.000000000000000000e+03   1.462037161690610264e+04   0.000000000000000000e+00   2.356642565410318639e+03   0.000000000000000000e+00   2.289107036067280205e+03
 -6.000000000000000000e+03   1.462037161690610264e+04   0.000000000000000000e+00   2.356642565410318639e+03   0.000000000000000000e+00   2.289107036067280205e+03
 -7.000000000000000000e+03  -3.277179887405297632e+04   0.000000000000000000e+00   3.170263003007401039e+02   0.000000000000000000e+00   4.469003014716352482e+03
 -7.000000000000000000e+03  -3.277179887405297632e+04   0.000000000000000000e+00   3.170263003007401039e+02   0.000000000000000000e+00   4.469003014716352482e+03
 -8.000000000000000000e+03  -4.668248114542503754e+04   0.000000000000000000e+00   2.591456560341514432e+03   0.000000000000000000e+00   4.767592863859204954e+03
 -8.000000000000000000e+03  -4.668248114542503754e+04   0.000000000000000000e+00   2.591456560341514432e+03   0.000000000000000000e+00   4.767592863859204954e+03
 -9.000000000000000000e+03  -5.839383043732607621e+04   0.000000000000000000e+00   5.487632362750750872e+03   0.000000000000000000e+00   4.882035988203470879e+03
 -9.000000000000000000e+03  -5.839383043732607621e+04   0.000000000000000000e+00   5.487632362750750872e+03   0.000000000000000000e+00   4.882035988203470879e+03
 -1.000000000000000000e+04  -7.012324095592886442e+04   0.000000000000000000e+00   1.283526523582903246e+04   0.000000000000000000e+00   4.864243762334630446e+03
 -1.000000000000000000e+04  -7.012324095592886442e+04   0.000000000000000000e+00   1.283526523582903246e+04   0.000000000000000000e+00   4.864243762334630446e+03
 -1.100000000000000000e+04  -8.031338863765486167e+04   0.000000000000000000e+00   1.420538874209956157e+04   0.000000000000000000e+00   4.993180821335388828e+03
 -1.100000000000000000e+04  -8.031338863765486167e+04   0.000000000000000000e+00   1.420538874209956157e+04   0.000000000000000000e+00   4.993180821335388828e+03
 -1.200000000000000000e+04  -9.047156775484365062e+04   0.000000000000000000e+00   1.543858448692026286e+04   0.000000000000000000e+00   5.138129870010590821e+03
 -1.200000000000000000e+04  -9.047156775484365062e+04   0.000000000000000000e+00   1.543858448692026286e+04   0.000000000000000000e+00   5.138129870010590821e+03
 -1.300000000000000000e+04  -1.006866512649928773e+05   0.000000000000000000e+00   1.652939615688223057e+04   0.000000000000000000e+00   5.280183001759012768e+03
 -1.300000000000000000e+04  -1.006866512649928773e+05   0.000000000000000000e+00   1.652939615688223057e+04   0.000000000000000000e+00   5.280183001759012768e+03
 -1.400000000000000000e+04  -1.107962846128448145e+05   0.000000000000000000e+00   1.770101119878642567e+04   0.000000000000000000e+00   5.411943358732993147e+03
 -1.400000000000000000e+04  -1.107962846128448145e+05   0.000000000000000000e+00   1.770101119878642567e+04   0.000000000000000000e+00   5.411943358732993147e+03
 -1.500000000000000000e+04  -1.222514330665283778e+05   0.000000000000000000e+00   1.994940939065484054e+04   0.000000000000000000e+00   5.545043608805344775e+03
 -1.500000000000000000e+04  -1.222514330665283778e+05   0.000000000000000000e+00   1.994940939065484054e+04   0.000000000000000000e+00   5.545043608805344775e+03
 -1.600000000000000000e+04  -1.485627929063430347e+05   0.000000000000000000e+00   2.046722805226593482e+04   0.000000000000000000e+00   5.940135539044508732e+03
 -1.600000000000000000e+04  -1.485627929063430347e+05   0.000000000000000000e+00   2.046722805226593482e+04   0.000000000000000000e+00   5.940135539044508732e+03
 -1.700000000000000000e+04  -1.586924692430916766e+05   0.000000000000000000e+00   2.208094660224614199e+04   0.000000000000000000e+00   6.069517195464588440e+03
 -1.700000000000000000e+04  -1.586924692430916766e+05   0.000000000000000000e+00   2.208094660224614199e+04   0.000000000000000000e+00   6.069517195464588440e+03
 -1.800000000000000000e+04  -1.698640767447534308e+05   0.000000000000000000e+00   2.390157402560767150e+04   0.000000000000000000e+00   6.262083852046973334e+03
 -1.800000000000000000e+04  -1.698640767447534308e+05   0.000000000000000000e+00   2.390157402560767150e+04   0.000000000000000000e+00   6.262083852046973334e+03
 -1.900000000000000000e+04  -2.087089331630001834e+05   0.000000000000000000e+00   1.588173968324524139e+03   0.000000000000000000e+00   6.638259632439196139e+03
 -1.900000000000000000e+04  -2.087089331630001834e+05   0.000000000000000000e+00   1.588173968324524139e+03   0.000000000000000000e+00   6.638259632439196139e+03
 -2.000000000000000000e+04  -2.185475178968595865e+05   0.000000000000000000e+00   2.642127944619458503e+03   0.000000000000000000e+00   6.764244611443917165e+03
 -2.000000000000000000e+04  -2.185475178968595865e+05   0.000000000000000000e+00   2.642127944619458503e+03   0.000000000000000000e+00   6.764244611443917165e+03
 -2.100000000000000000e+04  -2.289838896403934632e+05   0.000000000000000000e+00   3.726608934392458195e+03   0.000000000000000000e+00   6.912716134828601753e+03
 -2.100000000000000000e+04  -2.289838896403934632e+05   0.000000000000000000e+00   3.726608934392458195e+03   0.000000000000000000e+00   6.912716134828601753e+03
 -2.200000000000000000e+04  -2.504574590813090035e+05   0.000000000000000000e+00   5.870685102904176347e+03   0.000000000000000000e+00   6.733757002696698692e+03
 -2.200000000000000000e+04  -2.504574590813090035e+05   0.000000000000000000e+00   5.870685102904176347e+03   0.000000000000000000e+00   6.733757002696698692e+03
 -2.300000000000000000e+04  -2.624565634311411995e+05   0.000000000000000000e+00  -7.378897319192911709e+03   0.000000000000000000e+00   5.771917800728915608e+03
 -2.300000000000000000e+04  -2.624565634311411995e+05   0.000000000000000000e+00  -7.378897319192911709e+03   0.000000000000000000e+00   5.771917800728915608e+03
 -2.400000000000000000e+04  -2.701290187395151006e+05   0.000000000000000000e+00  -6.463014234201178624e+03   0.000000000000000000e+00   5.890388992413058986e+03
 -2.400000000000000000e+04  -2.701290187395151006e+05   0.000000000000000000e+00  -6.463014234201178624e+03   0.000000000000000000e+00   5.890388992413058986e+03
 -2.500000000000000000e+04  -2.780579226955680060e+05   0.000000000000000000e+00  -5.608075218976981887e+03   0.000000000000000000e+00   6.022661971070649088e+03
 -2.500000000000000000e+04  -2.780579226955680060e+05   0.000000000000000000e+00  -5.608075218976981887e+03   0.000000000000000000e+00   6.022661971070649088e+03
 -2.600000000000000000e+04  -2.859433906255085021e+05   0.000000000000000000e+00  -4.773925572061479215e+03   0.000000000000000000e+00   6.165880805400112877e+03
 -2.600000000000000000e+04  -2.859433906255085021e+05   0.000000000000000000e+00  -4.773925572061479215e+03   0.000000000000000000e+00   6.165880805400112877e+03
 -2.700000000000000000e+04  -3.163782633306835778e+05   0.000000000000000000e+00  -1.194138646124070328e+04   0.000000000000000000e+00   8.636153467966543758e+03
 -2.700000000000000000e+04  -3.163782633306835778e+05   0.000000000000000000e+00  -1.194138646124070328e+04   0.000000000000000000e+00   8.636153467966543758e+03
 -2.800000000000000000e+04  -3.241116408804112580e+05   0.000000000000000000e+00  -9.269874427844282764e+03   0.000000000000000000e+00   8.623440197005133086e+03
 -2.800000000000000000e+04  -3.241116408804112580e+05   0.000000000000000000e+00  -9.269874427844282764e+03   0.000000000000000000e+00   8.623440197005133086e+03
 -2.900000000000000000e+04  -4.139574717423331458e+05   0.000000000000000000e+00  -9.068318204771521778e+03   0.000000000000000000e+00   6.367051040517443653e+03
 -2.900000000000000000e+04  -4.139574717423331458e+05   0.000000000000000000e+00  -9.068318204771521778e+03   0.000000000000000000e+00   6.367051040517443653e+03
 -3.000000000000000000e+04  -4.207932722823264194e+05   0.000000000000000000e+00  -8.420619434897029350e+03   0.000000000000000000e+00   6.427499984179299645e+03
 -3.000000000000000000e+04  -4.207932722823264194e+05   0.000000000000000000e+00  -8.420619434897029350e+03   0.000000000000000000e+00   6.427499984179299645e+03
 -3.100000000000000000e+04  -4.272818311073557707e+05   0.000000000000000000e+00  -7.892170274841779246e+03   0.000000000000000000e+00   6.471716794431223207e+03
 -3.100000000000000000e+04  -4.272818311073557707e+05   0.000000000000000000e+00  -7.892170274841779246e+03   0.000000000000000000e+00   6.471716794431223207e+03
 -3.200000000000000000e+04  -4.364484464466403006e+05   0.000000000000000000e+00   7.700205960052736373e+03   0.000000000000000000e+00   5.830242897211483069e+03
 -3.200000000000000000e+04  -4.364484464466403006e+05   0.000000000000000000e+00   7.700205960052736373e+03   0.000000000000000000e+00   5.830242897211483069e+03
 -3.300000000000000000e+04  -4.427114354406928760e+05   0.000000000000000000e+00   8.101964042362405053e+03   0.000000000000000000e+00   5.849723492067106235e+03
 -3.300000000000000000e+04  -4.427114354406928760e+05   0.000000000000000000e+00   8.101964042362405053e+03   0.000000000000000000e+00   5.849723492067106235e+03
 -3.400000000000000000e+04  -4.499402252418518765e+05   0.000000000000000000e+00   8.770475938928684627e+03   0.000000000000000000e+00   5.877393958248030685e+03
 -3.400000000000000000e+04  -4.499402252418518765e+05   0.000000000000000000e+00   8.770475938928684627e+03   0.000000000000000000e+00   5.877393958248030685e+03
 -3.500000000000000000e+04  -4.566155287749585696e+05   0.000000000000000000e+00   9.225625384632690839e+03   0.000000000000000000e+00   5.941624705380445448e+03
 -3.500000000000000000e+04  -4.566155287749585696e+05   0.000000000000000000e+00   9.225625384632690839e+03   0.000000000000000000e+00   5.941624705380445448e+03
 -3.600000000000000000e+04  -4.624009943526521092e+05   0.000000000000000000e+00   9.419315095887439384e+03   0.000000000000000000e+00   5.985290291411289218e+03
 -3.600000000000000000e+04  -4.624009943526521092e+05   0.000000000000000000e+00   9.419315095887439384e+03   0.000000000000000000e+00   5.985290291411289218e+03
 -3.700000000000000000e+04  -4.681223169883032679e+05   0.000000000000000000e+00   9.616516754374473749e+03   0.000000000000000000e+00   6.024788216216495130e+03
 -3.700000000000000000e+04  -4.681223169883032679e+05   0.000000000000000000e+00   9.616516754374473749e+03   0.000000000000000000e+00   6.024788216216495130e+03
 -3.800000000000000000e+04  -4.739818054031425854e+05   0.000000000000000000e+00   9.874577148240536189e+03   0.000000000000000000e+00   6.047962367897366676e+03
 -3.800000000000000000e+04  -4.739818054031425854e+05   0.000000000000000000e+00   9.874577148240536189e+03   0.000000000000000000e+00   6.047962367897366676e+03
 -3.900000000000000000e+04  -4.800126855995682999e+05   0.000000000000000000e+00   1.007784559222326970e+04   0.000000000000000000e+00   6.066297345599383334e+03
 -3.900000000000000000e+04  -4.800126855995682999e+05   0.000000000000000000e+00   1.007784559222326970e+04   0.000000000000000000e+00   6.066297345599383334e+03
 -4.000000000000000000e+04  -5.029874348508518888e+05   0.000000000000000000e+00  -1.410781773083249755e+04   0.000000000000000000e+00   8.859515308409108911e+03
 -4.000000000000000000e+04  -5.029874348508518888e+05   0.000000000000000000e+00  -1.410781773083249755e+04   0.000000000000000000e+00   8.859515308409108911e+03
 -4.100000000000000000e+04  -5.090366312150381855e+05   0.000000000000000000e+00  -1.352213285963962699e+04   0.000000000000000000e+00   8.923607760021492140e+03
 -4.100000000000000000e+04  -5.090366312150381855e+05   0.000000000000000000e+00  -1.352213285963962699e+04   0.000000000000000000e+00   8.923607760021492140e+03
 -4.200000000000000000e+04  -5.149415227619493962e+05   0.000000000000000000e+00  -1.290685474886845441e+04   0.000000000000000000e+00   8.964311328986739682e+03
 -4.200000000000000000e+04  -5.149415227619493962e+05   0.000000000000000000e+00  -1.290685474886845441e+04   0.000000000000000000e+00   8.964311328986739682e+03
 -4.300000000000000000e+04  -5.207391559843806317e+05   0.000000000000000000e+00  -1.225982650321074834e+04   0.000000000000000000e+00   8.992529020810321526e+03
 -4.300000000000000000e+04  -5.207391559843806317e+05   0.000000000000000000e+00  -1.225982650321074834e+04   0.000000000000000000e+00   8.992529020810321526e+03
 -4.400000000000000000e+04  -5.259065350604908308e+05   0.000000000000000000e+00  -1.173899625978161021e+04   0.000000000000000000e+00   9.038275883797843562e+03
 -4.400000000000000000e+04  -5.259065350604908308e+05   0.000000000000000000e+00  -1.173899625978161021e+04   0.000000000000000000e+00   9.038275883797843562e+03
 -4.500000000000000000e+04  -5.311671700287244748e+05   0.000000000000000000e+00  -1.127556029211679197e+04   0.000000000000000000e+00   9.089159238248828842e+03
 -4.500000000000000000e+04  -5.311671700287244748e+05   0.000000000000000000e+00  -1.127556029211679197e+04   0.000000000000000000e+00   9.089159238248828842e+03
 -4.600000000000000000e+04  -5.372247065967733506e+05   0.000000000000000000e+00  -1.082642585225090988e+04   0.000000000000000000e+00   9.141316783540087272e+03
 -4.600000000000000000e+04  -5.372247065967733506e+05   0.000000000000000000e+00  -1.082642585225090988e+04   0.000000000000000000e+00   9.141316783540087272e+03
 -4.700000000000000000e+04  -5.428060179364280775e+05   0.000000000000000000e+00  -1.021282709627047007e+04   0.000000000000000000e+00   9.178117086204138104e+03
 -4.700000000000000000e+04  -5.428060179364280775e+05   0.000000000000000000e+00  -1.021282709627047007e+04   0.000000000000000000e+00   9.178117086204138104e+03
 -4.800000000000000000e+04  -5.487058623959990218e+05   0.000000000000000000e+00  -9.319972593636852253e+03   0.000000000000000000e+00   9.223513500635066521e+03
 -4.800000000000000000e+04  -5.487058623959990218e+05   0.000000000000000000e+00  -9.319972593636852253e+03   0.000000000000000000e+00   9.223513500635066521e+03
 -4.900000000000000000e+04  -5.545753678353148280e+05   0.000000000000000000e+00  -8.463551051459589871e+03   0.000000000000000000e+00   9.271354729835644321e+03
 -4.900000000000000000e+04  -5.545753678353148280e+05   0.000000000000000000e+00  -8.463551051459589871e+03   0.000000000000000000e+00   9.271354729835644321e+03
 -5.000000000000000000e+04  -5.600198565161695005e+05   0.000000000000000000e+00  -7.761969717131894868e+03   0.000000000000000000e+00   9.325040888663903388e+03
 -5.000000000000000000e+04  -5.600198565161695005e+05   0.000000000000000000e+00  -7.761969717131894868e+03   0.000000000000000000e+00   9.325040888663903388e+03
 -5.100000000000000000e+04  -5.653355648358459584e+05   0.000000000000000000e+00  -7.358549544965132554e+03   0.000000000000000000e+00   9.363609528902754391e+03
 -5.100000000000000000e+04  -5.653355648358459584e+05   0.000000000000000000e+00  -7.358549544965132554e+03   0.000000000000000000e+00   9.363609528902754391e+03
 -5.200000000000000000e+04  -5.709392448357080575e+05   0.000000000000000000e+00  -6.883543186113348384e+03   0.000000000000000000e+00   9.400921211329308790e+03
 -5.200000000000000000e+04  -5.709392448357080575e+05   0.000000000000000000e+00  -6.883543186113348384e+03   0.000000000000000000e+00   9.400921211329308790e+03
 -5.300000000000000000e+04  -5.767851298839899246e+05   0.000000000000000000e+00  -6.341480009800069638e+03   0.000000000000000000e+00   9.431176154350316210e+03
 -5.300000000000000000e+04  -5.767851298839899246e+05   0.000000000000000000e+00  -6.341480009800069638e+03   0.000000000000000000e+00   9.431176154350316210e+03
 -5.400000000000000000e+04  -5.829081125979428180e+05   0.000000000000000000e+00  -5.717567636460566064e+03   0.000000000000000000e+00   9.424460896709262670e+03
 -5.400000000000000000e+04  -5.829081125979428180e+05   0.000000000000000000e+00  -5.717567636460566064e+03   0.000000000000000000e+00   9.424460896709262670e+03
 -5.500000000000000000e+04  -5.884249259899848839e+05   0.000000000000000000e+00  -5.165252350634242248e+03   0.000000000000000000e+00   9.435883610900309577e+03
 -5.500000000000000000e+04  -5.884249259899848839e+05   0.000000000000000000e+00  -5.165252350634242248e+03   0.000000000000000000e+00   9.435883610900309577e+03
 -5.600000000000000000e+04  -6.003046937374802073e+05   0.000000000000000000e+00  -2.373394843859756804e+02   0.000000000000000000e+00   9.109046935689821112e+03
 -5.600000000000000000e+04  -6.003046937374802073e+05   0.000000000000000000e+00  -2.373394843859756804e+02   0.000000000000000000e+00   9.109046935689821112e+03
 -5.700000000000000000e+04  -6.182901802331832005e+05   0.000000000000000000e+00   9.761902181493078388e+02   0.000000000000000000e+00   8.920799878692096172e+03
 -5.700000000000000000e+04  -6.182901802331832005e+05   0.000000000000000000e+00   9.761902181493078388e+02   0.000000000000000000e+00   8.920799878692096172e+03
 -5.800000000000000000e+04  -6.299722274678194663e+05   0.000000000000000000e+00   4.106384572886252499e+03   0.000000000000000000e+00   9.051882555258998764e+03
 -5.800000000000000000e+04  -6.299722274678194663e+05   0.000000000000000000e+00   4.106384572886252499e+03   0.000000000000000000e+00   9.051882555258998764e+03
 -5.900000000000000000e+04  -6.339251809757633600e+05   0.000000000000000000e+00   4.279640133525957026e+03   0.000000000000000000e+00   9.131076617052611255e+03
 -5.900000000000000000e+04  -6.339251809757633600e+05   0.000000000000000000e+00   4.279640133525957026e+03   0.000000000000000000e+00   9.131076617052611255e+03
 -6.000000000000000000e+04  -6.381746570148428436e+05   0.000000000000000000e+00   4.365326461149024908e+03   0.000000000000000000e+00   9.207965434383506363e+03
 -6.000000000000000000e+04  -6.381746570148428436e+05   0.000000000000000000e+00   4.365326461149024908e+03   0.000000000000000000e+00   9.207965434383506363e+03
 -6.100000000000000000e+04  -6.486390892019039020e+05   0.000000000000000000e+00   4.528248036103508639e+03   0.000000000000000000e+00   9.949058614759769625e+03
 -6.100000000000000000e+04  -6.486390892019039020e+05   0.000000000000000000e+00   4.528248036103508639e+03   0.000000000000000000e+00   9.949058614759769625e+03
 -6.200000000000000000e+04  -6.579062690566595411e+05   0.000000000000000000e+00   6.048771225770812634e+03   0.000000000000000000e+00   9.954634834727903581e+03
 -6.200000000000000000e+04  -6.579062690566595411e+05   0.000000000000000000e+00   6.048771225770812634e+03   0.000000000000000000e+00   9.954634834727903581e+03
 -6.300000000000000000e+04  -6.692709548438335769e+05   0.000000000000000000e+00   7.981182458760884401e+03   0.000000000000000000e+00   9.870826999311704640e+03
 -6.300000000000000000e+04  -6.692709548438335769e+05   0.000000000000000000e+00   7.981182458760884401e+03   0.000000000000000000e+00   9.870826999311704640e+03
 -6.400000000000000000e+04  -6.729710050162610132e+05   0.000000000000000000e+00   8.141876725077556330e+03   0.000000000000000000e+00   9.933918582771857473e+03
 -6.400000000000000000e+04  -6.729710050162610132e+05   0.000000000000000000e+00   8.141876725077556330e+03   0.000000000000000000e+00   9.933918582771857473e+03
 -6.500000000000000000e+04  -6.766765376907930477e+05   0.000000000000000000e+00   8.295661466263272814e+03   0.000000000000000000e+00   1.000907439416469788e+04
 -6.500000000000000000e+04  -6.766765376907930477e+05   0.000000000000000000e+00   8.295661466263272814e+03   0.000000000000000000e+00   1.000907439416469788e+04
 -6.600000000000000000e+04  -6.802729836748670787e+05   0.000000000000000000e+00   8.427336489571975108e+03   0.000000000000000000e+00   1.007185679521318707e+04
 -6.600000000000000000e+04  -6.802729836748670787e+05   0.000000000000000000e+00   8.427336489571975108e+03   0.000000000000000000e+00   1.007185679521318707e+04
 -6.700000000000000000e+04  -6.839313717311935034e+05   0.000000000000000000e+00   8.525021330358260457e+03   0.000000000000000000e+00   1.013474362172618567e+04
 -6.700000000000000000e+04  -6.839313717311935034e+05   0.000000000000000000e+00   8.525021330358260457e+03   0.000000000000000000e+00   1.013474362172618567e+04
 -6.800000000000000000e+04  -6.935857530693402514e+05   0.000000000000000000e+00   1.754504564291848510e+04   0.000000000000000000e+00   1.085468512220958473e+04
 -6.800000000000000000e+04  -6.935857530693402514e+05   0.000000000000000000e+00   1.754504564291848510e+04   0.000000000000000000e+00   1.085468512220958473e+04
 -6.900000000000000000e+04  -7.030807825028710067e+05   0.000000000000000000e+00   1.934925592496067475e+04   0.000000000000000000e+00   1.188704539626289443e+04
 -6.900000000000000000e+04  -7.030807825028710067e+05   0.000000000000000000e+00   1.934925592496067475e+04   0.000000000000000000e+00   1.188704539626289443e+04
 -7.000000000000000000e+04  -7.062439520106441341e+05   0.000000000000000000e+00   1.937884554973390186e+04   0.000000000000000000e+00   1.184801483731909138e+04
 -7.000000000000000000e+04  -7.062439520106441341e+05   0.000000000000000000e+00   1.937884554973390186e+04   0.000000000000000000e+00   1.184801483731909138e+04
 -7.100000000000000000e+04  -7.096160667655984871e+05   0.000000000000000000e+00   1.862800139715310797e+04   0.000000000000000000e+00   1.169750881773623223e+04
 -7.100000000000000000e+04  -7.096160667655984871e+05   0.000000000000000000e+00   1.862800139715310797e+04   0.000000000000000000e+00   1.169750881773623223e+04
 -7.200000000000000000e+04  -7.125356103683294496e+05   0.000000000000000000e+00   1.893924782145907739e+04   0.000000000000000000e+00   1.169749072058767888e+04
 -7.200000000000000000e+04  -7.125356103683294496e+05   0.000000000000000000e+00   1.893924782145907739e+04   0.000000000000000000e+00   1.169749072058767888e+04
 -7.300000000000000000e+04  -7.220305103069163160e+05   0.000000000000000000e+00   1.753312925394089325e+04   0.000000000000000000e+00   1.181968775016241671e+04
 -7.300000000000000000e+04  -7.220305103069163160e+05   0.000000000000000000e+00   1.753312925394089325e+04   0.000000000000000000e+00   1.181968775016241671e+04
 -7.400000000000000000e+04  -7.249318618659303756e+05   0.000000000000000000e+00   1.795609020202045576e+04   0.000000000000000000e+00   1.184077871690744723e+04
 -7.400000000000000000e+04  -7.249318618659303756e+05   0.000000000000000000e+00   1.795609020202045576e+04   0.000000000000000000e+00   1.184077871690744723e+04
 -7.500000000000000000e+04  -7.277498868549880572e+05   0.000000000000000000e+00   1.840302575447382333e+04   0.000000000000000000e+00   1.186231265395913215e+04
 -7.500000000000000000e+04  -7.277498868549880572e+05   0.000000000000000000e+00   1.840302575447382333e+04   0.000000000000000000e+00   1.186231265395913215e+04
 -7.600000000000000000e+04  -7.306178272648425773e+05   0.000000000000000000e+00   1.885635035204530141e+04   0.000000000000000000e+00   1.188634493392108016e+04
 -7.600000000000000000e+04  -7.306178272648425773e+05   0.000000000000000000e+00   1.885635035204530141e+04   0.000000000000000000e+00   1.188634493392108016e+04
 -7.700000000000000000e+04  -7.393689483914542943e+05   0.000000000000000000e+00   2.024188139340524140e+04   0.000000000000000000e+00   1.147295073691780271e+04
 -7.700000000000000000e+04  -7.393689483914542943e+05   0.000000000000000000e+00   2.024188139340524140e+04   0.000000000000000000e+00   1.147295073691780271e+04
 -7.800000000000000000e+04  -7.418105130502167158e+05   0.000000000000000000e+00   2.063011694012009684e+04   0.000000000000000000e+00   1.149808942642025431e+04
 -7.800000000000000000e+04  -7.418105130502167158e+05   0.000000000000000000e+00   2.063011694012009684e+04   0.000000000000000000e+00   1.149808942642025431e+04
 -7.900000000000000000e+04  -7.442876259629384149e+05   0.000000000000000000e+00   2.103287599942746601e+04   0.000000000000000000e+00   1.152770443462552066e+04
 -7.900000000000000000e+04  -7.442876259629384149e+05   0.000000000000000000e+00   2.103287599942746601e+04   0.000000000000000000e+00   1.152770443462552066e+04
 -8.000000000000000000e+04  -7.469041803612898802e+05   0.000000000000000000e+00   2.155144849437304947e+04   0.000000000000000000e+00   1.157206132262564643e+04
 -8.000000000000000000e+04  -7.469041803612898802e+05   0.000000000000000000e+00   2.155144849437304947e+04   0.000000000000000000e+00   1.157206132262564643e+04
 -8.100000000000000000e+04  -7.496535301708086627e+05   0.000000000000000000e+00   2.228373900279699228e+04   0.000000000000000000e+00   1.165566898055971978e+04
 -8.100000000000000000e+04  -7.496535301708086627e+05   0.000000000000000000e+00   2.228373900279699228e+04   0.000000000000000000e+00   1.165566898055971978e+04
 -8.200000000000000000e+04  -7.522159591465704143e+05   0.000000000000000000e+00   2.299529634626689221e+04   0.000000000000000000e+00   1.174779160328896251e+04
 -8.200000000000000000e+04  -7.522159591465704143e+05   0.000000000000000000e+00   2.299529634626689221e+04   0.000000000000000000e+00   1.174779160328896251e+04
 -8.300000000000000000e+04  -7.546745339090062771e+05   0.000000000000000000e+00   2.353689345813385808e+04   0.000000000000000000e+00   1.181194501773684351e+04
 -8.300000000000000000e+04  -7.546745339090062771e+05   0.000000000000000000e+00   2.353689345813385808e+04   0.000000000000000000e+00   1.181194501773684351e+04
 -8.400000000000000000e+04  -7.627230372131137410e+05   0.000000000000000000e+00   2.489556885131098170e+04   0.000000000000000000e+00   1.215523873634407391e+04
 -8.400000000000000000e+04  -7.627230372131137410e+05   0.000000000000000000e+00   2.489556885131098170e+04   0.000000000000000000e+00   1.215523873634407391e+04
 -8.500000000000000000e+04  -7.647786790747884661e+05   0.000000000000000000e+00   2.525562253612578570e+04   0.000000000000000000e+00   1.219137591684663494e+04
 -8.500000000000000000e+04  -7.647786790747884661e+05   0.000000000000000000e+00   2.525562253612578570e+04   0.000000000000000000e+00   1.219137591684663494e+04
 -8.600000000000000000e+04  -7.676698406479965197e+05   0.000000000000000000e+00   2.682803967443907823e+04   0.000000000000000000e+00   1.227389445697549672e+04
 -8.600000000000000000e+04  -7.676698406479965197e+05   0.000000000000000000e+00   2.682803967443907823e+04   0.000000000000000000e+00   1.227389445697549672e+04
 -8.700000000000000000e+04  -7.936601367889256217e+05   0.000000000000000000e+00   1.577254151867815199e+04   0.000000000000000000e+00   1.355638835076677969e+04
 -8.700000000000000000e+04  -7.936601367889256217e+05   0.000000000000000000e+00   1.577254151867815199e+04   0.000000000000000000e+00   1.355638835076677969e+04
 -8.800000000000000000e+04  -7.949417395444002468e+05   0.000000000000000000e+00   1.553299678126472281e+04   0.000000000000000000e+00   1.356860701810369937e+04
 -8.800000000000000000e+04  -7.949417395444002468e+05   0.000000000000000000e+00   1.553299678126472281e+04   0.000000000000000000e+00   1.356860701810369937e+04
 -8.900000000000000000e+04  -7.962234453016160987e+05   0.000000000000000000e+00   1.529104315896947992e+04   0.000000000000000000e+00   1.358437097724385421e+04
 -8.900000000000000000e+04  -7.962234453016160987e+05   0.000000000000000000e+00   1.529104315896947992e+04   0.000000000000000000e+00   1.358437097724385421e+04
 -9.000000000000000000e+04  -7.976516996030265000e+05   0.000000000000000000e+00   1.503522259075952752e+04   0.000000000000000000e+00   1.360654211531450346e+04
 -9.000000000000000000e+04  -7.976516996030265000e+05   0.000000000000000000e+00   1.503522259075952752e+04   0.000000000000000000e+00   1.360654211531450346e+04
 -9.100000000000000000e+04  -7.991842903472640319e+05   0.000000000000000000e+00   1.477397506641607652e+04   0.000000000000000000e+00   1.362902540610427059e+04
 -9.100000000000000000e+04  -7.991842903472640319e+05   0.000000000000000000e+00   1.477397506641607652e+04   0.000000000000000000e+00   1.362902540610427059e+04
 -9.200000000000000000e+04  -8.005676744533049641e+05   0.000000000000000000e+00   1.454353902595202089e+04   0.000000000000000000e+00   1.364459424991802553e+04
 -9.200000000000000000e+04  -8.005676744533049641e+05   0.000000000000000000e+00   1.454353902595202089e+04   0.000000000000000000e+00   1.364459424991802553e+04
 -9.300000000000000000e+04  -8.020411052833695430e+05   0.000000000000000000e+00   1.432251538347430323e+04   0.000000000000000000e+00   1.365630297337364755e+04
 -9.300000000000000000e+04  -8.020411052833695430e+05   0.000000000000000000e+00   1.432251538347430323e+04   0.000000000000000000e+00   1.365630297337364755e+04
 -9.400000000000000000e+04  -8.033512404390377924e+05   0.000000000000000000e+00   1.410004112826680284e+04   0.000000000000000000e+00   1.366959429330840794e+04
 -9.400000000000000000e+04  -8.033512404390377924e+05   0.000000000000000000e+00   1.410004112826680284e+04   0.000000000000000000e+00   1.366959429330840794e+04
 -9.500000000000000000e+04  -8.096540854174061678e+05   0.000000000000000000e+00   1.373871259679132345e+04   0.000000000000000000e+00   1.378208032879306484e+04
 -9.500000000000000000e+04  -8.096540854174061678e+05   0.000000000000000000e+00   1.373871259679132345e+04   0.000000000000000000e+00   1.378208032879306484e+04
 -9.600000000000000000e+04  -8.108638528117827373e+05   0.000000000000000000e+00   1.358443155497209409e+04   0.000000000000000000e+00   1.379610544562243012e+04
 -9.600000000000000000e+04  -8.108638528117827373e+05   0.000000000000000000e+00   1.358443155497209409e+04   0.000000000000000000e+00   1.379610544562243012e+04
 -9.700000000000000000e+04  -8.120776978018713417e+05   0.000000000000000000e+00   1.343439175605615128e+04   0.000000000000000000e+00   1.380805893000957440e+04
 -9.700000000000000000e+04  -8.120776978018713417e+05   0.000000000000000000e+00   1.343439175605615128e+04   0.000000000000000000e+00   1.380805893000957440e+04
 -9.800000000000000000e+04  -8.132515490638226038e+05   0.000000000000000000e+00   1.328747841764687109e+04   0.000000000000000000e+00   1.381686564166644712e+04
 -9.800000000000000000e+04  -8.132515490638226038e+05   0.000000000000000000e+00   1.328747841764687109e+04   0.000000000000000000e+00   1.381686564166644712e+04
 -9.900000000000000000e+04  -8.204354108788212761e+05   0.000000000000000000e+00   1.373049729072651644e+04   0.000000000000000000e+00   1.373806205002187198e+04
 -9.900000000000000000e+04  -8.204354108788212761e+05   0.000000000000000000e+00   1.373049729072651644e+04   0.000000000000000000e+00   1.373806205002187198e+04
 -1.000000000000000000e+05  -8.258007147058000555e+05   0.000000000000000000e+00   1.289584346114041546e+04   0.000000000000000000e+00   1.396864046371075892e+04
 -1.000000000000000000e+05  -8.258007147058000555e+05   0.000000000000000000e+00   1.289584346114041546e+04   0.000000000000000000e+00   1.396864046371075892e+04
 -1.010000000000000000e+05  -8.264129092537818942e+05   0.000000000000000000e+00   1.281158679641543677e+04   0.000000000000000000e+00   1.395864894959323829e+04
 -1.010000000000000000e+05  -8.264129092537818942e+05   0.000000000000000000e+00   1.281158679641543677e+04   0.000000000000000000e+00   1.395864894959323829e+04
 -1.020000000000000000e+05  -8.270118324690540321e+05   0.000000000000000000e+00   1.272720002926020788e+04   0.000000000000000000e+00   1.394707401210129501e+04
 -1.020000000000000000e+05  -8.270118324690540321e+05   0.000000000000000000e+00   1.272720002926020788e+04   0.000000000000000000e+00   1.394707401210129501e+04
 -1.030000000000000000e+05  -8.275999017665979918e+05   0.000000000000000000e+00   1.264439019968819048e+04   0.000000000000000000e+00   1.393405558645990823e+04
 -1.030000000000000000e+05  -8.275999017665979918e+05   0.000000000000000000e+00   1.264439019968819048e+04   0.000000000000000000e+00   1.393405558645990823e+04
 -1.040000000000000000e+05  -8.281798222753343871e+05   0.000000000000000000e+00   1.256504142026616682e+04   0.000000000000000000e+00   1.391967248748467682e+04
 -1.040000000000000000e+05  -8.281798222753343871e+05   0.000000000000000000e+00   1.256504142026616682e+04   0.000000000000000000e+00   1.391967248748467682e+04
 -1.050000000000000000e+05  -8.287549872319133719e+05   0.000000000000000000e+00   1.249155342793987984e+04   0.000000000000000000e+00   1.390395407865122979e+04
 -1.050000000000000000e+05  -8.287549872319133719e+05   0.000000000000000000e+00   1.249155342793987984e+04   0.000000000000000000e+00   1.390395407865122979e+04
 -1.060000000000000000e+05  -8.293303939914030489e+05   0.000000000000000000e+00   1.242753863372994965e+04   0.000000000000000000e+00   1.388680996922841041e+04
 -1.060000000000000000e+05  -8.293303939914030489e+05   0.000000000000000000e+00   1.242753863372994965e+04   0.000000000000000000e+00   1.388680996922841041e+04
 -1.070000000000000000e+05  -8.299150651462061796e+05   0.000000000000000000e+00   1.237944668232141339e+04   0.000000000000000000e+00   1.386794457477324613e+04
 -1.070000000000000000e+05  -8.299150651462061796e+05   0.000000000000000000e+00   1.237944668232141339e+04   0.000000000000000000e+00   1.386794457477324613e+04
 -1.080000000000000000e+05  -8.305320476281509036e+05   0.000000000000000000e+00   1.236390135093934623e+04   0.000000000000000000e+00   1.384643686440727834e+04
 -1.080000000000000000e+05  -8.305320476281509036e+05   0.000000000000000000e+00   1.236390135093934623e+04   0.000000000000000000e+00   1.384643686440727834e+04
 -1.090000000000000000e+05  -8.346617582835050998e+05   0.000000000000000000e+00   1.659001231643533538e+04   0.000000000000000000e+00   1.319568802087647418e+04
 -1.090000000000000000e+05  -8.346617582835050998e+05   0.000000000000000000e+00   1.659001231643533538e+04   0.000000000000000000e+00   1.319568802087647418e+04
 -1.100000000000000000e+05  -8.350529360192904714e+05   0.000000000000000000e+00   1.649407123625782333e+04   0.000000000000000000e+00   1.317395631154144576e+04
 -1.100000000000000000e+05  -8.350529360192904714e+05   0.000000000000000000e+00   1.649407123625782333e+04   0.000000000000000000e+00   1.317395631154144576e+04
 -1.110000000000000000e+05  -8.354319773470902583e+05   0.000000000000000000e+00   1.639449192270904678e+04   0.000000000000000000e+00   1.315256169111655618e+04
 -1.110000000000000000e+05  -8.354319773470902583e+05   0.000000000000000000e+00   1.639449192270904678e+04   0.000000000000000000e+00   1.315256169111655618e+04
 -1.120000000000000000e+05  -8.357997699827732285e+05   0.000000000000000000e+00   1.629215928069036454e+04   0.000000000000000000e+00   1.313143583533246965e+04
 -1.120000000000000000e+05  -8.357997699827732285e+05   0.000000000000000000e+00   1.629215928069036454e+04   0.000000000000000000e+00   1.313143583533246965e+04
 -1.130000000000000000e+05  -8.361570643850369379e+05   0.000000000000000000e+00   1.618775686307528667e+04   0.000000000000000000e+00   1.311052380497296872e+04
 -1.130000000000000000e+05  -8.361570643850369379e+05   0.000000000000000000e+00   1.618775686307528667e+04   0.000000000000000000e+00   1.311052380497296872e+04
 -1.140000000000000000e+05  -8.365045034889670787e+05   0.000000000000000000e+00   1.608182468345794405e+04   0.000000000000000000e+00   1.308978426061865503e+04
 -1.140000000000000000e+05  -8.365045034889670787e+05   0.000000000000000000e+00   1.608182468345794405e+04   0.000000000000000000e+00   1.308978426061865503e+04
 -1.150000000000000000e+05  -8.368426459903998766e+05   0.000000000000000000e+00   1.597479294461160680e+04   0.000000000000000000e+00   1.306918449863225032e+04
 -1.150000000000000000e+05  -8.368426459903998766e+05   0.000000000000000000e+00   1.597479294461160680e+04   0.000000000000000000e+00   1.306918449863225032e+04
 -1.160000000000000000e+05  -8.371719839696446434e+05   0.000000000000000000e+00   1.586700623788542725e+04   0.000000000000000000e+00   1.304869941155423112e+04
 -1.160000000000000000e+05  -8.371719839696446434e+05   0.000000000000000000e+00   1.586700623788542725e+04   0.000000000000000000e+00   1.304869941155423112e+04
 -1.170000000000000000e+05  -8.374929556491860421e+05   0.000000000000000000e+00   1.575874208978772913e+04   0.000000000000000000e+00   1.302830954465213290e+04
 -1.170000000000000000e+05  -8.374929556491860421e+05   0.000000000000000000e+00   1.575874208978772913e+04   0.000000000000000000e+00   1.302830954465213290e+04
 -1.180000000000000000e+05  -8.378059550626589917e+05   0.000000000000000000e+00   1.565022502410547713e+04   0.000000000000000000e+00   1.300799983661039732e+04
 -1.180000000000000000e+05  -8.378059550626589917e+05   0.000000000000000000e+00   1.565022502410547713e+04   0.000000000000000000e+00   1.300799983661039732e+04
 -1.190000000000000000e+05  -8.381113394541468006e+05   0.000000000000000000e+00   1.554163738284672218e+04   0.000000000000000000e+00   1.298775865395206529e+04
 -1.190000000000000000e+05  -8.381113394541468006e+05   0.000000000000000000e+00   1.554163738284672218e+04   0.000000000000000000e+00   1.298775865395206529e+04
 -1.200000000000000000e+05  -8.384094350314580370e+05   0.000000000000000000e+00   1.543312774312616966e+04   0.000000000000000000e+00   1.296757705239009920e+04
 -1.200000000000000000e+05  -8.384094350314580370e+05   0.000000000000000000e+00   1.543312774312616966e+04   0.000000000000000000e+00   1.296757705239009920e+04
 -1.210000000000000000e+05  -8.387005414974218002e+05   0.000000000000000000e+00   1.532481750739802010e+04   0.000000000000000000e+00   1.294744820259979315e+04
 -1.210000000000000000e+05  -8.387005414974218002e+05   0.000000000000000000e+00   1.532481750739802010e+04   0.000000000000000000e+00   1.294744820259979315e+04
 -1.220000000000000000e+05  -8.389849356730328873e+05   0.000000000000000000e+00   1.521680611277602293e+04   0.000000000000000000e+00   1.292736694620430353e+04
 -1.220000000000000000e+05  -8.389849356730328873e+05   0.000000000000000000e+00   1.521680611277602293e+04   0.000000000000000000e+00   1.292736694620430353e+04
 -1.230000000000000000e+05  -8.392628744245021371e+05   0.000000000000000000e+00   1.510917516671986959e+04   0.000000000000000000e+00   1.290732944740917992e+04
 -1.230000000000000000e+05  -8.392628744245021371e+05   0.000000000000000000e+00   1.510917516671986959e+04   0.000000000000000000e+00   1.290732944740917992e+04
 -1.240000000000000000e+05  -8.395345970623479225e+05   0.000000000000000000e+00   1.500199175797426324e+04   0.000000000000000000e+00   1.288733292092574993e+04
 -1.240000000000000000e+05  -8.395345970623479225e+05   0.000000000000000000e+00   1.500199175797426324e+04   0.000000000000000000e+00   1.288733292092574993e+04
 -1.250000000000000000e+05  -8.398003273282939335e+05   0.000000000000000000e+00   1.489531111872580186e+04   0.000000000000000000e+00   1.286737541721912567e+04
 -1.250000000000000000e+05  -8.398003273282939335e+05   0.000000000000000000e+00   1.489531111872580186e+04   0.000000000000000000e+00   1.286737541721912567e+04
 -1.260000000000000000e+05  -8.400602750858147629e+05   0.000000000000000000e+00   1.478917890100730619e+04   0.000000000000000000e+00   1.284745560622735684e+04
 -1.260000000000000000e+05  -8.400602750858147629e+05   0.000000000000000000e+00   1.478917890100730619e+04   0.000000000000000000e+00   1.284745560622735684e+04
 -1.270000000000000000e+05  -8.403146375754228793e+05   0.000000000000000000e+00   1.468363242703897049e+04   0.000000000000000000e+00   1.282757281117594903e+04
 -1.270000000000000000e+05  -8.403146375754228793e+05   0.000000000000000000e+00   1.468363242703897049e+04   0.000000000000000000e+00   1.282757281117594903e+04
 -1.280000000000000000e+05  -8.405636008702914696e+05   0.000000000000000000e+00   1.457870282706977923e+04   0.000000000000000000e+00   1.280772667829034253e+04
 -1.280000000000000000e+05  -8.405636008702914696e+05   0.000000000000000000e+00   1.457870282706977923e+04   0.000000000000000000e+00   1.280772667829034253e+04
 -1.290000000000000000e+05  -8.408073407133927103e+05   0.000000000000000000e+00   1.447441574123372448e+04   0.000000000000000000e+00   1.278791721402690018e+04
 -1.290000000000000000e+05  -8.408073407133927103e+05   0.000000000000000000e+00   1.447441574123372448e+04   0.000000000000000000e+00   1.278791721402690018e+04
 -1.300000000000000000e+05  -8.410460234624312725e+05   0.000000000000000000e+00   1.437079238390163118e+04   0.000000000000000000e+00   1.276814469058498071e+04
 -1.300000000000000000e+05  -8.410460234624312725e+05   0.000000000000000000e+00   1.437079238390163118e+04   0.000000000000000000e+00   1.276814469058498071e+04
 -1.310000000000000000e+05  -8.412798068694489775e+05   0.000000000000000000e+00   1.426785032678915195e+04   0.000000000000000000e+00   1.274840959026048040e+04
 -1.310000000000000000e+05  -8.412798068694489775e+05   0.000000000000000000e+00   1.426785032678915195e+04   0.000000000000000000e+00   1.274840959026048040e+04
 -1.320000000000000000e+05  -8.415088406703615328e+05   0.000000000000000000e+00   1.416560442645668627e+04   0.000000000000000000e+00   1.272871246580023217e+04
 -1.320000000000000000e+05  -8.415088406703615328e+05   0.000000000000000000e+00   1.416560442645668627e+04   0.000000000000000000e+00   1.272871246580023217e+04
 -1.330000000000000000e+05  -8.417332675670200260e+05   0.000000000000000000e+00   1.406406626819638586e+04   0.000000000000000000e+00   1.270905428063947693e+04
 -1.330000000000000000e+05  -8.417332675670200260e+05   0.000000000000000000e+00   1.406406626819638586e+04   0.000000000000000000e+00   1.270905428063947693e+04
 -1.340000000000000000e+05  -8.419532232272620313e+05   0.000000000000000000e+00   1.396324620320038593e+04   0.000000000000000000e+00   1.268943580907469914e+04
 -1.340000000000000000e+05  -8.419532232272620313e+05   0.000000000000000000e+00   1.396324620320038593e+04   0.000000000000000000e+00   1.268943580907469914e+04
 -1.350000000000000000e+05  -8.421688369863309199e+05   0.000000000000000000e+00   1.386315303130429675e+04   0.000000000000000000e+00   1.266985792753534770e+04
 -1.350000000000000000e+05  -8.421688369863309199e+05   0.000000000000000000e+00   1.386315303130429675e+04   0.000000000000000000e+00   1.266985792753534770e+04
 -1.360000000000000000e+05  -8.423802327134254156e+05   0.000000000000000000e+00   1.376379316618372286e+04   0.000000000000000000e+00   1.265032176731606705e+04
 -1.360000000000000000e+05  -8.423802327134254156e+05   0.000000000000000000e+00   1.376379316618372286e+04   0.000000000000000000e+00   1.265032176731606705e+04
 -1.370000000000000000e+05  -8.425875284427253064e+05   0.000000000000000000e+00   1.366517294792371831e+04   0.000000000000000000e+00   1.263082827825536697e+04
 -1.370000000000000000e+05  -8.425875284427253064e+05   0.000000000000000000e+00   1.366517294792371831e+04   0.000000000000000000e+00   1.263082827825536697e+04
 -1.380000000000000000e+05  -8.427908371160938405e+05   0.000000000000000000e+00   1.356729788189545070e+04   0.000000000000000000e+00   1.261137849426062166e+04
 -1.380000000000000000e+05  -8.427908371160938405e+05   0.000000000000000000e+00   1.356729788189545070e+04   0.000000000000000000e+00   1.261137849426062166e+04
 -1.390000000000000000e+05  -8.429902672861975152e+05   0.000000000000000000e+00   1.347017159071096467e+04   0.000000000000000000e+00   1.259197351006885401e+04
 -1.390000000000000000e+05  -8.429902672861975152e+05   0.000000000000000000e+00   1.347017159071096467e+04   0.000000000000000000e+00   1.259197351006885401e+04
 -1.400000000000000000e+05  -8.431859225533144781e+05   0.000000000000000000e+00   1.337379866156855678e+04   0.000000000000000000e+00   1.257261438346896466e+04
 -1.400000000000000000e+05  -8.431859225533144781e+05   0.000000000000000000e+00   1.337379866156855678e+04   0.000000000000000000e+00   1.257261438346896466e+04
 -1.410000000000000000e+05  -8.433779030295111006e+05   0.000000000000000000e+00   1.327818053068601876e+04   0.000000000000000000e+00   1.255330198258815835e+04
 -1.410000000000000000e+05  -8.433779030295111006e+05   0.000000000000000000e+00   1.327818053068601876e+04   0.000000000000000000e+00   1.255330198258815835e+04
 -1.420000000000000000e+05  -8.435663039416475222e+05   0.000000000000000000e+00   1.318332171934943653e+04   0.000000000000000000e+00   1.253403745847918435e+04
 -1.420000000000000000e+05  -8.435663039416475222e+05   0.000000000000000000e+00   1.318332171934943653e+04   0.000000000000000000e+00   1.253403745847918435e+04
 -1.430000000000000000e+05  -8.437512173109663418e+05   0.000000000000000000e+00   1.308922490378377188e+04   0.000000000000000000e+00   1.251482182596707207e+04
 -1.430000000000000000e+05  -8.437512173109663418e+05   0.000000000000000000e+00   1.308922490378377188e+04   0.000000000000000000e+00   1.251482182596707207e+04
 -1.440000000000000000e+05  -8.439327316862372681e+05   0.000000000000000000e+00   1.299589251011911438e+04   0.000000000000000000e+00   1.249565607020234529e+04
 -1.440000000000000000e+05  -8.439327316862372681e+05   0.000000000000000000e+00   1.299589251011911438e+04   0.000000000000000000e+00   1.249565607020234529e+04
 -1.450000000000000000e+05  -8.441109323466714704e+05   0.000000000000000000e+00   1.290332675026769357e+04   0.000000000000000000e+00   1.247654114042703623e+04
 -1.450000000000000000e+05  -8.441109323466714704e+05   0.000000000000000000e+00   1.290332675026769357e+04   0.000000000000000000e+00   1.247654114042703623e+04
 -1.460000000000000000e+05  -8.442859016483169980e+05   0.000000000000000000e+00   1.281153724096862607e+04   0.000000000000000000e+00   1.245747964691897141e+04
 -1.460000000000000000e+05  -8.442859016483169980e+05   0.000000000000000000e+00   1.281153724096862607e+04   0.000000000000000000e+00   1.245747964691897141e+04
 -1.470000000000000000e+05  -8.444577189738051966e+05   0.000000000000000000e+00   1.272051136123203833e+04   0.000000000000000000e+00   1.243846923403483743e+04
 -1.470000000000000000e+05  -8.444577189738051966e+05   0.000000000000000000e+00   1.272051136123203833e+04   0.000000000000000000e+00   1.243846923403483743e+04
 -1.480000000000000000e+05  -8.446264607091475045e+05   0.000000000000000000e+00   1.263025767889999042e+04   0.000000000000000000e+00   1.241951245114249105e+04
 -1.480000000000000000e+05  -8.446264607091475045e+05   0.000000000000000000e+00   1.263025767889999042e+04   0.000000000000000000e+00   1.241951245114249105e+04
 -1.490000000000000000e+05  -8.447922007110678824e+05   0.000000000000000000e+00   1.254077742591716378e+04   0.000000000000000000e+00   1.240060959351718338e+04
 -1.490000000000000000e+05  -8.447922007110678824e+05   0.000000000000000000e+00   1.254077742591716378e+04   0.000000000000000000e+00   1.240060959351718338e+04
 -1.500000000000000000e+05  -8.449550103261442855e+05   0.000000000000000000e+00   1.245207195754458553e+04   0.000000000000000000e+00   1.238176107310421685e+04
 -1.500000000000000000e+05  -8.449550103261442855e+05   0.000000000000000000e+00   1.245207195754458553e+04   0.000000000000000000e+00   1.238176107310421685e+04
