  2.000000000000000000e+05   5.958287087752013467e+05   0.000000000000000000e+00   0.000000000000000000e+00
  1.990000000000000000e+05   5.957259628074708162e+05   0.000000000000000000e+00   0.000000000000000000e+00
  1.980000000000000000e+05   5.956218125603526132e+05   0.000000000000000000e+00   0.000000000000000000e+00
  1.970000000000000000e+05   5.955162261529997922e+05   0.000000000000000000e+00   0.000000000000000000e+00
  1.960000000000000000e+05   5.954091705519426614e+05   0.000000000000000000e+00   0.000000000000000000e+00
  1.950000000000000000e+05   5.953006115162225906e+05   0.000000000000000000e+00   0.000000000000000000e+00
  1.940000000000000000e+05   5.951905137238025200e+05   0.000000000000000000e+00   0.000000000000000000e+00
  1.930000000000000000e+05   5.950788403822790133e+05   0.000000000000000000e+00   0.000000000000000000e+00
  1.920000000000000000e+05   5.949655534880245104e+05   0.000000000000000000e+00   0.000000000000000000e+00
  1.910000000000000000e+05   5.948506135189725319e+05   0.000000000000000000e+00   0.000000000000000000e+00
  1.900000000000000000e+05   5.947339795475527644e+05   0.000000000000000000e+00   0.000000000000000000e+00
  1.890000000000000000e+05   5.946156090138758300e+05   0.000000000000000000e+00   0.000000000000000000e+00
  1.880000000000000000e+05   5.944954576838767389e+05   0.000000000000000000e+00   0.000000000000000000e+00
  1.870000000000000000e+05   5.943734795528424438e+05   0.000000000000000000e+00   0.000000000000000000e+00
  1.860000000000000000e+05   5.942496266891098348e+05   0.000000000000000000e+00   0.000000000000000000e+00
  1.850000000000000000e+05   5.941238492227497045e+05   0.000000000000000000e+00   0.000000000000000000e+00
  1.840000000000000000e+05   5.939960952808501897e+05   0.000000000000000000e+00   0.000000000000000000e+00
  1.830000000000000000e+05   5.938663105431676377e+05   0.000000000000000000e+00   0.000000000000000000e+00
  1.820000000000000000e+05   5.937344384660167852e+05   0.000000000000000000e+00   0.000000000000000000e+00
  1.810000000000000000e+05   5.936004198651035549e+05   0.000000000000000000e+00   0.000000000000000000e+00
  1.800000000000000000e+05   5.934641929712140700e+05   0.000000000000000000e+00   0.000000000000000000e+00
  1.790000000000000000e+05   5.933256930300841341e+05   0.000000000000000000e+00   0.000000000000000000e+00
  1.780000000000000000e+05   5.931848523429511115e+05   0.000000000000000000e+00   0.000000000000000000e+00
  1.770000000000000000e+05   5.930415998932920629e+05   0.000000000000000000e+00   0.000000000000000000e+00
  1.760000000000000000e+05   5.928958611243993510e+05   0.000000000000000000e+00   0.000000000000000000e+00
  1.750000000000000000e+05   5.927475579014210962e+05   0.000000000000000000e+00   0.000000000000000000e+00
  1.740000000000000000e+05   5.925966080877545755e+05   0.000000000000000000e+00   0.000000000000000000e+00
  1.730000000000000000e+05   5.924429252843697323e+05   0.000000000000000000e+00   0.000000000000000000e+00
  1.720000000000000000e+05   5.922864187076402595e+05   0.000000000000000000e+00   0.000000000000000000e+00
  1.710000000000000000e+05   5.921269929381622933e+05   0.000000000000000000e+00   0.000000000000000000e+00
  1.700000000000000000e+05   5.919645475100986660e+05   0.000000000000000000e+00   0.000000000000000000e+00
  1.690000000000000000e+05   5.917989767165506491e+05   0.000000000000000000e+00   0.000000000000000000e+00
  1.680000000000000000e+05   5.916301692654084181e+05   0.000000000000000000e+00   0.000000000000000000e+00
  1.670000000000000000e+05   5.914580083741634153e+05   0.000000000000000000e+00   0.000000000000000000e+00
  1.660000000000000000e+05   5.912823709392067976e+05   0.000000000000000000e+00   0.000000000000000000e+00
  1.650000000000000000e+05   5.911031277353658807e+05   0.000000000000000000e+00   0.000000000000000000e+00
  1.640000000000000000e+05   5.909201424081185833e+05   0.000000000000000000e+00   0.000000000000000000e+00
  1.630000000000000000e+05   5.907332738324058009e+05   0.000000000000000000e+00   0.000000000000000000e+00
  1.620000000000000000e+05   5.905423731873552315e+05   0.000000000000000000e+00   0.000000000000000000e+00
  1.610000000000000000e+05   5.903472848127692705e+05   0.000000000000000000e+00   0.000000000000000000e+00
  1.600000000000000000e+05   5.901478458045964362e+05   0.000000000000000000e+00   0.000000000000000000e+00
  1.590000000000000000e+05   5.899438854266479611e+05   0.000000000000000000e+00   0.000000000000000000e+00
  1.580000000000000000e+05   5.897352242590750102e+05   0.000000000000000000e+00   0.000000000000000000e+00
  1.570000000000000000e+05   5.895216722936045844e+05   0.000000000000000000e+00   0.000000000000000000e+00
  1.560000000000000000e+05   5.893030261383767938e+05   0.000000000000000000e+00   0.000000000000000000e+00
  1.550000000000000000e+05   5.890790639910462778e+05   0.000000000000000000e+00   0.000000000000000000e+00
  1.540000000000000000e+05   5.888495382038133685e+05   0.000000000000000000e+00   0.000000000000000000e+00
  1.530000000000000000e+05   5.886141645112799015e+05   0.000000000000000000e+00   0.000000000000000000e+00
  1.520000000000000000e+05   5.883726076850604732e+05   0.000000000000000000e+00   0.000000000000000000e+00
  1.510000000000000000e+05   5.881244647143593756e+05   0.000000000000000000e+00   0.000000000000000000e+00
  1.500000000000000000e+05   5.878692472308720462e+05   0.000000000000000000e+00   0.000000000000000000e+00
  1.490000000000000000e+05   5.876063710731307510e+05   0.000000000000000000e+00   0.000000000000000000e+00
  1.480000000000000000e+05   5.873351582788975211e+05   0.000000000000000000e+00   0.000000000000000000e+00
  1.470000000000000000e+05   5.870548563424071763e+05   0.000000000000000000e+00   0.000000000000000000e+00
  1.460000000000000000e+05   5.867646737380815903e+05   0.000000000000000000e+00   0.000000000000000000e+00
  1.450000000000000000e+05   5.864638573774019023e+05   0.000000000000000000e+00   0.000000000000000000e+00
  1.440000000000000000e+05   5.861518286945554428e+05   0.000000000000000000e+00   0.000000000000000000e+00
  1.430000000000000000e+05   5.858281897409110097e+05   0.000000000000000000e+00   0.000000000000000000e+00
  1.420000000000000000e+05   5.854929594418782508e+05   0.000000000000000000e+00   0.000000000000000000e+00
  1.410000000000000000e+05   5.851479717206720961e+05   0.000000000000000000e+00   0.000000000000000000e+00
  1.400000000000000000e+05   5.847981922899024794e+05   0.000000000000000000e+00   0.000000000000000000e+00
  1.390000000000000000e+05   5.844471868343764218e+05   0.000000000000000000e+00   0.000000000000000000e+00
  1.380000000000000000e+05   5.840945364287425764e+05   0.000000000000000000e+00   0.000000000000000000e+00
  1.370000000000000000e+05   5.837384830559619004e+05   0.000000000000000000e+00   0.000000000000000000e+00
  1.360000000000000000e+05   5.833770961514386581e+05   0.000000000000000000e+00   0.000000000000000000e+00
  1.350000000000000000e+05   5.830083315338013927e+05   0.000000000000000000e+00   0.000000000000000000e+00
  1.340000000000000000e+05   5.826298713171744021e+05   0.000000000000000000e+00   0.000000000000000000e+00
  1.330000000000000000e+05   5.822398158056234242e+05   0.000000000000000000e+00   0.000000000000000000e+00
  1.320000000000000000e+05   5.818377176109305583e+05   0.000000000000000000e+00   0.000000000000000000e+00
  1.310000000000000000e+05   5.814240424375680741e+05   0.000000000000000000e+00   0.000000000000000000e+00
  1.300000000000000000e+05   5.809990844948408194e+05   0.000000000000000000e+00   0.000000000000000000e+00
  1.290000000000000000e+05   5.805626913962952094e+05   0.000000000000000000e+00   0.000000000000000000e+00
  1.280000000000000000e+05   5.801143555708553176e+05   0.000000000000000000e+00   0.000000000000000000e+00
  1.270000000000000000e+05   5.796533369611286325e+05   0.000000000000000000e+00   0.000000000000000000e+00
  1.260000000000000000e+05   5.791785824759602547e+05   0.000000000000000000e+00   0.000000000000000000e+00
  1.250000000000000000e+05   5.786886706123511540e+05   0.000000000000000000e+00   0.000000000000000000e+00
  1.240000000000000000e+05   5.781815821274946211e+05   0.000000000000000000e+00   0.000000000000000000e+00
  1.230000000000000000e+05   5.776541184456985211e+05   0.000000000000000000e+00   0.000000000000000000e+00
  1.220000000000000000e+05   5.771001891071649734e+05   0.000000000000000000e+00   0.000000000000000000e+00
  1.210000000000000000e+05   5.765025207396257902e+05   0.000000000000000000e+00   0.000000000000000000e+00
  1.200000000000000000e+05   5.753599620971154654e+05   0.000000000000000000e+00   0.000000000000000000e+00
  1.190000000000000000e+05   5.744907296831511194e+05   0.000000000000000000e+00   0.000000000000000000e+00
  1.180000000000000000e+05   5.737416662421070505e+05   0.000000000000000000e+00   0.000000000000000000e+00
  1.170000000000000000e+05   5.729765192944271257e+05   0.000000000000000000e+00   0.000000000000000000e+00
  1.160000000000000000e+05   5.710705403038443765e+05   0.000000000000000000e+00   0.000000000000000000e+00
  1.150000000000000000e+05   5.704021674163638381e+05   0.000000000000000000e+00   0.000000000000000000e+00
  1.140000000000000000e+05   5.697316030099383788e+05   0.000000000000000000e+00   0.000000000000000000e+00
  1.130000000000000000e+05   5.690541173861619318e+05   0.000000000000000000e+00   0.000000000000000000e+00
  1.120000000000000000e+05   5.683656239934316836e+05   0.000000000000000000e+00   0.000000000000000000e+00
  1.110000000000000000e+05   5.676625765546109760e+05   0.000000000000000000e+00   0.000000000000000000e+00
  1.100000000000000000e+05   5.669425513929034350e+05   0.000000000000000000e+00   0.000000000000000000e+00
  1.090000000000000000e+05   5.662044562965591904e+05   0.000000000000000000e+00   0.000000000000000000e+00
  1.080000000000000000e+05   5.654477096913988935e+05   0.000000000000000000e+00   0.000000000000000000e+00
  1.070000000000000000e+05   5.646714367476811167e+05   0.000000000000000000e+00   0.000000000000000000e+00
  1.060000000000000000e+05   5.638742972031872487e+05   0.000000000000000000e+00   0.000000000000000000e+00
  1.050000000000000000e+05   5.630545886354643153e+05   0.000000000000000000e+00   0.000000000000000000e+00
  1.040000000000000000e+05   5.622103410925540375e+05   0.000000000000000000e+00   0.000000000000000000e+00
  1.030000000000000000e+05   5.613393197720930912e+05   0.000000000000000000e+00   0.000000000000000000e+00
  1.020000000000000000e+05   5.604391923584491014e+05   0.000000000000000000e+00   0.000000000000000000e+00
  1.010000000000000000e+05   5.595073558871945133e+05   0.000000000000000000e+00   0.000000000000000000e+00
  1.000000000000000000e+05   5.585409364054264734e+05   0.000000000000000000e+00   0.000000000000000000e+00
  9.900000000000000000e+04   5.575366886926521547e+05   0.000000000000000000e+00   0.000000000000000000e+00
  9.800000000000000000e+04   5.564907836669575190e+05   0.000000000000000000e+00   0.000000000000000000e+00
  9.700000000000000000e+04   5.553983924260807689e+05   0.000000000000000000e+00   0.000000000000000000e+00
  9.600000000000000000e+04   5.542528154207599582e+05   0.000000000000000000e+00   0.000000000000000000e+00
  9.500000000000000000e+04   5.530444020944893127e+05   0.000000000000000000e+00   0.000000000000000000e+00
  9.400000000000000000e+04   5.517696346722142771e+05   0.000000000000000000e+00   0.000000000000000000e+00
  9.300000000000000000e+04   5.504563714147441788e+05   0.000000000000000000e+00   0.000000000000000000e+00
  9.200000000000000000e+04   5.490728155832777265e+05   0.000000000000000000e+00   0.000000000000000000e+00
  9.100000000000000000e+04   5.475900668644066900e+05   0.000000000000000000e+00   0.000000000000000000e+00
  9.000000000000000000e+04   5.462106229040278122e+05   0.000000000000000000e+00   0.000000000000000000e+00
  8.900000000000000000e+04   5.448280180144334445e+05   0.000000000000000000e+00   0.000000000000000000e+00
  8.800000000000000000e+04   5.434195628140822519e+05   0.000000000000000000e+00   0.000000000000000000e+00
  8.700000000000000000e+04   5.419673386333636008e+05   0.000000000000000000e+00   0.000000000000000000e+00
  8.600000000000000000e+04   5.404392068363789003e+05   0.000000000000000000e+00   0.000000000000000000e+00
  8.500000000000000000e+04   5.388522556128792930e+05   0.000000000000000000e+00   0.000000000000000000e+00
  8.400000000000000000e+04   5.337400106680437457e+05   0.000000000000000000e+00   0.000000000000000000e+00
  8.300000000000000000e+04   5.320931406011678046e+05   0.000000000000000000e+00   0.000000000000000000e+00
  8.200000000000000000e+04   5.301887614313201047e+05   0.000000000000000000e+00   0.000000000000000000e+00
  8.100000000000000000e+04   5.284997475430809427e+05   0.000000000000000000e+00   0.000000000000000000e+00
  8.000000000000000000e+04   5.267872283146224217e+05   0.000000000000000000e+00   0.000000000000000000e+00
  7.900000000000000000e+04   5.250370511510806391e+05   0.000000000000000000e+00   0.000000000000000000e+00
  7.800000000000000000e+04   5.232364966112702386e+05   0.000000000000000000e+00   0.000000000000000000e+00
  7.700000000000000000e+04   5.213516172797725885e+05   0.000000000000000000e+00   0.000000000000000000e+00
  7.600000000000000000e+04   5.191642587905267719e+05   0.000000000000000000e+00   0.000000000000000000e+00
  7.500000000000000000e+04   5.170266594956009649e+05   0.000000000000000000e+00   0.000000000000000000e+00
  7.400000000000000000e+04   5.149286744775566622e+05   0.000000000000000000e+00   0.000000000000000000e+00
  7.300000000000000000e+04   5.127600642079402460e+05   0.000000000000000000e+00   0.000000000000000000e+00
  7.200000000000000000e+04   5.105395012218132615e+05   0.000000000000000000e+00   0.000000000000000000e+00
  7.100000000000000000e+04   5.083067845432112808e+05   0.000000000000000000e+00   0.000000000000000000e+00
  7.000000000000000000e+04   5.038135343066153582e+05   0.000000000000000000e+00   0.000000000000000000e+00
  6.900000000000000000e+04   5.007838071337772417e+05   0.000000000000000000e+00   0.000000000000000000e+00
  6.800000000000000000e+04   4.987126016591109219e+05   0.000000000000000000e+00   0.000000000000000000e+00
  6.700000000000000000e+04   4.965334275963695254e+05   0.000000000000000000e+00   0.000000000000000000e+00
  6.600000000000000000e+04   4.943544727165933582e+05   0.000000000000000000e+00   0.000000000000000000e+00
  6.500000000000000000e+04   4.921259468489178107e+05   0.000000000000000000e+00   0.000000000000000000e+00
  6.400000000000000000e+04   4.898266987258071895e+05   0.000000000000000000e+00   0.000000000000000000e+00
  6.300000000000000000e+04   4.874433354864463327e+05   0.000000000000000000e+00   0.000000000000000000e+00
  6.200000000000000000e+04   4.849683689795100945e+05   0.000000000000000000e+00   0.000000000000000000e+00
  6.100000000000000000e+04   4.823956196392005659e+05   0.000000000000000000e+00   0.000000000000000000e+00
  6.000000000000000000e+04   4.796778985844824347e+05   0.000000000000000000e+00   0.000000000000000000e+00
  5.900000000000000000e+04   4.769209818043704145e+05   0.000000000000000000e+00   0.000000000000000000e+00
  5.800000000000000000e+04   4.740404761338130920e+05   0.000000000000000000e+00   0.000000000000000000e+00
  5.700000000000000000e+04   4.710034172435357468e+05   0.000000000000000000e+00   0.000000000000000000e+00
  5.600000000000000000e+04   4.676156517907034140e+05   0.000000000000000000e+00   0.000000000000000000e+00
  5.500000000000000000e+04   4.642824758176390314e+05   0.000000000000000000e+00   0.000000000000000000e+00
  5.400000000000000000e+04   4.609731040231794468e+05   0.000000000000000000e+00   0.000000000000000000e+00
  5.300000000000000000e+04   4.567673565232141991e+05   0.000000000000000000e+00   0.000000000000000000e+00
  5.200000000000000000e+04   4.533044571198335034e+05   0.000000000000000000e+00   0.000000000000000000e+00
  5.100000000000000000e+04   4.497259765045279637e+05   0.000000000000000000e+00   0.000000000000000000e+00
  5.000000000000000000e+04   4.437117720926212496e+05   0.000000000000000000e+00   0.000000000000000000e+00
  4.900000000000000000e+04   4.398480615927939652e+05   0.000000000000000000e+00   0.000000000000000000e+00
  4.800000000000000000e+04   4.344337763257864281e+05   0.000000000000000000e+00   0.000000000000000000e+00
  4.700000000000000000e+04   4.305690812212364981e+05   0.000000000000000000e+00   0.000000000000000000e+00
  4.600000000000000000e+04   4.251983385753675830e+05   0.000000000000000000e+00   0.000000000000000000e+00
  4.500000000000000000e+04   4.211449521583385649e+05   0.000000000000000000e+00   0.000000000000000000e+00
  4.400000000000000000e+04   4.137543516372506274e+05   0.000000000000000000e+00   0.000000000000000000e+00
  4.300000000000000000e+04   4.097661338787871646e+05   0.000000000000000000e+00   0.000000000000000000e+00
  4.200000000000000000e+04   4.056568624459810671e+05   0.000000000000000000e+00   0.000000000000000000e+00
  4.100000000000000000e+04   4.013831751076829387e+05   0.000000000000000000e+00   0.000000000000000000e+00
  4.000000000000000000e+04   3.964755285964911454e+05   0.000000000000000000e+00   0.000000000000000000e+00
  3.900000000000000000e+04   3.899073475347463973e+05   0.000000000000000000e+00   0.000000000000000000e+00
  3.800000000000000000e+04   3.853447194576376933e+05   0.000000000000000000e+00   0.000000000000000000e+00
  3.700000000000000000e+04   3.806222314390779356e+05   0.000000000000000000e+00   0.000000000000000000e+00
  3.600000000000000000e+04   3.756963452545159380e+05   0.000000000000000000e+00   0.000000000000000000e+00
  3.500000000000000000e+04   3.668928785886144033e+05   0.000000000000000000e+00   0.000000000000000000e+00
  3.400000000000000000e+04   3.500627696855034446e+05   0.000000000000000000e+00   0.000000000000000000e+00
  3.300000000000000000e+04   3.455201220298960689e+05   0.000000000000000000e+00   0.000000000000000000e+00
  3.200000000000000000e+04   3.408038876304449514e+05   0.000000000000000000e+00   0.000000000000000000e+00
  3.100000000000000000e+04   3.342980564432496321e+05   0.000000000000000000e+00   0.000000000000000000e+00
  3.000000000000000000e+04   3.271996344281067722e+05   0.000000000000000000e+00   0.000000000000000000e+00
  2.900000000000000000e+04   3.223572799886151915e+05   0.000000000000000000e+00   0.000000000000000000e+00
  2.800000000000000000e+04   3.173336283520696452e+05   0.000000000000000000e+00   0.000000000000000000e+00
  2.700000000000000000e+04   3.099545228302611504e+05   0.000000000000000000e+00   0.000000000000000000e+00
  2.600000000000000000e+04   3.029016659639104619e+05   0.000000000000000000e+00   0.000000000000000000e+00
  2.500000000000000000e+04   2.776765584972208599e+05   0.000000000000000000e+00   0.000000000000000000e+00
  2.400000000000000000e+04   2.729181883678687154e+05   0.000000000000000000e+00   0.000000000000000000e+00
  2.300000000000000000e+04   2.664487553788232035e+05   0.000000000000000000e+00   0.000000000000000000e+00
  2.200000000000000000e+04   2.610558610636192316e+05   0.000000000000000000e+00   0.000000000000000000e+00
  2.100000000000000000e+04   2.555857399532624113e+05   0.000000000000000000e+00   0.000000000000000000e+00
  2.000000000000000000e+04   2.480368319695628015e+05   0.000000000000000000e+00   0.000000000000000000e+00
  1.900000000000000000e+04   2.389800127615887031e+05   0.000000000000000000e+00   0.000000000000000000e+00
  1.800000000000000000e+04   2.336868575267631386e+05   0.000000000000000000e+00   0.000000000000000000e+00
  1.700000000000000000e+04   2.280423834992036282e+05   0.000000000000000000e+00   0.000000000000000000e+00
  1.600000000000000000e+04   2.147334926187992969e+05   0.000000000000000000e+00   0.000000000000000000e+00
  1.500000000000000000e+04   2.039290403153488296e+05   0.000000000000000000e+00   0.000000000000000000e+00
  1.400000000000000000e+04   1.978169782660048222e+05   0.000000000000000000e+00   0.000000000000000000e+00
  1.300000000000000000e+04   1.876111921444312902e+05   0.000000000000000000e+00   0.000000000000000000e+00
  1.200000000000000000e+04   1.809889301631291746e+05   0.000000000000000000e+00   0.000000000000000000e+00
  1.100000000000000000e+04   1.744328221564511769e+05   0.000000000000000000e+00   0.000000000000000000e+00
  1.000000000000000000e+04   1.546247110724445374e+05   0.000000000000000000e+00   0.000000000000000000e+00
  9.000000000000000000e+03   1.490900099224153673e+05   0.000000000000000000e+00   0.000000000000000000e+00
  8.000000000000000000e+03   1.434631152563848009e+05   0.000000000000000000e+00   0.000000000000000000e+00
  7.000000000000000000e+03   1.373881119914090959e+05   0.000000000000000000e+00   0.000000000000000000e+00
  6.000000000000000000e+03   1.314991782620598387e+05   0.000000000000000000e+00   0.000000000000000000e+00
  5.000000000000000000e+03   1.254462225375700509e+05   0.000000000000000000e+00   0.000000000000000000e+00
  4.000000000000000000e+03   1.191080564598531491e+05   0.000000000000000000e+00   0.000000000000000000e+00
  3.000000000000000000e+03   1.081219291298666212e+05   0.000000000000000000e+00   0.000000000000000000e+00
  2.000000000000000000e+03   8.002932340845640283e+04   0.000000000000000000e+00   0.000000000000000000e+00
  1.000000000000000000e+03   7.388012255636717600e+04   0.000000000000000000e+00   0.000000000000000000e+00
  0.000000000000000000e+00   6.736430545559557504e+04   0.000000000000000000e+00   0.000000000000000000e+00
 -1.000000000000000000e+03   6.111656496641139529e+04   0.000000000000000000e+00   0.000000000000000000e+00
 -2.000000000000000000e+03   5.473045027265090175e+04   0.000000000000000000e+00   0.000000000000000000e+00
 -3.000000000000000000e+03   3.575104458555961901e+04   0.000000000000000000e+00   0.000000000000000000e+00
 -4.000000000000000000e+03   2.979245176873065066e+04   0.000000000000000000e+00   0.000000000000000000e+00
 -5.000000000000000000e+03   1.941473705291894294e+04   0.000000000000000000e+00   0.000000000000000000e+00
 -6.000000000000000000e+03   1.291281866892718790e+04   0.000000000000000000e+00   0.000000000000000000e+00
 -7.000000000000000000e+03   4.638565169944671652e+03   0.000000000000000000e+00   0.000000000000000000e+00
 -8.000000000000000000e+03  -2.007908622678100801e+04   0.000000000000000000e+00   0.000000000000000000e+00
 -9.000000000000000000e+03  -2.664589487917209044e+04   0.000000000000000000e+00   0.000000000000000000e+00
 -1.000000000000000000e+04  -3.367137237846010976e+04   0.000000000000000000e+00   0.000000000000000000e+00
 -1.100000000000000000e+04  -4.808600115101717529e+04   0.000000000000000000e+00   0.000000000000000000e+00
 -1.200000000000000000e+04  -5.468447905275537778e+04   0.000000000000000000e+00   0.000000000000000000e+00
 -1.300000000000000000e+04  -6.167049140669681947e+04   0.000000000000000000e+00   0.000000000000000000e+00
 -1.400000000000000000e+04  -7.139666113585302082e+04   0.000000000000000000e+00   0.000000000000000000e+00
 -1.500000000000000000e+04  -7.691254859199194470e+04   0.000000000000000000e+00   0.000000000000000000e+00
 -1.600000000000000000e+04  -8.268800211991122342e+04   0.000000000000000000e+00   0.000000000000000000e+00
 -1.700000000000000000e+04  -8.863424799707009515e+04   0.000000000000000000e+00   0.000000000000000000e+00
 -1.800000000000000000e+04  -9.669655746073881164e+04   0.000000000000000000e+00   0.000000000000000000e+00
 -1.900000000000000000e+04  -1.024728458741804934e+05   0.000000000000000000e+00   0.000000000000000000e+00
 -2.000000000000000000e+04  -1.124355042762257071e+05   0.000000000000000000e+00   0.000000000000000000e+00
 -2.100000000000000000e+04  -1.242845570775207161e+05   0.000000000000000000e+00   0.000000000000000000e+00
 -2.200000000000000000e+04  -1.334737585219941975e+05   0.000000000000000000e+00   0.000000000000000000e+00
 -2.300000000000000000e+04  -1.388770795683348551e+05   0.000000000000000000e+00   0.000000000000000000e+00
 -2.400000000000000000e+04  -1.521501254429132387e+05   0.000000000000000000e+00   0.000000000000000000e+00
 -2.500000000000000000e+04  -1.581682238908915897e+05   0.000000000000000000e+00   0.000000000000000000e+00
 -2.600000000000000000e+04  -1.713418403776556661e+05   0.000000000000000000e+00   0.000000000000000000e+00
 -2.700000000000000000e+04  -1.783011631597751984e+05   0.000000000000000000e+00   0.000000000000000000e+00
 -2.800000000000000000e+04  -1.830089804030580563e+05   0.000000000000000000e+00   0.000000000000000000e+00
 -2.900000000000000000e+04  -1.885544569494801981e+05   0.000000000000000000e+00   0.000000000000000000e+00
 -3.000000000000000000e+04  -2.006849538424859929e+05   0.000000000000000000e+00   0.000000000000000000e+00
 -3.100000000000000000e+04  -2.060452496054052608e+05   0.000000000000000000e+00   0.000000000000000000e+00
 -3.200000000000000000e+04  -2.185320991859095229e+05   0.000000000000000000e+00   0.000000000000000000e+00
 -3.300000000000000000e+04  -2.311589326886204362e+05   0.000000000000000000e+00   0.000000000000000000e+00
 -3.400000000000000000e+04  -2.352767034795737709e+05   0.000000000000000000e+00   0.000000000000000000e+00
 -3.500000000000000000e+04  -2.463688832700029016e+05   0.000000000000000000e+00   0.000000000000000000e+00
 -3.600000000000000000e+04  -2.541757650191841531e+05   0.000000000000000000e+00   0.000000000000000000e+00
 -3.700000000000000000e+04  -2.628301589992890367e+05   0.000000000000000000e+00   0.000000000000000000e+00
 -3.800000000000000000e+04  -2.674265303497528075e+05   0.000000000000000000e+00   0.000000000000000000e+00
 -3.900000000000000000e+04  -2.883800616345201270e+05   0.000000000000000000e+00   0.000000000000000000e+00
 -4.000000000000000000e+04  -2.918554179423854221e+05   0.000000000000000000e+00   0.000000000000000000e+00
 -4.100000000000000000e+04  -2.956493155616244185e+05   0.000000000000000000e+00   0.000000000000000000e+00
 -4.200000000000000000e+04  -3.002623564050265704e+05   0.000000000000000000e+00   0.000000000000000000e+00
 -4.300000000000000000e+04  -3.050686748566396418e+05   0.000000000000000000e+00   0.000000000000000000e+00
 -4.400000000000000000e+04  -3.096344930226868019e+05   0.000000000000000000e+00   0.000000000000000000e+00
 -4.500000000000000000e+04  -3.145386016369670979e+05   0.000000000000000000e+00   0.000000000000000000e+00
 -4.600000000000000000e+04  -3.187089904913320206e+05   0.000000000000000000e+00   0.000000000000000000e+00
 -4.700000000000000000e+04  -3.239995080975742894e+05   0.000000000000000000e+00   0.000000000000000000e+00
 -4.800000000000000000e+04  -3.296229448781798710e+05   0.000000000000000000e+00   0.000000000000000000e+00
 -4.900000000000000000e+04  -3.335653453547010431e+05   0.000000000000000000e+00   0.000000000000000000e+00
 -5.000000000000000000e+04  -3.372621394165933598e+05   0.000000000000000000e+00   0.000000000000000000e+00
 -5.100000000000000000e+04  -3.429120364814637578e+05   0.000000000000000000e+00   0.000000000000000000e+00
 -5.200000000000000000e+04  -3.470622587002280634e+05   0.000000000000000000e+00   0.000000000000000000e+00
 -5.300000000000000000e+04  -3.515830425419996609e+05   0.000000000000000000e+00   0.000000000000000000e+00
 -5.400000000000000000e+04  -3.547230543268105248e+05   0.000000000000000000e+00   0.000000000000000000e+00
 -5.500000000000000000e+04  -3.594712453431949834e+05   0.000000000000000000e+00   0.000000000000000000e+00
 -5.600000000000000000e+04  -3.629815917301507434e+05   0.000000000000000000e+00   0.000000000000000000e+00
 -5.700000000000000000e+04  -3.667478041239117738e+05   0.000000000000000000e+00   0.000000000000000000e+00
 -5.800000000000000000e+04  -3.766363696422432549e+05   0.000000000000000000e+00   0.000000000000000000e+00
 -5.900000000000000000e+04  -3.808563263914670679e+05   0.000000000000000000e+00   0.000000000000000000e+00
 -6.000000000000000000e+04  -3.853338656872489373e+05   0.000000000000000000e+00   0.000000000000000000e+00
 -6.100000000000000000e+04  -3.887968923896553461e+05   0.000000000000000000e+00   0.000000000000000000e+00
 -6.200000000000000000e+04  -3.958933167375496123e+05   0.000000000000000000e+00   0.000000000000000000e+00
 -6.300000000000000000e+04  -4.000837695520676207e+05   0.000000000000000000e+00   0.000000000000000000e+00
 -6.400000000000000000e+04  -4.041118320301358472e+05   0.000000000000000000e+00   0.000000000000000000e+00
 -6.500000000000000000e+04  -4.076428592774792342e+05   0.000000000000000000e+00   0.000000000000000000e+00
 -6.600000000000000000e+04  -4.142305000096713193e+05   0.000000000000000000e+00   0.000000000000000000e+00
 -6.700000000000000000e+04  -4.169241049500309746e+05   0.000000000000000000e+00   0.000000000000000000e+00
 -6.800000000000000000e+04  -4.228108601536902715e+05   0.000000000000000000e+00   0.000000000000000000e+00
 -6.900000000000000000e+04  -4.255866117406733683e+05   0.000000000000000000e+00   0.000000000000000000e+00
 -7.000000000000000000e+04  -4.293326958234201302e+05   0.000000000000000000e+00   0.000000000000000000e+00
 -7.100000000000000000e+04  -4.321090393715613172e+05   0.000000000000000000e+00   0.000000000000000000e+00
 -7.200000000000000000e+04  -4.351036363860880956e+05   0.000000000000000000e+00   0.000000000000000000e+00
 -7.300000000000000000e+04  -4.421540555396833806e+05   0.000000000000000000e+00   0.000000000000000000e+00
 -7.400000000000000000e+04  -4.444875439874302247e+05   0.000000000000000000e+00   0.000000000000000000e+00
 -7.500000000000000000e+04  -4.476455535577827250e+05   0.000000000000000000e+00   0.000000000000000000e+00
 -7.600000000000000000e+04  -4.498846681317653856e+05   0.000000000000000000e+00   0.000000000000000000e+00
 -7.700000000000000000e+04  -4.557393851663608220e+05   0.000000000000000000e+00   0.000000000000000000e+00
 -7.800000000000000000e+04  -4.607872776901838952e+05   0.000000000000000000e+00   0.000000000000000000e+00
 -7.900000000000000000e+04  -4.690528128864198807e+05   0.000000000000000000e+00   0.000000000000000000e+00
 -8.000000000000000000e+04  -4.717040557822804549e+05   0.000000000000000000e+00   0.000000000000000000e+00
 -8.100000000000000000e+04  -4.767163045896898257e+05   0.000000000000000000e+00   0.000000000000000000e+00
 -8.200000000000000000e+04  -4.784810902318564476e+05   0.000000000000000000e+00   0.000000000000000000e+00
 -8.300000000000000000e+04  -4.813861935533804353e+05   0.000000000000000000e+00   0.000000000000000000e+00
 -8.400000000000000000e+04  -4.830774067989781615e+05   0.000000000000000000e+00   0.000000000000000000e+00
 -8.500000000000000000e+04  -4.858437374695068575e+05   0.000000000000000000e+00   0.000000000000000000e+00
 -8.600000000000000000e+04  -4.881784354952895665e+05   0.000000000000000000e+00   0.000000000000000000e+00
 -8.700000000000000000e+04  -4.937273351981249289e+05   0.000000000000000000e+00   0.000000000000000000e+00
 -8.800000000000000000e+04  -4.957043040787214413e+05   0.000000000000000000e+00   0.000000000000000000e+00
 -8.900000000000000000e+04  -4.972286374573435169e+05   0.000000000000000000e+00   0.000000000000000000e+00
 -9.000000000000000000e+04  -5.047725814655957511e+05   0.000000000000000000e+00   0.000000000000000000e+00
 -9.100000000000000000e+04  -5.061327730716243968e+05   0.000000000000000000e+00   0.000000000000000000e+00
 -9.200000000000000000e+04  -5.075850035790079273e+05   0.000000000000000000e+00   0.000000000000000000e+00
 -9.300000000000000000e+04  -5.107665758417666075e+05   0.000000000000000000e+00   0.000000000000000000e+00
 -9.400000000000000000e+04  -5.122656045775316888e+05   0.000000000000000000e+00   0.000000000000000000e+00
 -9.500000000000000000e+04  -5.139571961902473704e+05   0.000000000000000000e+00   0.000000000000000000e+00
 -9.600000000000000000e+04  -5.187032494127998361e+05   0.000000000000000000e+00   0.000000000000000000e+00
 -9.700000000000000000e+04  -5.199822235099961399e+05   0.000000000000000000e+00   0.000000000000000000e+00
 -9.800000000000000000e+04  -5.212579262405238114e+05   0.000000000000000000e+00   0.000000000000000000e+00
 -9.900000000000000000e+04  -5.229892244402816286e+05   0.000000000000000000e+00   0.000000000000000000e+00
 -1.000000000000000000e+05  -5.290920542117486475e+05   0.000000000000000000e+00   0.000000000000000000e+00
 -1.010000000000000000e+05  -5.303375009272444295e+05   0.000000000000000000e+00   0.000000000000000000e+00
 -1.020000000000000000e+05  -5.339985842385983560e+05   0.000000000000000000e+00   0.000000000000000000e+00
 -1.030000000000000000e+05  -5.350888638228663476e+05   0.000000000000000000e+00   0.000000000000000000e+00
 -1.040000000000000000e+05  -5.361995373643091880e+05   0.000000000000000000e+00   0.000000000000000000e+00
 -1.050000000000000000e+05  -5.390968229353424395e+05   0.000000000000000000e+00   0.000000000000000000e+00
 -1.060000000000000000e+05  -5.406308423841809854e+05   0.000000000000000000e+00   0.000000000000000000e+00
 -1.070000000000000000e+05  -5.434007577858270379e+05   0.000000000000000000e+00   0.000000000000000000e+00
 -1.080000000000000000e+05  -5.448007029094339814e+05   0.000000000000000000e+00   0.000000000000000000e+00
 -1.090000000000000000e+05  -5.496632004887429066e+05   0.000000000000000000e+00   0.000000000000000000e+00
 -1.100000000000000000e+05  -5.508588242300527636e+05   0.000000000000000000e+00   0.000000000000000000e+00
 -1.110000000000000000e+05  -5.518475386572163552e+05   0.000000000000000000e+00   0.000000000000000000e+00
 -1.120000000000000000e+05  -5.535107385986291338e+05   0.000000000000000000e+00   0.000000000000000000e+00
 -1.130000000000000000e+05  -5.544989361363335047e+05   0.000000000000000000e+00   0.000000000000000000e+00
 -1.140000000000000000e+05  -5.555522852762332186e+05   0.000000000000000000e+00   0.000000000000000000e+00
 -1.150000000000000000e+05  -5.630777959927677875e+05   0.000000000000000000e+00   0.000000000000000000e+00
 -1.160000000000000000e+05  -5.638937618298936868e+05   0.000000000000000000e+00   0.000000000000000000e+00
 -1.170000000000000000e+05  -5.646238674453768181e+05   0.000000000000000000e+00   0.000000000000000000e+00
 -1.180000000000000000e+05  -5.654488074980851961e+05   0.000000000000000000e+00   0.000000000000000000e+00
 -1.190000000000000000e+05  -5.661152866120662075e+05   0.000000000000000000e+00   0.000000000000000000e+00
 -1.200000000000000000e+05  -5.667504574728440493e+05   0.000000000000000000e+00   0.000000000000000000e+00
 -1.210000000000000000e+05  -5.673972339442508528e+05   0.000000000000000000e+00   0.000000000000000000e+00
 -1.220000000000000000e+05  -5.707616631924997782e+05   0.000000000000000000e+00   0.000000000000000000e+00
 -1.230000000000000000e+05  -5.713535963701816509e+05   0.000000000000000000e+00   0.000000000000000000e+00
 -1.240000000000000000e+05  -5.721440853505600244e+05   0.000000000000000000e+00   0.000000000000000000e+00
 -1.250000000000000000e+05  -5.727082345849185949e+05   0.000000000000000000e+00   0.000000000000000000e+00
 -1.260000000000000000e+05  -5.732393090260360623e+05   0.000000000000000000e+00   0.000000000000000000e+00
 -1.270000000000000000e+05  -5.737561522583527258e+05   0.000000000000000000e+00   0.000000000000000000e+00
 -1.280000000000000000e+05  -5.741497981955733849e+05   0.000000000000000000e+00   0.000000000000000000e+00
 -1.290000000000000000e+05  -5.746494260026934789e+05   0.000000000000000000e+00   0.000000000000000000e+00
 -1.300000000000000000e+05  -5.750551161946208449e+05   0.000000000000000000e+00   0.000000000000000000e+00
 -1.310000000000000000e+05  -5.755828526492187520e+05   0.000000000000000000e+00   0.000000000000000000e+00
 -1.320000000000000000e+05  -5.763048108757401351e+05   0.000000000000000000e+00   0.000000000000000000e+00
 -1.330000000000000000e+05  -5.767653101399230072e+05   0.000000000000000000e+00   0.000000000000000000e+00
 -1.340000000000000000e+05  -5.772136717415673193e+05   0.000000000000000000e+00   0.000000000000000000e+00
 -1.350000000000000000e+05  -5.776550461643728195e+05   0.000000000000000000e+00   0.000000000000000000e+00
 -1.360000000000000000e+05  -5.780954447415035684e+05   0.000000000000000000e+00   0.000000000000000000e+00
 -1.370000000000000000e+05  -5.785425912682171911e+05   0.000000000000000000e+00   0.000000000000000000e+00
 -1.380000000000000000e+05  -5.790078462572774151e+05   0.000000000000000000e+00   0.000000000000000000e+00
 -1.390000000000000000e+05  -5.813315398565675132e+05   0.000000000000000000e+00   0.000000000000000000e+00
 -1.400000000000000000e+05  -5.817594704420644557e+05   0.000000000000000000e+00   0.000000000000000000e+00
 -1.410000000000000000e+05  -5.821858168268646114e+05   0.000000000000000000e+00   0.000000000000000000e+00
 -1.420000000000000000e+05  -5.825989438064146088e+05   0.000000000000000000e+00   0.000000000000000000e+00
 -1.430000000000000000e+05  -5.830004875207116129e+05   0.000000000000000000e+00   0.000000000000000000e+00
 -1.440000000000000000e+05  -5.833941487290747464e+05   0.000000000000000000e+00   0.000000000000000000e+00
 -1.450000000000000000e+05  -5.837848732534758747e+05   0.000000000000000000e+00   0.000000000000000000e+00
 -1.460000000000000000e+05  -5.841777044390705414e+05   0.000000000000000000e+00   0.000000000000000000e+00
 -1.470000000000000000e+05  -5.845753615933416877e+05   0.000000000000000000e+00   0.000000000000000000e+00
 -1.480000000000000000e+05  -5.849755487325720023e+05   0.000000000000000000e+00   0.000000000000000000e+00
 -1.490000000000000000e+05  -5.853809154512814712e+05   0.000000000000000000e+00   0.000000000000000000e+00
 -1.500000000000000000e+05  -5.858275403820018983e+05   0.000000000000000000e+00   0.000000000000000000e+00
 -1.510000000000000000e+05  -5.881244412284924183e+05   0.000000000000000000e+00   0.000000000000000000e+00
 -1.520000000000000000e+05  -5.883725865328160580e+05   0.000000000000000000e+00   0.000000000000000000e+00
 -1.530000000000000000e+05  -5.886141454017859651e+05   0.000000000000000000e+00   0.000000000000000000e+00
 -1.540000000000000000e+05  -5.888495209088379052e+05   0.000000000000000000e+00   0.000000000000000000e+00
 -1.550000000000000000e+05  -5.890790481944031781e+05   0.000000000000000000e+00   0.000000000000000000e+00
 -1.560000000000000000e+05  -5.893030114532385487e+05   0.000000000000000000e+00   0.000000000000000000e+00
 -1.570000000000000000e+05  -5.895216583511405624e+05   0.000000000000000000e+00   0.000000000000000000e+00
 -1.580000000000000000e+05  -5.897352105965927476e+05   0.000000000000000000e+00   0.000000000000000000e+00
 -1.590000000000000000e+05  -5.899438717886316590e+05   0.000000000000000000e+00   0.000000000000000000e+00
 -1.600000000000000000e+05  -5.901478318222380476e+05   0.000000000000000000e+00   0.000000000000000000e+00
 -1.610000000000000000e+05  -5.903472702524660854e+05   0.000000000000000000e+00   0.000000000000000000e+00
 -1.620000000000000000e+05  -5.905423579015957657e+05   0.000000000000000000e+00   0.000000000000000000e+00
 -1.630000000000000000e+05  -5.907332577480674954e+05   0.000000000000000000e+00   0.000000000000000000e+00
 -1.640000000000000000e+05  -5.909201255009084707e+05   0.000000000000000000e+00   0.000000000000000000e+00
 -1.650000000000000000e+05  -5.911031099946983159e+05   0.000000000000000000e+00   0.000000000000000000e+00
 -1.660000000000000000e+05  -5.912823538339188090e+05   0.000000000000000000e+00   0.000000000000000000e+00
 -1.670000000000000000e+05  -5.914579926820574328e+05   0.000000000000000000e+00   0.000000000000000000e+00
 -1.680000000000000000e+05  -5.916301548023887444e+05   0.000000000000000000e+00   0.000000000000000000e+00
 -1.690000000000000000e+05  -5.917989633206587750e+05   0.000000000000000000e+00   0.000000000000000000e+00
 -1.700000000000000000e+05  -5.919645351128911134e+05   0.000000000000000000e+00   0.000000000000000000e+00
 -1.710000000000000000e+05  -5.921269813209619606e+05   0.000000000000000000e+00   0.000000000000000000e+00
 -1.720000000000000000e+05  -5.922864078209175495e+05   0.000000000000000000e+00   0.000000000000000000e+00
 -1.730000000000000000e+05  -5.924429150811712025e+05   0.000000000000000000e+00   0.000000000000000000e+00
 -1.740000000000000000e+05  -5.925965985221947776e+05   0.000000000000000000e+00   0.000000000000000000e+00
 -1.750000000000000000e+05  -5.927475489301102934e+05   0.000000000000000000e+00   0.000000000000000000e+00
 -1.760000000000000000e+05  -5.928958527080731001e+05   0.000000000000000000e+00   0.000000000000000000e+00
 -1.770000000000000000e+05  -5.930415919961208710e+05   0.000000000000000000e+00   0.000000000000000000e+00
 -1.780000000000000000e+05  -5.931848448701305315e+05   0.000000000000000000e+00   0.000000000000000000e+00
 -1.790000000000000000e+05  -5.933256859557854477e+05   0.000000000000000000e+00   0.000000000000000000e+00
 -1.800000000000000000e+05  -5.934641862731754081e+05   0.000000000000000000e+00   0.000000000000000000e+00
 -1.810000000000000000e+05  -5.936004135235321010e+05   0.000000000000000000e+00   0.000000000000000000e+00
 -1.820000000000000000e+05  -5.937344324090966256e+05   0.000000000000000000e+00   0.000000000000000000e+00
 -1.830000000000000000e+05  -5.938663047596099786e+05   0.000000000000000000e+00   0.000000000000000000e+00
 -1.840000000000000000e+05  -5.939960897625079378e+05   0.000000000000000000e+00   0.000000000000000000e+00
 -1.850000000000000000e+05  -5.941238440159733873e+05   0.000000000000000000e+00   0.000000000000000000e+00
 -1.860000000000000000e+05  -5.942496216344166314e+05   0.000000000000000000e+00   0.000000000000000000e+00
 -1.870000000000000000e+05  -5.943734747028970160e+05   0.000000000000000000e+00   0.000000000000000000e+00
 -1.880000000000000000e+05  -5.944954530913175549e+05   0.000000000000000000e+00   0.000000000000000000e+00
 -1.890000000000000000e+05  -5.946156045825799229e+05   0.000000000000000000e+00   0.000000000000000000e+00
 -1.900000000000000000e+05  -5.947339752850475488e+05   0.000000000000000000e+00   0.000000000000000000e+00
 -1.910000000000000000e+05  -5.948506094344935846e+05   0.000000000000000000e+00   0.000000000000000000e+00
 -1.920000000000000000e+05  -5.949655494963607052e+05   0.000000000000000000e+00   0.000000000000000000e+00
 -1.930000000000000000e+05  -5.950788365444446681e+05   0.000000000000000000e+00   0.000000000000000000e+00
 -1.940000000000000000e+05  -5.951905100069927284e+05   0.000000000000000000e+00   0.000000000000000000e+00
 -1.950000000000000000e+05  -5.953006079363487661e+05   0.000000000000000000e+00   0.000000000000000000e+00
 -1.960000000000000000e+05  -5.954091670801830478e+05   0.000000000000000000e+00   0.000000000000000000e+00
 -1.970000000000000000e+05  -5.955162228083284572e+05   0.000000000000000000e+00   0.000000000000000000e+00
 -1.980000000000000000e+05  -5.956218093168915948e+05   0.000000000000000000e+00   0.000000000000000000e+00
 -1.990000000000000000e+05  -5.957259596397629939e+05   0.000000000000000000e+00   0.000000000000000000e+00
 -2.000000000000000000e+05  -5.958287057036258047e+05   0.000000000000000000e+00   0.000000000000000000e+00
