  0.000000000000000000e+00   8.599999999999994179e+05   0.000000000000000000e+00   0.000000000000000000e+00   0.000000000000000000e+00   0.000000000000000000e+00
  0.000000000000000000e+00   8.599999999999994179e+05   0.000000000000000000e+00   0.000000000000000000e+00   0.000000000000000000e+00   0.000000000000000000e+00
  1.500000000000000000e+05   8.428911706239571795e+05   0.000000000000000000e+00  -8.120240222359122527e+03   0.000000000000000000e+00  -7.091879102920584046e+03
  1.500000000000000000e+05   8.428911706239571795e+05   0.000000000000000000e+00  -8.120240222359122527e+03   0.000000000000000000e+00  -7.091879102920584046e+03
  1.490000000000000000e+05   8.426867041218212107e+05   0.000000000000000000e+00  -8.206153671715488599e+03   0.000000000000000000e+00  -7.100546230385194576e+03
  1.490000000000000000e+05   8.426867041218212107e+05   0.000000000000000000e+00  -8.206153671715488599e+03   0.000000000000000000e+00  -7.100546230385194576e+03
  1.480000000000000000e+05   8.424777639792928239e+05   0.000000000000000000e+00  -8.293238377786183264e+03   0.000000000000000000e+00  -7.109152709837429938e+03
  1.480000000000000000e+05   8.424777639792928239e+05   0.000000000000000000e+00  -8.293238377786183264e+03   0.000000000000000000e+00  -7.109152709837429938e+03
  1.470000000000000000e+05   8.422641787770573283e+05   0.000000000000000000e+00  -8.381509706574199299e+03   0.000000000000000000e+00  -7.117692663759666175e+03
  1.470000000000000000e+05   8.422641787770573283e+05   0.000000000000000000e+00  -8.381509706574199299e+03   0.000000000000000000e+00  -7.117692663759666175e+03
  1.460000000000000000e+05   8.420457635697965743e+05   0.000000000000000000e+00  -8.470989944179893428e+03   0.000000000000000000e+00  -7.126167428965522959e+03
  1.460000000000000000e+05   8.420457635697965743e+05   0.000000000000000000e+00  -8.470989944179893428e+03   0.000000000000000000e+00  -7.126167428965522959e+03
  1.450000000000000000e+05   8.418223163059613435e+05   0.000000000000000000e+00  -8.561701614546605924e+03   0.000000000000000000e+00  -7.134579320914836899e+03
  1.450000000000000000e+05   8.418223163059613435e+05   0.000000000000000000e+00  -8.561701614546605924e+03   0.000000000000000000e+00  -7.134579320914836899e+03
  1.440000000000000000e+05   8.415936150289296638e+05   0.000000000000000000e+00  -8.653667006319248685e+03   0.000000000000000000e+00  -7.142932001433120604e+03
  1.440000000000000000e+05   8.415936150289296638e+05   0.000000000000000000e+00  -8.653667006319248685e+03   0.000000000000000000e+00  -7.142932001433120604e+03
  1.430000000000000000e+05   8.413594144378155470e+05   0.000000000000000000e+00  -8.746907891532811846e+03   0.000000000000000000e+00  -7.151230864452038986e+03
  1.430000000000000000e+05   8.413594144378155470e+05   0.000000000000000000e+00  -8.746907891532811846e+03   0.000000000000000000e+00  -7.151230864452038986e+03
  1.420000000000000000e+05   8.411194408733107848e+05   0.000000000000000000e+00  -8.841444425971212695e+03   0.000000000000000000e+00  -7.159483160631251849e+03
  1.420000000000000000e+05   8.411194408733107848e+05   0.000000000000000000e+00  -8.841444425971212695e+03   0.000000000000000000e+00  -7.159483160631251849e+03
  1.410000000000000000e+05   8.408733869047497865e+05   0.000000000000000000e+00  -8.937294266720873566e+03   0.000000000000000000e+00  -7.167698596413185442e+03
  1.410000000000000000e+05   8.408733869047497865e+05   0.000000000000000000e+00  -8.937294266720873566e+03   0.000000000000000000e+00  -7.167698596413185442e+03
  1.400000000000000000e+05   8.406209044985468499e+05   0.000000000000000000e+00  -9.034471529429143629e+03   0.000000000000000000e+00  -7.175889877275401886e+03
  1.400000000000000000e+05   8.406209044985468499e+05   0.000000000000000000e+00  -9.034471529429143629e+03   0.000000000000000000e+00  -7.175889877275401886e+03
  1.390000000000000000e+05   8.403615956887326902e+05   0.000000000000000000e+00  -9.132984317548985928e+03   0.000000000000000000e+00  -7.184073309821194925e+03
  1.390000000000000000e+05   8.403615956887326902e+05   0.000000000000000000e+00  -9.132984317548985928e+03   0.000000000000000000e+00  -7.184073309821194925e+03
  1.380000000000000000e+05   8.400950022136565531e+05   0.000000000000000000e+00  -9.232832946746251764e+03   0.000000000000000000e+00  -7.192269619605910520e+03
  1.380000000000000000e+05   8.400950022136565531e+05   0.000000000000000000e+00  -9.232832946746251764e+03   0.000000000000000000e+00  -7.192269619605910520e+03
  1.370000000000000000e+05   8.398205913318868261e+05   0.000000000000000000e+00  -9.334005942902182142e+03   0.000000000000000000e+00  -7.200504985443300029e+03
  1.370000000000000000e+05   8.398205913318868261e+05   0.000000000000000000e+00  -9.334005942902182142e+03   0.000000000000000000e+00  -7.200504985443300029e+03
  1.360000000000000000e+05   8.395377397443776717e+05   0.000000000000000000e+00  -9.436476162598408337e+03   0.000000000000000000e+00  -7.208812016152287470e+03
  1.360000000000000000e+05   8.395377397443776717e+05   0.000000000000000000e+00  -9.436476162598408337e+03   0.000000000000000000e+00  -7.208812016152287470e+03
  1.350000000000000000e+05   8.392457133940856438e+05   0.000000000000000000e+00  -9.540194640174791857e+03   0.000000000000000000e+00  -7.217231022440662855e+03
  1.350000000000000000e+05   8.392457133940856438e+05   0.000000000000000000e+00  -9.540194640174791857e+03   0.000000000000000000e+00  -7.217231022440662855e+03
  1.340000000000000000e+05   8.389436444278049748e+05   0.000000000000000000e+00  -9.645083224484074890e+03   0.000000000000000000e+00  -7.225811261313601790e+03
  1.340000000000000000e+05   8.389436444278049748e+05   0.000000000000000000e+00  -9.645083224484074890e+03   0.000000000000000000e+00  -7.225811261313601790e+03
  1.330000000000000000e+05   8.386305063358364860e+05   0.000000000000000000e+00  -9.751025241888964956e+03   0.000000000000000000e+00  -7.234611584921530266e+03
  1.330000000000000000e+05   8.386305063358364860e+05   0.000000000000000000e+00  -9.751025241888964956e+03   0.000000000000000000e+00  -7.234611584921530266e+03
  1.320000000000000000e+05   8.383050884591648355e+05   0.000000000000000000e+00  -9.857854926170190083e+03   0.000000000000000000e+00  -7.243701172219020009e+03
  1.320000000000000000e+05   8.383050884591648355e+05   0.000000000000000000e+00  -9.857854926170190083e+03   0.000000000000000000e+00  -7.243701172219020009e+03
  1.310000000000000000e+05   8.379659757737022592e+05   0.000000000000000000e+00  -9.965345966148363004e+03   0.000000000000000000e+00  -7.253158192938626598e+03
  1.310000000000000000e+05   8.379659757737022592e+05   0.000000000000000000e+00  -9.965345966148363004e+03   0.000000000000000000e+00  -7.253158192938626598e+03
  1.300000000000000000e+05   8.376115379222042393e+05   0.000000000000000000e+00  -1.007320183453536993e+04   0.000000000000000000e+00  -7.263067097360911248e+03
  1.300000000000000000e+05   8.376115379222042393e+05   0.000000000000000000e+00  -1.007320183453536993e+04   0.000000000000000000e+00  -7.263067097360911248e+03
  1.290000000000000000e+05   8.372399336216333322e+05   0.000000000000000000e+00  -1.018105007002302955e+04   0.000000000000000000e+00  -7.273512967185040907e+03
  1.290000000000000000e+05   8.372399336216333322e+05   0.000000000000000000e+00  -1.018105007002302955e+04   0.000000000000000000e+00  -7.273512967185040907e+03
  1.280000000000000000e+05   8.368491281075612642e+05   0.000000000000000000e+00  -1.028844573056472291e+04   0.000000000000000000e+00  -7.284574064009214453e+03
  1.280000000000000000e+05   8.368491281075612642e+05   0.000000000000000000e+00  -1.028844573056472291e+04   0.000000000000000000e+00  -7.284574064009214453e+03
  1.270000000000000000e+05   8.364369094222905114e+05   0.000000000000000000e+00  -1.039488364721588914e+04   0.000000000000000000e+00  -7.296312834699015184e+03
  1.270000000000000000e+05   8.364369094222905114e+05   0.000000000000000000e+00  -1.039488364721588914e+04   0.000000000000000000e+00  -7.296312834699015184e+03
  1.260000000000000000e+05   8.360008650778284064e+05   0.000000000000000000e+00  -1.049982322899745304e+04   0.000000000000000000e+00  -7.308770225197405125e+03
  1.260000000000000000e+05   8.360008650778284064e+05   0.000000000000000000e+00  -1.049982322899745304e+04   0.000000000000000000e+00  -7.308770225197405125e+03
  1.250000000000000000e+05   8.355382655301886844e+05   0.000000000000000000e+00  -1.060272407128381747e+04   0.000000000000000000e+00  -7.321965641399413471e+03
  1.250000000000000000e+05   8.355382655301886844e+05   0.000000000000000000e+00  -1.060272407128381747e+04   0.000000000000000000e+00  -7.321965641399413471e+03
  1.240000000000000000e+05   8.350457970301141031e+05   0.000000000000000000e+00  -1.070311876951893282e+04   0.000000000000000000e+00  -7.335905491811430693e+03
  1.240000000000000000e+05   8.350457970301141031e+05   0.000000000000000000e+00  -1.070311876951893282e+04   0.000000000000000000e+00  -7.335905491811430693e+03
  1.230000000000000000e+05   8.345191177644296549e+05   0.000000000000000000e+00  -1.080084188734698182e+04   0.000000000000000000e+00  -7.350595857572073328e+03
  1.230000000000000000e+05   8.345191177644296549e+05   0.000000000000000000e+00  -1.080084188734698182e+04   0.000000000000000000e+00  -7.350595857572073328e+03
  1.220000000000000000e+05   8.339520928580586333e+05   0.000000000000000000e+00  -1.089711472973891068e+04   0.000000000000000000e+00  -7.366067978379999659e+03
  1.220000000000000000e+05   8.339520928580586333e+05   0.000000000000000000e+00  -1.089711472973891068e+04   0.000000000000000000e+00  -7.366067978379999659e+03
  1.210000000000000000e+05   8.333343192790349713e+05   0.000000000000000000e+00  -1.100027873154592999e+04   0.000000000000000000e+00  -7.382386784988814725e+03
  1.210000000000000000e+05   8.333343192790349713e+05   0.000000000000000000e+00  -1.100027873154592999e+04   0.000000000000000000e+00  -7.382386784988814725e+03
  1.200000000000000000e+05   8.326394105694823666e+05   0.000000000000000000e+00  -1.113576188924851158e+04   0.000000000000000000e+00  -7.398508332905251336e+03
  1.200000000000000000e+05   8.326394105694823666e+05   0.000000000000000000e+00  -1.113576188924851158e+04   0.000000000000000000e+00  -7.398508332905251336e+03
  1.190000000000000000e+05   8.318975096264539752e+05   0.000000000000000000e+00  -1.124982079973144391e+04   0.000000000000000000e+00  -7.412272827310547655e+03
  1.190000000000000000e+05   8.318975096264539752e+05   0.000000000000000000e+00  -1.124982079973144391e+04   0.000000000000000000e+00  -7.412272827310547655e+03
  1.180000000000000000e+05   8.311229649077425711e+05   0.000000000000000000e+00  -1.134301481034286371e+04   0.000000000000000000e+00  -7.424639976884102907e+03
  1.180000000000000000e+05   8.311229649077425711e+05   0.000000000000000000e+00  -1.134301481034286371e+04   0.000000000000000000e+00  -7.424639976884102907e+03
  1.170000000000000000e+05   8.303121165316099068e+05   0.000000000000000000e+00  -1.142437473115018656e+04   0.000000000000000000e+00  -7.435778244849037037e+03
  1.170000000000000000e+05   8.303121165316099068e+05   0.000000000000000000e+00  -1.142437473115018656e+04   0.000000000000000000e+00  -7.435778244849037037e+03
  1.160000000000000000e+05   8.294578602745764656e+05   0.000000000000000000e+00  -1.149498360467667408e+04   0.000000000000000000e+00  -7.445842000344682674e+03
  1.160000000000000000e+05   8.294578602745764656e+05   0.000000000000000000e+00  -1.149498360467667408e+04   0.000000000000000000e+00  -7.445842000344682674e+03
  1.150000000000000000e+05   8.285287245679560583e+05   0.000000000000000000e+00  -1.155485772193290359e+04   0.000000000000000000e+00  -7.454936297602986997e+03
  1.150000000000000000e+05   8.285287245679560583e+05   0.000000000000000000e+00  -1.155485772193290359e+04   0.000000000000000000e+00  -7.454936297602986997e+03
  1.140000000000000000e+05   8.270196099759623175e+05   0.000000000000000000e+00  -1.167124569194680589e+04   0.000000000000000000e+00  -7.461718238601008125e+03
  1.140000000000000000e+05   8.270196099759623175e+05   0.000000000000000000e+00  -1.167124569194680589e+04   0.000000000000000000e+00  -7.461718238601008125e+03
  1.130000000000000000e+05   8.260996784026684472e+05   0.000000000000000000e+00  -1.171119985178410570e+04   0.000000000000000000e+00  -7.472589062466962787e+03
  1.130000000000000000e+05   8.260996784026684472e+05   0.000000000000000000e+00  -1.171119985178410570e+04   0.000000000000000000e+00  -7.472589062466962787e+03
  1.120000000000000000e+05   8.250965384843308711e+05   0.000000000000000000e+00  -1.163873946430772776e+04   0.000000000000000000e+00  -7.490900557657800164e+03
  1.120000000000000000e+05   8.250965384843308711e+05   0.000000000000000000e+00  -1.163873946430772776e+04   0.000000000000000000e+00  -7.490900557657800164e+03
  1.110000000000000000e+05   8.240217730655595660e+05   0.000000000000000000e+00  -1.152406260449915135e+04   0.000000000000000000e+00  -7.513925020685518575e+03
  1.110000000000000000e+05   8.240217730655595660e+05   0.000000000000000000e+00  -1.152406260449915135e+04   0.000000000000000000e+00  -7.513925020685518575e+03
  1.100000000000000000e+05   8.230383522215920966e+05   0.000000000000000000e+00  -1.153368570849735079e+04   0.000000000000000000e+00  -7.526684945328051981e+03
  1.100000000000000000e+05   8.230383522215920966e+05   0.000000000000000000e+00  -1.153368570849735079e+04   0.000000000000000000e+00  -7.526684945328051981e+03
  1.090000000000000000e+05   8.220618015820913715e+05   0.000000000000000000e+00  -1.157123517963282029e+04   0.000000000000000000e+00  -7.536496528254807345e+03
  1.090000000000000000e+05   8.220618015820913715e+05   0.000000000000000000e+00  -1.157123517963282029e+04   0.000000000000000000e+00  -7.536496528254807345e+03
  1.080000000000000000e+05   8.210750394154128153e+05   0.000000000000000000e+00  -1.162309701498204231e+04   0.000000000000000000e+00  -7.544587576250693019e+03
  1.080000000000000000e+05   8.210750394154128153e+05   0.000000000000000000e+00  -1.162309701498204231e+04   0.000000000000000000e+00  -7.544587576250693019e+03
  1.070000000000000000e+05   8.200685502926398767e+05   0.000000000000000000e+00  -1.168463337049704387e+04   0.000000000000000000e+00  -7.551529866188208871e+03
  1.070000000000000000e+05   8.200685502926398767e+05   0.000000000000000000e+00  -1.168463337049704387e+04   0.000000000000000000e+00  -7.551529866188208871e+03
  1.060000000000000000e+05   8.190334955865963129e+05   0.000000000000000000e+00  -1.175367655310827104e+04   0.000000000000000000e+00  -7.557833688544629695e+03
  1.060000000000000000e+05   8.190334955865963129e+05   0.000000000000000000e+00  -1.175367655310827104e+04   0.000000000000000000e+00  -7.557833688544629695e+03
  1.050000000000000000e+05   8.179577540392132942e+05   0.000000000000000000e+00  -1.182939697704662285e+04   0.000000000000000000e+00  -7.564424932691731556e+03
  1.050000000000000000e+05   8.179577540392132942e+05   0.000000000000000000e+00  -1.182939697704662285e+04   0.000000000000000000e+00  -7.564424932691731556e+03
  1.040000000000000000e+05   8.168106927396948449e+05   0.000000000000000000e+00  -1.191319875663984567e+04   0.000000000000000000e+00  -7.574181959096952596e+03
  1.040000000000000000e+05   8.168106927396948449e+05   0.000000000000000000e+00  -1.191319875663984567e+04   0.000000000000000000e+00  -7.574181959096952596e+03
  1.030000000000000000e+05   8.144155985038086073e+05   0.000000000000000000e+00  -1.230898191799881897e+04   0.000000000000000000e+00  -7.743042210726461235e+03
  1.030000000000000000e+05   8.144155985038086073e+05   0.000000000000000000e+00  -1.230898191799881897e+04   0.000000000000000000e+00  -7.743042210726461235e+03
  1.020000000000000000e+05   8.133447157145539531e+05   0.000000000000000000e+00  -1.242854629353409655e+04   0.000000000000000000e+00  -7.740632462420304364e+03
  1.020000000000000000e+05   8.133447157145539531e+05   0.000000000000000000e+00  -1.242854629353409655e+04   0.000000000000000000e+00  -7.740632462420304364e+03
  1.010000000000000000e+05   8.122406665152746718e+05   0.000000000000000000e+00  -1.254948735135313473e+04   0.000000000000000000e+00  -7.736219601386176691e+03
  1.010000000000000000e+05   8.122406665152746718e+05   0.000000000000000000e+00  -1.254948735135313473e+04   0.000000000000000000e+00  -7.736219601386176691e+03
  1.000000000000000000e+05   8.111045153514067642e+05   0.000000000000000000e+00  -1.267152765747892045e+04   0.000000000000000000e+00  -7.729974141384886934e+03
  1.000000000000000000e+05   8.111045153514067642e+05   0.000000000000000000e+00  -1.267152765747892045e+04   0.000000000000000000e+00  -7.729974141384886934e+03
  9.900000000000000000e+04   8.099436950339473551e+05   0.000000000000000000e+00  -1.279115921900237299e+04   0.000000000000000000e+00  -7.722037797167600729e+03
  9.900000000000000000e+04   8.099436950339473551e+05   0.000000000000000000e+00  -1.279115921900237299e+04   0.000000000000000000e+00  -7.722037797167600729e+03
  9.800000000000000000e+04   8.087677184621122433e+05   0.000000000000000000e+00  -1.290324515083920778e+04   0.000000000000000000e+00  -7.712464201320237407e+03
  9.800000000000000000e+04   8.087677184621122433e+05   0.000000000000000000e+00  -1.290324515083920778e+04   0.000000000000000000e+00  -7.712464201320237407e+03
  9.700000000000000000e+04   8.075801755642065546e+05   0.000000000000000000e+00  -1.300522721122684379e+04   0.000000000000000000e+00  -7.701142397344294295e+03
  9.700000000000000000e+04   8.075801755642065546e+05   0.000000000000000000e+00  -1.300522721122684379e+04   0.000000000000000000e+00  -7.701142397344294295e+03
  9.600000000000000000e+04   8.063786062658937881e+05   0.000000000000000000e+00  -1.309769884049656503e+04   0.000000000000000000e+00  -7.687940340857329829e+03
  9.600000000000000000e+04   8.063786062658937881e+05   0.000000000000000000e+00  -1.309769884049656503e+04   0.000000000000000000e+00  -7.687940340857329829e+03
  9.500000000000000000e+04   8.051587983566307230e+05   0.000000000000000000e+00  -1.318220477993948771e+04   0.000000000000000000e+00  -7.672663194231106900e+03
  9.500000000000000000e+04   8.051587983566307230e+05   0.000000000000000000e+00  -1.318220477993948771e+04   0.000000000000000000e+00  -7.672663194231106900e+03
  9.400000000000000000e+04   8.039167026876024902e+05   0.000000000000000000e+00  -1.326026296239954354e+04   0.000000000000000000e+00  -7.655173367516613325e+03
  9.400000000000000000e+04   8.039167026876024902e+05   0.000000000000000000e+00  -1.326026296239954354e+04   0.000000000000000000e+00  -7.655173367516613325e+03
  9.300000000000000000e+04   8.026488562326270621e+05   0.000000000000000000e+00  -1.333308365301607409e+04   0.000000000000000000e+00  -7.635378592067879254e+03
  9.300000000000000000e+04   8.026488562326270621e+05   0.000000000000000000e+00  -1.333308365301607409e+04   0.000000000000000000e+00  -7.635378592067879254e+03
  9.200000000000000000e+04   8.013521448822402162e+05   0.000000000000000000e+00  -1.340156544803960605e+04   0.000000000000000000e+00  -7.613154918511358119e+03
  9.200000000000000000e+04   8.013521448822402162e+05   0.000000000000000000e+00  -1.340156544803960605e+04   0.000000000000000000e+00  -7.613154918511358119e+03
  9.100000000000000000e+04   8.000237014979619998e+05   0.000000000000000000e+00  -1.346639762043534756e+04   0.000000000000000000e+00  -7.588400002377479723e+03
  9.100000000000000000e+04   8.000237014979619998e+05   0.000000000000000000e+00  -1.346639762043534756e+04   0.000000000000000000e+00  -7.588400002377479723e+03
  9.000000000000000000e+04   7.986607490781451343e+05   0.000000000000000000e+00  -1.352810503263298415e+04   0.000000000000000000e+00  -7.561014450783214670e+03
  9.000000000000000000e+04   7.986607490781451343e+05   0.000000000000000000e+00  -1.352810503263298415e+04   0.000000000000000000e+00  -7.561014450783214670e+03
  8.900000000000000000e+04   7.972604779585786164e+05   0.000000000000000000e+00  -1.358707872988760391e+04   0.000000000000000000e+00  -7.530886953745188293e+03
  8.900000000000000000e+04   7.972604779585786164e+05   0.000000000000000000e+00  -1.358707872988760391e+04   0.000000000000000000e+00  -7.530886953745188293e+03
  8.800000000000000000e+04   7.958199261222532950e+05   0.000000000000000000e+00  -1.364359802116560604e+04   0.000000000000000000e+00  -7.497883781775288298e+03
  8.800000000000000000e+04   7.958199261222532950e+05   0.000000000000000000e+00  -1.364359802116560604e+04   0.000000000000000000e+00  -7.497883781775288298e+03
  8.700000000000000000e+04   7.943357800414456287e+05   0.000000000000000000e+00  -1.369785275117386846e+04   0.000000000000000000e+00  -7.461835424190341655e+03
  8.700000000000000000e+04   7.943357800414456287e+05   0.000000000000000000e+00  -1.369785275117386846e+04   0.000000000000000000e+00  -7.461835424190341655e+03
  8.600000000000000000e+04   7.928041061936068581e+05   0.000000000000000000e+00  -1.374996240827188012e+04   0.000000000000000000e+00  -7.422505112727260894e+03
  8.600000000000000000e+04   7.928041061936068581e+05   0.000000000000000000e+00  -1.374996240827188012e+04   0.000000000000000000e+00  -7.422505112727260894e+03
  8.500000000000000000e+04   7.912199128541853279e+05   0.000000000000000000e+00  -1.379992907191714585e+04   0.000000000000000000e+00  -7.379523983575017155e+03
  8.500000000000000000e+04   7.912199128541853279e+05   0.000000000000000000e+00  -1.379992907191714585e+04   0.000000000000000000e+00  -7.379523983575017155e+03
  8.400000000000000000e+04   7.895766221316021401e+05   0.000000000000000000e+00  -1.384768556197185717e+04   0.000000000000000000e+00  -7.332373503140713183e+03
  8.400000000000000000e+04   7.895766221316021401e+05   0.000000000000000000e+00  -1.384768556197185717e+04   0.000000000000000000e+00  -7.332373503140713183e+03
  8.300000000000000000e+04   7.878655992749254219e+05   0.000000000000000000e+00  -1.389151423552490269e+04   0.000000000000000000e+00  -7.279929146325508555e+03
  8.300000000000000000e+04   7.878655992749254219e+05   0.000000000000000000e+00  -1.389151423552490269e+04   0.000000000000000000e+00  -7.279929146325508555e+03
  8.200000000000000000e+04   7.857901783311464824e+05   0.000000000000000000e+00  -1.366123470989002271e+04   0.000000000000000000e+00  -7.130561431471226570e+03
  8.200000000000000000e+04   7.857901783311464824e+05   0.000000000000000000e+00  -1.366123470989002271e+04   0.000000000000000000e+00  -7.130561431471226570e+03
  8.100000000000000000e+04   7.839414371440273244e+05   0.000000000000000000e+00  -1.370016481057921192e+04   0.000000000000000000e+00  -7.063724715913393084e+03
  8.100000000000000000e+04   7.839414371440273244e+05   0.000000000000000000e+00  -1.370016481057921192e+04   0.000000000000000000e+00  -7.063724715913393084e+03
  8.000000000000000000e+04   7.820590283312518150e+05   0.000000000000000000e+00  -1.373956580770976689e+04   0.000000000000000000e+00  -6.993477529807965766e+03
  8.000000000000000000e+04   7.820590283312518150e+05   0.000000000000000000e+00  -1.373956580770976689e+04   0.000000000000000000e+00  -6.993477529807965766e+03
  7.900000000000000000e+04   7.801394781587080797e+05   0.000000000000000000e+00  -1.380079821895665373e+04   0.000000000000000000e+00  -6.919088471095003115e+03
  7.900000000000000000e+04   7.801394781587080797e+05   0.000000000000000000e+00  -1.380079821895665373e+04   0.000000000000000000e+00  -6.919088471095003115e+03
  7.800000000000000000e+04   7.778613090209177462e+05   0.000000000000000000e+00  -1.606760554479339044e+04   0.000000000000000000e+00  -6.799521481119130840e+03
  7.800000000000000000e+04   7.778613090209177462e+05   0.000000000000000000e+00  -1.606760554479339044e+04   0.000000000000000000e+00  -6.799521481119130840e+03
  7.700000000000000000e+04   7.758709555564280599e+05   0.000000000000000000e+00  -1.615877155413787114e+04   0.000000000000000000e+00  -6.715897509928767249e+03
  7.700000000000000000e+04   7.758709555564280599e+05   0.000000000000000000e+00  -1.615877155413787114e+04   0.000000000000000000e+00  -6.715897509928767249e+03
  7.600000000000000000e+04   7.738624114921758883e+05   0.000000000000000000e+00  -1.623212747493096322e+04   0.000000000000000000e+00  -6.630497433029177955e+03
  7.600000000000000000e+04   7.738624114921758883e+05   0.000000000000000000e+00  -1.623212747493096322e+04   0.000000000000000000e+00  -6.630497433029177955e+03
  7.500000000000000000e+04   7.718208218599148095e+05   0.000000000000000000e+00  -1.629200840723543843e+04   0.000000000000000000e+00  -6.541952737780198731e+03
  7.500000000000000000e+04   7.718208218599148095e+05   0.000000000000000000e+00  -1.629200840723543843e+04   0.000000000000000000e+00  -6.541952737780198731e+03
  7.400000000000000000e+04   7.697309243373159552e+05   0.000000000000000000e+00  -1.634364662234736534e+04   0.000000000000000000e+00  -6.449073028667563449e+03
  7.400000000000000000e+04   7.697309243373159552e+05   0.000000000000000000e+00  -1.634364662234736534e+04   0.000000000000000000e+00  -6.449073028667563449e+03
  7.300000000000000000e+04   7.675740175077308668e+05   0.000000000000000000e+00  -1.639744309808128673e+04   0.000000000000000000e+00  -6.349966169530134721e+03
  7.300000000000000000e+04   7.675740175077308668e+05   0.000000000000000000e+00  -1.639744309808128673e+04   0.000000000000000000e+00  -6.349966169530134721e+03
  7.200000000000000000e+04   7.653134413317367435e+05   0.000000000000000000e+00  -1.649012013449778533e+04   0.000000000000000000e+00  -6.237409837059814890e+03
  7.200000000000000000e+04   7.653134413317367435e+05   0.000000000000000000e+00  -1.649012013449778533e+04   0.000000000000000000e+00  -6.237409837059814890e+03
  7.100000000000000000e+04   7.625079723379872739e+05   0.000000000000000000e+00  -1.729211346373178094e+04   0.000000000000000000e+00  -5.924679454109746075e+03
  7.100000000000000000e+04   7.625079723379872739e+05   0.000000000000000000e+00  -1.729211346373178094e+04   0.000000000000000000e+00  -5.924679454109746075e+03
  7.000000000000000000e+04   7.600959250933500007e+05   0.000000000000000000e+00  -1.734320382874748248e+04   0.000000000000000000e+00  -5.792685943706245780e+03
  7.000000000000000000e+04   7.600959250933500007e+05   0.000000000000000000e+00  -1.734320382874748248e+04   0.000000000000000000e+00  -5.792685943706245780e+03
  6.900000000000000000e+04   7.577275602017563069e+05   0.000000000000000000e+00  -1.740423747426153932e+04   0.000000000000000000e+00  -5.685408662121976704e+03
  6.900000000000000000e+04   7.577275602017563069e+05   0.000000000000000000e+00  -1.740423747426153932e+04   0.000000000000000000e+00  -5.685408662121976704e+03
  6.800000000000000000e+04   7.553633034648195608e+05   0.000000000000000000e+00  -1.747558795503287547e+04   0.000000000000000000e+00  -5.591047989341011089e+03
  6.800000000000000000e+04   7.553633034648195608e+05   0.000000000000000000e+00  -1.747558795503287547e+04   0.000000000000000000e+00  -5.591047989341011089e+03
  6.700000000000000000e+04   7.529871754665868357e+05   0.000000000000000000e+00  -1.754339904999596183e+04   0.000000000000000000e+00  -5.505314214925406304e+03
  6.700000000000000000e+04   7.529871754665868357e+05   0.000000000000000000e+00  -1.754339904999596183e+04   0.000000000000000000e+00  -5.505314214925406304e+03
  6.600000000000000000e+04   7.505715369177676039e+05   0.000000000000000000e+00  -1.756639338665682590e+04   0.000000000000000000e+00  -5.428393056928983242e+03
  6.600000000000000000e+04   7.505715369177676039e+05   0.000000000000000000e+00  -1.756639338665682590e+04   0.000000000000000000e+00  -5.428393056928983242e+03
  6.500000000000000000e+04   7.480391639098676387e+05   0.000000000000000000e+00  -1.740459690248575134e+04   0.000000000000000000e+00  -5.367730752799712718e+03
  6.500000000000000000e+04   7.480391639098676387e+05   0.000000000000000000e+00  -1.740459690248575134e+04   0.000000000000000000e+00  -5.367730752799712718e+03
  6.400000000000000000e+04   7.453864573468214367e+05   0.000000000000000000e+00  -1.706119377558535416e+04   0.000000000000000000e+00  -5.324005349378995561e+03
  6.400000000000000000e+04   7.453864573468214367e+05   0.000000000000000000e+00  -1.706119377558535416e+04   0.000000000000000000e+00  -5.324005349378995561e+03
  6.300000000000000000e+04   7.427453592100428650e+05   0.000000000000000000e+00  -1.683375297611314090e+04   0.000000000000000000e+00  -5.287444846405287535e+03
  6.300000000000000000e+04   7.427453592100428650e+05   0.000000000000000000e+00  -1.683375297611314090e+04   0.000000000000000000e+00  -5.287444846405287535e+03
  6.200000000000000000e+04   7.399632570556749124e+05   0.000000000000000000e+00  -1.694894545123319040e+04   0.000000000000000000e+00  -5.344460969938603739e+03
  6.200000000000000000e+04   7.399632570556749124e+05   0.000000000000000000e+00  -1.694894545123319040e+04   0.000000000000000000e+00  -5.344460969938603739e+03
  6.100000000000000000e+04   7.372117626308838371e+05   0.000000000000000000e+00  -1.687250589354611657e+04   0.000000000000000000e+00  -5.350972100117981427e+03
  6.100000000000000000e+04   7.372117626308838371e+05   0.000000000000000000e+00  -1.687250589354611657e+04   0.000000000000000000e+00  -5.350972100117981427e+03
  6.000000000000000000e+04   7.344421097662586253e+05   0.000000000000000000e+00  -1.665756177745438981e+04   0.000000000000000000e+00  -5.329252350830619434e+03
  6.000000000000000000e+04   7.344421097662586253e+05   0.000000000000000000e+00  -1.665756177745438981e+04   0.000000000000000000e+00  -5.329252350830619434e+03
  5.900000000000000000e+04   7.304353900188535918e+05   0.000000000000000000e+00  -1.294875913666367160e+04   0.000000000000000000e+00  -5.314863167231151238e+03
  5.900000000000000000e+04   7.304353900188535918e+05   0.000000000000000000e+00  -1.294875913666367160e+04   0.000000000000000000e+00  -5.314863167231151238e+03
  5.800000000000000000e+04   7.275572013408036437e+05   0.000000000000000000e+00  -1.300890503225053908e+04   0.000000000000000000e+00  -5.296536904938915541e+03
  5.800000000000000000e+04   7.275572013408036437e+05   0.000000000000000000e+00  -1.300890503225053908e+04   0.000000000000000000e+00  -5.296536904938915541e+03
  5.700000000000000000e+04   7.245865861761932028e+05   0.000000000000000000e+00  -1.309612636514558835e+04   0.000000000000000000e+00  -5.282122208284273256e+03
  5.700000000000000000e+04   7.245865861761932028e+05   0.000000000000000000e+00  -1.309612636514558835e+04   0.000000000000000000e+00  -5.282122208284273256e+03
  5.600000000000000000e+04   7.215340283991139149e+05   0.000000000000000000e+00  -1.319077258768485081e+04   0.000000000000000000e+00  -5.274713380307404805e+03
  5.600000000000000000e+04   7.215340283991139149e+05   0.000000000000000000e+00  -1.319077258768485081e+04   0.000000000000000000e+00  -5.274713380307404805e+03
  5.500000000000000000e+04   7.183894321695049293e+05   0.000000000000000000e+00  -1.328809093459509313e+04   0.000000000000000000e+00  -5.274657355998060666e+03
  5.500000000000000000e+04   7.183894321695049293e+05   0.000000000000000000e+00  -1.328809093459509313e+04   0.000000000000000000e+00  -5.274657355998060666e+03
  5.400000000000000000e+04   7.151066727895922959e+05   0.000000000000000000e+00  -1.338399753414028419e+04   0.000000000000000000e+00  -5.281919312525337773e+03
  5.400000000000000000e+04   7.151066727895922959e+05   0.000000000000000000e+00  -1.338399753414028419e+04   0.000000000000000000e+00  -5.281919312525337773e+03
  5.300000000000000000e+04   7.114414017528931145e+05   0.000000000000000000e+00  -1.338170501787686408e+04   0.000000000000000000e+00  -5.290322282022842046e+03
  5.300000000000000000e+04   7.114414017528931145e+05   0.000000000000000000e+00  -1.338170501787686408e+04   0.000000000000000000e+00  -5.290322282022842046e+03
  5.200000000000000000e+04   7.073618405603622086e+05   0.000000000000000000e+00  -1.289615637944194714e+04   0.000000000000000000e+00  -5.697644508547195983e+03
  5.200000000000000000e+04   7.073618405603622086e+05   0.000000000000000000e+00  -1.289615637944194714e+04   0.000000000000000000e+00  -5.697644508547195983e+03
  5.100000000000000000e+04   7.039461487861049827e+05   0.000000000000000000e+00  -1.334979703025976596e+04   0.000000000000000000e+00  -5.713391792236300716e+03
  5.100000000000000000e+04   7.039461487861049827e+05   0.000000000000000000e+00  -1.334979703025976596e+04   0.000000000000000000e+00  -5.713391792236300716e+03
  5.000000000000000000e+04   7.002134801566887181e+05   0.000000000000000000e+00  -1.438446930708711443e+04   0.000000000000000000e+00  -5.748606317718444188e+03
  5.000000000000000000e+04   7.002134801566887181e+05   0.000000000000000000e+00  -1.438446930708711443e+04   0.000000000000000000e+00  -5.748606317718444188e+03
  4.900000000000000000e+04   6.917903201705320971e+05   0.000000000000000000e+00  -1.361143751628135760e+04   0.000000000000000000e+00  -4.483503629538025052e+03
  4.900000000000000000e+04   6.917903201705320971e+05   0.000000000000000000e+00  -1.361143751628135760e+04   0.000000000000000000e+00  -4.483503629538025052e+03
  4.800000000000000000e+04   6.880749283410138451e+05   0.000000000000000000e+00  -1.338902567568174709e+04   0.000000000000000000e+00  -4.448757611256836753e+03
  4.800000000000000000e+04   6.880749283410138451e+05   0.000000000000000000e+00  -1.338902567568174709e+04   0.000000000000000000e+00  -4.448757611256836753e+03
  4.700000000000000000e+04   6.841291943114105379e+05   0.000000000000000000e+00  -1.322110013078092379e+04   0.000000000000000000e+00  -4.428422439457176552e+03
  4.700000000000000000e+04   6.841291943114105379e+05   0.000000000000000000e+00  -1.322110013078092379e+04   0.000000000000000000e+00  -4.428422439457176552e+03
  4.600000000000000000e+04   6.771923949175837915e+05   0.000000000000000000e+00  -1.397787381565413125e+04   0.000000000000000000e+00  -4.769023199833143735e+03
  4.600000000000000000e+04   6.771923949175837915e+05   0.000000000000000000e+00  -1.397787381565413125e+04   0.000000000000000000e+00  -4.769023199833143735e+03
  4.500000000000000000e+04   6.727788354042515857e+05   0.000000000000000000e+00  -1.352157535006338730e+04   0.000000000000000000e+00  -4.801018232488719150e+03
  4.500000000000000000e+04   6.727788354042515857e+05   0.000000000000000000e+00  -1.352157535006338730e+04   0.000000000000000000e+00  -4.801018232488719150e+03
  4.400000000000000000e+04   6.684111165995835327e+05   0.000000000000000000e+00  -1.300655818618956619e+04   0.000000000000000000e+00  -4.804041789137510932e+03
  4.400000000000000000e+04   6.684111165995835327e+05   0.000000000000000000e+00  -1.300655818618956619e+04   0.000000000000000000e+00  -4.804041789137510932e+03
  4.300000000000000000e+04   6.622451347381236264e+05   0.000000000000000000e+00  -1.112605079149393896e+04   0.000000000000000000e+00  -4.635396454974638800e+03
  4.300000000000000000e+04   6.622451347381236264e+05   0.000000000000000000e+00  -1.112605079149393896e+04   0.000000000000000000e+00  -4.635396454974638800e+03
  4.200000000000000000e+04   6.557733406510764034e+05   0.000000000000000000e+00  -8.700470022512225114e+03   0.000000000000000000e+00  -4.956548731385562860e+03
  4.200000000000000000e+04   6.557733406510764034e+05   0.000000000000000000e+00  -8.700470022512225114e+03   0.000000000000000000e+00  -4.956548731385562860e+03
  4.100000000000000000e+04   6.437091669694392476e+05   0.000000000000000000e+00  -2.470967952754951511e+03   0.000000000000000000e+00  -5.691234783877153859e+03
  4.100000000000000000e+04   6.437091669694392476e+05   0.000000000000000000e+00  -2.470967952754951511e+03   0.000000000000000000e+00  -5.691234783877153859e+03
  4.000000000000000000e+04   6.393175291949354578e+05   0.000000000000000000e+00  -1.713268294119488019e+03   0.000000000000000000e+00  -5.627075743282262010e+03
  4.000000000000000000e+04   6.393175291949354578e+05   0.000000000000000000e+00  -1.713268294119488019e+03   0.000000000000000000e+00  -5.627075743282262010e+03
  3.900000000000000000e+04   6.348031121740879025e+05   0.000000000000000000e+00  -8.663579498202349214e+02   0.000000000000000000e+00  -5.563828242916386444e+03
  3.900000000000000000e+04   6.348031121740879025e+05   0.000000000000000000e+00  -8.663579498202349214e+02   0.000000000000000000e+00  -5.563828242916386444e+03
  3.800000000000000000e+04   6.300256548757032724e+05   0.000000000000000000e+00   1.296553039201151876e+02   0.000000000000000000e+00  -5.507773599909832228e+03
  3.800000000000000000e+04   6.300256548757032724e+05   0.000000000000000000e+00   1.296553039201151876e+02   0.000000000000000000e+00  -5.507773599909832228e+03
  3.700000000000000000e+04   6.217104268812800292e+05   0.000000000000000000e+00   2.610378099464320712e+03   0.000000000000000000e+00  -5.246728431242408988e+03
  3.700000000000000000e+04   6.217104268812800292e+05   0.000000000000000000e+00   2.610378099464320712e+03   0.000000000000000000e+00  -5.246728431242408988e+03
  3.600000000000000000e+04   6.166578616330546793e+05   0.000000000000000000e+00   3.459317967397522807e+03   0.000000000000000000e+00  -5.159451861023132551e+03
  3.600000000000000000e+04   6.166578616330546793e+05   0.000000000000000000e+00   3.459317967397522807e+03   0.000000000000000000e+00  -5.159451861023132551e+03
  3.500000000000000000e+04   6.090087273904132890e+05   0.000000000000000000e+00  -1.043875003982390808e+03   0.000000000000000000e+00  -4.361970458667216008e+03
  3.500000000000000000e+04   6.090087273904132890e+05   0.000000000000000000e+00  -1.043875003982390808e+03   0.000000000000000000e+00  -4.361970458667216008e+03
  3.400000000000000000e+04   6.043448342654255684e+05   0.000000000000000000e+00  -8.208200038196972628e+02   0.000000000000000000e+00  -4.232080430330831405e+03
  3.400000000000000000e+04   6.043448342654255684e+05   0.000000000000000000e+00  -8.208200038196972628e+02   0.000000000000000000e+00  -4.232080430330831405e+03
  3.300000000000000000e+04   5.995152480363403447e+05   0.000000000000000000e+00  -5.960708650467084908e+02   0.000000000000000000e+00  -4.099779088455600686e+03
  3.300000000000000000e+04   5.995152480363403447e+05   0.000000000000000000e+00  -5.960708650467084908e+02   0.000000000000000000e+00  -4.099779088455600686e+03
  3.200000000000000000e+04   5.945809852241470944e+05   0.000000000000000000e+00  -2.925516458874053001e+02   0.000000000000000000e+00  -3.969949663147642241e+03
  3.200000000000000000e+04   5.945809852241470944e+05   0.000000000000000000e+00  -2.925516458874053001e+02   0.000000000000000000e+00  -3.969949663147642241e+03
  3.100000000000000000e+04   5.895982907002053689e+05   0.000000000000000000e+00   6.405886207513508168e+01   0.000000000000000000e+00  -3.836658856751892927e+03
  3.100000000000000000e+04   5.895982907002053689e+05   0.000000000000000000e+00   6.405886207513508168e+01   0.000000000000000000e+00  -3.836658856751892927e+03
  3.000000000000000000e+04   5.845174306745636277e+05   0.000000000000000000e+00   4.077111900541283376e+02   0.000000000000000000e+00  -3.700055320328436210e+03
  3.000000000000000000e+04   5.845174306745636277e+05   0.000000000000000000e+00   4.077111900541283376e+02   0.000000000000000000e+00  -3.700055320328436210e+03
  2.900000000000000000e+04   5.792647769073545933e+05   0.000000000000000000e+00   6.767594501913777094e+02   0.000000000000000000e+00  -3.558479265461975046e+03
  2.900000000000000000e+04   5.792647769073545933e+05   0.000000000000000000e+00   6.767594501913777094e+02   0.000000000000000000e+00  -3.558479265461975046e+03
  2.800000000000000000e+04   5.737701135661109583e+05   0.000000000000000000e+00   8.009890732304133962e+02   0.000000000000000000e+00  -3.407928094501563464e+03
  2.800000000000000000e+04   5.737701135661109583e+05   0.000000000000000000e+00   8.009890732304133962e+02   0.000000000000000000e+00  -3.407928094501563464e+03
  2.700000000000000000e+04   5.679258861070257844e+05   0.000000000000000000e+00   5.222298832803959385e+02   0.000000000000000000e+00  -3.237509350844493838e+03
  2.700000000000000000e+04   5.679258861070257844e+05   0.000000000000000000e+00   5.222298832803959385e+02   0.000000000000000000e+00  -3.237509350844493838e+03
  2.600000000000000000e+04   5.612619100793623365e+05   0.000000000000000000e+00  -1.122583625215646180e+03   0.000000000000000000e+00  -3.023809637555122208e+03
  2.600000000000000000e+04   5.612619100793623365e+05   0.000000000000000000e+00  -1.122583625215646180e+03   0.000000000000000000e+00  -3.023809637555122208e+03
  2.500000000000000000e+04   5.545004723709789105e+05   0.000000000000000000e+00  -1.745038380180940521e+03   0.000000000000000000e+00  -2.836382307914240300e+03
  2.500000000000000000e+04   5.545004723709789105e+05   0.000000000000000000e+00  -1.745038380180940521e+03   0.000000000000000000e+00  -2.836382307914240300e+03
  2.400000000000000000e+04   5.406928416747027077e+05   0.000000000000000000e+00   2.498616515108187741e+03   0.000000000000000000e+00  -2.673751394456437538e+03
  2.400000000000000000e+04   5.406928416747027077e+05   0.000000000000000000e+00   2.498616515108187741e+03   0.000000000000000000e+00  -2.673751394456437538e+03
  2.300000000000000000e+04   5.341940093666756293e+05   0.000000000000000000e+00   3.383141767255118793e+03   0.000000000000000000e+00  -2.541257848555830606e+03
  2.300000000000000000e+04   5.341940093666756293e+05   0.000000000000000000e+00   3.383141767255118793e+03   0.000000000000000000e+00  -2.541257848555830606e+03
  2.200000000000000000e+04   5.273183453040202148e+05   0.000000000000000000e+00   4.466022250372333474e+03   0.000000000000000000e+00  -2.411618524834985237e+03
  2.200000000000000000e+04   5.273183453040202148e+05   0.000000000000000000e+00   4.466022250372333474e+03   0.000000000000000000e+00  -2.411618524834985237e+03
  2.100000000000000000e+04   5.101885011639397126e+05   0.000000000000000000e+00   4.397342244745035714e+03   0.000000000000000000e+00  -2.955339520401808841e+03
  2.100000000000000000e+04   5.101885011639397126e+05   0.000000000000000000e+00   4.397342244745035714e+03   0.000000000000000000e+00  -2.955339520401808841e+03
  2.000000000000000000e+04   5.028410554877379909e+05   0.000000000000000000e+00   5.465989784546164628e+03   0.000000000000000000e+00  -2.823985747900082060e+03
  2.000000000000000000e+04   5.028410554877379909e+05   0.000000000000000000e+00   5.465989784546164628e+03   0.000000000000000000e+00  -2.823985747900082060e+03
  1.900000000000000000e+04   4.893280692384105641e+05   0.000000000000000000e+00   1.007657902165504129e+04   0.000000000000000000e+00  -3.386413417526920966e+03
  1.900000000000000000e+04   4.893280692384105641e+05   0.000000000000000000e+00   1.007657902165504129e+04   0.000000000000000000e+00  -3.386413417526920966e+03
  1.800000000000000000e+04   4.806462786867107498e+05   0.000000000000000000e+00   1.254428062044764738e+04   0.000000000000000000e+00  -3.210802874669457196e+03
  1.800000000000000000e+04   4.806462786867107498e+05   0.000000000000000000e+00   1.254428062044764738e+04   0.000000000000000000e+00  -3.210802874669457196e+03
  1.700000000000000000e+04   4.320976338870919426e+05   0.000000000000000000e+00   8.104229127530421465e+03   0.000000000000000000e+00  -3.426632765920073780e+03
  1.700000000000000000e+04   4.320976338870919426e+05   0.000000000000000000e+00   8.104229127530421465e+03   0.000000000000000000e+00  -3.426632765920073780e+03
  1.600000000000000000e+04   4.073846477553719888e+05   0.000000000000000000e+00   1.315547208038356439e+04   0.000000000000000000e+00  -2.660756724441601818e+03
  1.600000000000000000e+04   4.073846477553719888e+05   0.000000000000000000e+00   1.315547208038356439e+04   0.000000000000000000e+00  -2.660756724441601818e+03
  1.500000000000000000e+04   3.983074835007468355e+05   0.000000000000000000e+00   1.395349065369427262e+04   0.000000000000000000e+00  -2.660927163420110901e+03
  1.500000000000000000e+04   3.983074835007468355e+05   0.000000000000000000e+00   1.395349065369427262e+04   0.000000000000000000e+00  -2.660927163420110901e+03
  1.400000000000000000e+04   3.849970580558177899e+05   0.000000000000000000e+00   1.467114485751494794e+04   0.000000000000000000e+00  -2.535998683672377865e+03
  1.400000000000000000e+04   3.849970580558177899e+05   0.000000000000000000e+00   1.467114485751494794e+04   0.000000000000000000e+00  -2.535998683672377865e+03
  1.300000000000000000e+04   3.753258614546615863e+05   0.000000000000000000e+00   1.536721469911241002e+04   0.000000000000000000e+00  -2.527275092515169490e+03
  1.300000000000000000e+04   3.753258614546615863e+05   0.000000000000000000e+00   1.536721469911241002e+04   0.000000000000000000e+00  -2.527275092515169490e+03
  1.200000000000000000e+04   3.481527677731257863e+05   0.000000000000000000e+00   4.916777241780421718e+03   0.000000000000000000e+00  -3.176101894461227857e+03
  1.200000000000000000e+04   3.481527677731257863e+05   0.000000000000000000e+00   4.916777241780421718e+03   0.000000000000000000e+00  -3.176101894461227857e+03
  1.100000000000000000e+04   3.260781543286552769e+05   0.000000000000000000e+00   1.904709254827927361e+04   0.000000000000000000e+00  -5.891150381891164216e+03
  1.100000000000000000e+04   3.260781543286552769e+05   0.000000000000000000e+00   1.904709254827927361e+04   0.000000000000000000e+00  -5.891150381891164216e+03
  1.000000000000000000e+04   3.165008424168034690e+05   0.000000000000000000e+00   2.120331173956532439e+04   0.000000000000000000e+00  -5.704919489640383290e+03
  1.000000000000000000e+04   3.165008424168034690e+05   0.000000000000000000e+00   2.120331173956532439e+04   0.000000000000000000e+00  -5.704919489640383290e+03
  9.000000000000000000e+03   3.066896189055967843e+05   0.000000000000000000e+00   2.347702629133951268e+04   0.000000000000000000e+00  -5.468348318307916998e+03
  9.000000000000000000e+03   3.066896189055967843e+05   0.000000000000000000e+00   2.347702629133951268e+04   0.000000000000000000e+00  -5.468348318307916998e+03
  8.000000000000000000e+03   2.964227755533994641e+05   0.000000000000000000e+00   2.599354581426333607e+04   0.000000000000000000e+00  -5.216278082906666896e+03
  8.000000000000000000e+03   2.964227755533994641e+05   0.000000000000000000e+00   2.599354581426333607e+04   0.000000000000000000e+00  -5.216278082906666896e+03
  7.000000000000000000e+03   2.770094177090924350e+05   0.000000000000000000e+00   2.756912106488560312e+04   0.000000000000000000e+00  -6.079626036949960508e+03
  7.000000000000000000e+03   2.770094177090924350e+05   0.000000000000000000e+00   2.756912106488560312e+04   0.000000000000000000e+00  -6.079626036949960508e+03
  6.000000000000000000e+03   2.637049062437614775e+05   0.000000000000000000e+00   3.093538978159123144e+04   0.000000000000000000e+00  -5.609288162108414326e+03
  6.000000000000000000e+03   2.637049062437614775e+05   0.000000000000000000e+00   3.093538978159123144e+04   0.000000000000000000e+00  -5.609288162108414326e+03
  5.000000000000000000e+03   2.493453445527994481e+05   0.000000000000000000e+00   3.425685707498858392e+04   0.000000000000000000e+00  -5.081964728573702814e+03
  5.000000000000000000e+03   2.493453445527994481e+05   0.000000000000000000e+00   3.425685707498858392e+04   0.000000000000000000e+00  -5.081964728573702814e+03
  4.000000000000000000e+03   2.069370108969706343e+05   0.000000000000000000e+00   2.045721758054894963e+04   0.000000000000000000e+00  -4.337965055822247450e+03
  4.000000000000000000e+03   2.069370108969706343e+05   0.000000000000000000e+00   2.045721758054894963e+04   0.000000000000000000e+00  -4.337965055822247450e+03
  3.000000000000000000e+03   1.264801845082620712e+05   0.000000000000000000e+00   5.321854411946816072e+03   0.000000000000000000e+00   3.859275013205658524e+02
  3.000000000000000000e+03   1.264801845082620712e+05   0.000000000000000000e+00   5.321854411946816072e+03   0.000000000000000000e+00   3.859275013205658524e+02
  2.000000000000000000e+03   1.146314391766511544e+05   0.000000000000000000e+00   4.852454905518921805e+03   0.000000000000000000e+00   4.819626958438687439e+02
  2.000000000000000000e+03   1.146314391766511544e+05   0.000000000000000000e+00   4.852454905518921805e+03   0.000000000000000000e+00   4.819626958438687439e+02
  1.000000000000000000e+03   1.012256781834402063e+05   0.000000000000000000e+00   4.057493320966189003e+03   0.000000000000000000e+00   5.222494789534056281e+02
  1.000000000000000000e+03   1.012256781834402063e+05   0.000000000000000000e+00   4.057493320966189003e+03   0.000000000000000000e+00   5.222494789534056281e+02
  0.000000000000000000e+00   7.030491616437201446e+04   0.000000000000000000e+00  -4.574735573160776767e+03   0.000000000000000000e+00  -2.823037452087201473e+03
  0.000000000000000000e+00   7.030491616437201446e+04   0.000000000000000000e+00  -4.574735573160776767e+03   0.000000000000000000e+00  -2.823037452087201473e+03
 -1.000000000000000000e+03   5.013453980006097117e+04   0.000000000000000000e+00   1.102786297490972720e+04   0.000000000000000000e+00  -4.222072837672896640e+03
 -1.000000000000000000e+03   5.013453980006097117e+04   0.000000000000000000e+00   1.102786297490972720e+04   0.000000000000000000e+00  -4.222072837672896640e+03
 -2.000000000000000000e+03   3.914874514209273184e+04   0.000000000000000000e+00   1.113794853772245551e+04   0.000000000000000000e+00  -4.102389786267062846e+03
 -2.000000000000000000e+03   3.914874514209273184e+04   0.000000000000000000e+00   1.113794853772245551e+04   0.000000000000000000e+00  -4.102389786267062846e+03
 -3.000000000000000000e+03   2.775634901652946064e+04   0.000000000000000000e+00   1.049527928280634842e+04   0.000000000000000000e+00  -3.996957776436257518e+03
 -3.000000000000000000e+03   2.775634901652946064e+04   0.000000000000000000e+00   1.049527928280634842e+04   0.000000000000000000e+00  -3.996957776436257518e+03
 -4.000000000000000000e+03   7.228073677227623648e+02   0.000000000000000000e+00  -5.581878188550156210e+02   0.000000000000000000e+00  -4.921179713312969398e+03
 -4.000000000000000000e+03   7.228073677227623648e+02   0.000000000000000000e+00  -5.581878188550156210e+02   0.000000000000000000e+00  -4.921179713312969398e+03
 -5.000000000000000000e+03  -1.154068842280704303e+04   0.000000000000000000e+00   1.883402076320430297e+03   0.000000000000000000e+00  -4.836884642052468735e+03
 -5.000000000000000000e+03  -1.154068842280704303e+04   0.000000000000000000e+00   1.883402076320430297e+03   0.000000000000000000e+00  -4.836884642052468735e+03
 -6.000000000000000000e+03  -2.291330420252006297e+04   0.000000000000000000e+00   2.612213348549912553e+03   0.000000000000000000e+00  -4.728754053497212226e+03
 -6.000000000000000000e+03  -2.291330420252006297e+04   0.000000000000000000e+00   2.612213348549912553e+03   0.000000000000000000e+00  -4.728754053497212226e+03
 -7.000000000000000000e+03  -3.380762135125698842e+04   0.000000000000000000e+00   2.775511233767963859e+03   0.000000000000000000e+00  -4.633857464185553908e+03
 -7.000000000000000000e+03  -3.380762135125698842e+04   0.000000000000000000e+00   2.775511233767963859e+03   0.000000000000000000e+00  -4.633857464185553908e+03
 -8.000000000000000000e+03  -6.772364275467285188e+04   0.000000000000000000e+00  -1.237467074412461216e+03   0.000000000000000000e+00  -2.881255640087083066e+03
 -8.000000000000000000e+03  -6.772364275467285188e+04   0.000000000000000000e+00  -1.237467074412461216e+03   0.000000000000000000e+00  -2.881255640087083066e+03
 -9.000000000000000000e+03  -7.816059796516581264e+04   0.000000000000000000e+00  -5.821880895088586385e+02   0.000000000000000000e+00  -2.796741483816679192e+03
 -9.000000000000000000e+03  -7.816059796516581264e+04   0.000000000000000000e+00  -5.821880895088586385e+02   0.000000000000000000e+00  -2.796741483816679192e+03
 -1.000000000000000000e+04  -8.895355803338356782e+04   0.000000000000000000e+00  -1.502179775889084112e+02   0.000000000000000000e+00  -2.670872417329091149e+03
 -1.000000000000000000e+04  -8.895355803338356782e+04   0.000000000000000000e+00  -1.502179775889084112e+02   0.000000000000000000e+00  -2.670872417329091149e+03
 -1.100000000000000000e+04  -9.982491464962910686e+04   0.000000000000000000e+00   6.109977324011625655e+01   0.000000000000000000e+00  -2.555101273176265295e+03
 -1.100000000000000000e+04  -9.982491464962910686e+04   0.000000000000000000e+00   6.109977324011625655e+01   0.000000000000000000e+00  -2.555101273176265295e+03
 -1.200000000000000000e+04  -1.100549728418668819e+05   0.000000000000000000e+00   3.080585896540362114e+02   0.000000000000000000e+00  -2.410477177606708210e+03
 -1.200000000000000000e+04  -1.100549728418668819e+05   0.000000000000000000e+00   3.080585896540362114e+02   0.000000000000000000e+00  -2.410477177606708210e+03
 -1.300000000000000000e+04  -1.203262650167667307e+05   0.000000000000000000e+00   4.125567402621236965e+02   0.000000000000000000e+00  -2.281330609999821718e+03
 -1.300000000000000000e+04  -1.203262650167667307e+05   0.000000000000000000e+00   4.125567402621236965e+02   0.000000000000000000e+00  -2.281330609999821718e+03
 -1.400000000000000000e+04  -1.312481653713728010e+05   0.000000000000000000e+00   3.641851909223174744e+02   0.000000000000000000e+00  -2.140419317057564058e+03
 -1.400000000000000000e+04  -1.312481653713728010e+05   0.000000000000000000e+00   3.641851909223174744e+02   0.000000000000000000e+00  -2.140419317057564058e+03
 -1.500000000000000000e+04  -1.425121890587436210e+05   0.000000000000000000e+00   3.334122368371993730e+02   0.000000000000000000e+00  -1.990989716846104102e+03
 -1.500000000000000000e+04  -1.425121890587436210e+05   0.000000000000000000e+00   3.334122368371993730e+02   0.000000000000000000e+00  -1.990989716846104102e+03
 -1.600000000000000000e+04  -1.559268592440035427e+05   0.000000000000000000e+00  -2.281776509991472324e+02   0.000000000000000000e+00  -1.705335701912335935e+03
 -1.600000000000000000e+04  -1.559268592440035427e+05   0.000000000000000000e+00  -2.281776509991472324e+02   0.000000000000000000e+00  -1.705335701912335935e+03
 -1.700000000000000000e+04  -1.677739864922612614e+05   0.000000000000000000e+00   2.092891509858313839e+03   0.000000000000000000e+00  -1.591087825205812578e+03
 -1.700000000000000000e+04  -1.677739864922612614e+05   0.000000000000000000e+00   2.092891509858313839e+03   0.000000000000000000e+00  -1.591087825205812578e+03
 -1.800000000000000000e+04  -1.793740722074506630e+05   0.000000000000000000e+00   2.412440747465090681e+03   0.000000000000000000e+00  -1.357679599540768777e+03
 -1.800000000000000000e+04  -1.793740722074506630e+05   0.000000000000000000e+00   2.412440747465090681e+03   0.000000000000000000e+00  -1.357679599540768777e+03
 -1.900000000000000000e+04  -2.029027301750580955e+05   0.000000000000000000e+00   2.988285105791119804e+03   0.000000000000000000e+00  -1.629356497221632935e+03
 -1.900000000000000000e+04  -2.029027301750580955e+05   0.000000000000000000e+00   2.988285105791119804e+03   0.000000000000000000e+00  -1.629356497221632935e+03
 -2.000000000000000000e+04  -2.142487274890169501e+05   0.000000000000000000e+00   3.346634759107497757e+03   0.000000000000000000e+00  -1.387943305014354110e+03
 -2.000000000000000000e+04  -2.142487274890169501e+05   0.000000000000000000e+00   3.346634759107497757e+03   0.000000000000000000e+00  -1.387943305014354110e+03
 -2.100000000000000000e+04  -2.488471200134552782e+05   0.000000000000000000e+00   2.445174273685628214e+04   0.000000000000000000e+00   9.903933164686525288e+02
 -2.100000000000000000e+04  -2.488471200134552782e+05   0.000000000000000000e+00   2.445174273685628214e+04   0.000000000000000000e+00   9.903933164686525288e+02
 -2.200000000000000000e+04  -2.624160564170526923e+05   0.000000000000000000e+00   2.949135814886179651e+04   0.000000000000000000e+00   2.390620788182800993e+02
 -2.200000000000000000e+04  -2.624160564170526923e+05   0.000000000000000000e+00   2.949135814886179651e+04   0.000000000000000000e+00   2.390620788182800993e+02
 -2.300000000000000000e+04  -2.726816740097206202e+05   0.000000000000000000e+00   2.950341034883177417e+04   0.000000000000000000e+00   1.713860671060296568e+02
 -2.300000000000000000e+04  -2.726816740097206202e+05   0.000000000000000000e+00   2.950341034883177417e+04   0.000000000000000000e+00   1.713860671060296568e+02
 -2.400000000000000000e+04  -2.949996987113566720e+05   0.000000000000000000e+00   2.231808805353961725e+04   0.000000000000000000e+00  -1.957235935970205674e+03
 -2.400000000000000000e+04  -2.949996987113566720e+05   0.000000000000000000e+00   2.231808805353961725e+04   0.000000000000000000e+00  -1.957235935970205674e+03
 -2.500000000000000000e+04  -3.039326287027674844e+05   0.000000000000000000e+00   2.239480555413206821e+04   0.000000000000000000e+00  -1.792551521664279790e+03
 -2.500000000000000000e+04  -3.039326287027674844e+05   0.000000000000000000e+00   2.239480555413206821e+04   0.000000000000000000e+00  -1.792551521664279790e+03
 -2.600000000000000000e+04  -3.134769904196852585e+05   0.000000000000000000e+00   2.151890700018846837e+04   0.000000000000000000e+00  -1.627239718579886812e+03
 -2.600000000000000000e+04  -3.134769904196852585e+05   0.000000000000000000e+00   2.151890700018846837e+04   0.000000000000000000e+00  -1.627239718579886812e+03
 -2.700000000000000000e+04  -3.374139861461701221e+05   0.000000000000000000e+00   2.000862123853738740e+04   0.000000000000000000e+00  -1.103474814142046625e+03
 -2.700000000000000000e+04  -3.374139861461701221e+05   0.000000000000000000e+00   2.000862123853738740e+04   0.000000000000000000e+00  -1.103474814142046625e+03
 -2.800000000000000000e+04  -3.462117376084873104e+05   0.000000000000000000e+00   1.995702638318296886e+04   0.000000000000000000e+00  -9.750399521974227355e+02
 -2.800000000000000000e+04  -3.462117376084873104e+05   0.000000000000000000e+00   1.995702638318296886e+04   0.000000000000000000e+00  -9.750399521974227355e+02
 -2.900000000000000000e+04  -3.547181512824219535e+05   0.000000000000000000e+00   2.096694278955619666e+04   0.000000000000000000e+00  -7.861336927305084146e+02
 -2.900000000000000000e+04  -3.547181512824219535e+05   0.000000000000000000e+00   2.096694278955619666e+04   0.000000000000000000e+00  -7.861336927305084146e+02
 -3.000000000000000000e+04  -3.767434534591371776e+05   0.000000000000000000e+00   1.300411615503769281e+04   0.000000000000000000e+00  -2.142167636568181933e+03
 -3.000000000000000000e+04  -3.767434534591371776e+05   0.000000000000000000e+00   1.300411615503769281e+04   0.000000000000000000e+00  -2.142167636568181933e+03
 -3.100000000000000000e+04  -3.848327222907742835e+05   0.000000000000000000e+00   1.321970921924052709e+04   0.000000000000000000e+00  -2.031874690260417538e+03
 -3.100000000000000000e+04  -3.848327222907742835e+05   0.000000000000000000e+00   1.321970921924052709e+04   0.000000000000000000e+00  -2.031874690260417538e+03
 -3.200000000000000000e+04  -3.929167922216382576e+05   0.000000000000000000e+00   1.354672019416664079e+04   0.000000000000000000e+00  -1.841895715255370760e+03
 -3.200000000000000000e+04  -3.929167922216382576e+05   0.000000000000000000e+00   1.354672019416664079e+04   0.000000000000000000e+00  -1.841895715255370760e+03
 -3.300000000000000000e+04  -4.147281651642983779e+05   0.000000000000000000e+00   1.059310607975093626e+04   0.000000000000000000e+00  -7.089964646456700166e+02
 -3.300000000000000000e+04  -4.147281651642983779e+05   0.000000000000000000e+00   1.059310607975093626e+04   0.000000000000000000e+00  -7.089964646456700166e+02
 -3.400000000000000000e+04  -4.216376487007113756e+05   0.000000000000000000e+00   1.080219340056316469e+04   0.000000000000000000e+00  -5.772113998888443120e+02
 -3.400000000000000000e+04  -4.216376487007113756e+05   0.000000000000000000e+00   1.080219340056316469e+04   0.000000000000000000e+00  -5.772113998888443120e+02
 -3.500000000000000000e+04  -4.286970727731116349e+05   0.000000000000000000e+00   1.103368839364549422e+04   0.000000000000000000e+00  -4.921673662115316006e+02
 -3.500000000000000000e+04  -4.286970727731116349e+05   0.000000000000000000e+00   1.103368839364549422e+04   0.000000000000000000e+00  -4.921673662115316006e+02
 -3.600000000000000000e+04  -4.359138881991554517e+05   0.000000000000000000e+00   1.115884519905564594e+04   0.000000000000000000e+00  -4.804972739774943307e+02
 -3.600000000000000000e+04  -4.359138881991554517e+05   0.000000000000000000e+00   1.115884519905564594e+04   0.000000000000000000e+00  -4.804972739774943307e+02
 -3.700000000000000000e+04  -4.473006400728039443e+05   0.000000000000000000e+00   1.144593291201970715e+04   0.000000000000000000e+00  -3.874410173141348537e+02
 -3.700000000000000000e+04  -4.473006400728039443e+05   0.000000000000000000e+00   1.144593291201970715e+04   0.000000000000000000e+00  -3.874410173141348537e+02
 -3.800000000000000000e+04  -4.547154148620961932e+05   0.000000000000000000e+00   1.163481929404787661e+04   0.000000000000000000e+00  -2.725422483241867440e+02
 -3.800000000000000000e+04  -4.547154148620961932e+05   0.000000000000000000e+00   1.163481929404787661e+04   0.000000000000000000e+00  -2.725422483241867440e+02
 -3.900000000000000000e+04  -4.610913802990872646e+05   0.000000000000000000e+00   1.168866605392580095e+04   0.000000000000000000e+00  -2.267443051693072391e+02
 -3.900000000000000000e+04  -4.610913802990872646e+05   0.000000000000000000e+00   1.168866605392580095e+04   0.000000000000000000e+00  -2.267443051693072391e+02
 -4.000000000000000000e+04  -4.673527885615418199e+05   0.000000000000000000e+00   1.165631938794229063e+04   0.000000000000000000e+00  -2.021363994613097077e+02
 -4.000000000000000000e+04  -4.673527885615418199e+05   0.000000000000000000e+00   1.165631938794229063e+04   0.000000000000000000e+00  -2.021363994613097077e+02
 -4.100000000000000000e+04  -4.786959212304932298e+05   0.000000000000000000e+00   5.900542569822353471e+03   0.000000000000000000e+00  -5.064836829841273129e+02
 -4.100000000000000000e+04  -4.786959212304932298e+05   0.000000000000000000e+00   5.900542569822353471e+03   0.000000000000000000e+00  -5.064836829841273129e+02
 -4.200000000000000000e+04  -4.851249605959487380e+05   0.000000000000000000e+00   6.101680242825512323e+03   0.000000000000000000e+00  -5.013734775059900244e+02
 -4.200000000000000000e+04  -4.851249605959487380e+05   0.000000000000000000e+00   6.101680242825512323e+03   0.000000000000000000e+00  -5.013734775059900244e+02
 -4.300000000000000000e+04  -4.920787377839422552e+05   0.000000000000000000e+00   8.017589195064145315e+03   0.000000000000000000e+00  -3.432075322513619540e+02
 -4.300000000000000000e+04  -4.920787377839422552e+05   0.000000000000000000e+00   8.017589195064145315e+03   0.000000000000000000e+00  -3.432075322513619540e+02
 -4.400000000000000000e+04  -4.980694915749437641e+05   0.000000000000000000e+00   8.195035313526357641e+03   0.000000000000000000e+00  -2.555376849750605857e+02
 -4.400000000000000000e+04  -4.980694915749437641e+05   0.000000000000000000e+00   8.195035313526357641e+03   0.000000000000000000e+00  -2.555376849750605857e+02
 -4.500000000000000000e+04  -5.088361276018376229e+05   0.000000000000000000e+00   4.073073708781528239e+03   0.000000000000000000e+00   6.103862940560371726e+02
 -4.500000000000000000e+04  -5.088361276018376229e+05   0.000000000000000000e+00   4.073073708781528239e+03   0.000000000000000000e+00   6.103862940560371726e+02
 -4.600000000000000000e+04  -5.150204172569044749e+05   0.000000000000000000e+00   3.917619388595702276e+03   0.000000000000000000e+00   7.044967167352742763e+02
 -4.600000000000000000e+04  -5.150204172569044749e+05   0.000000000000000000e+00   3.917619388595702276e+03   0.000000000000000000e+00   7.044967167352742763e+02
 -4.700000000000000000e+04  -5.213375580762638128e+05   0.000000000000000000e+00   3.904339922512561316e+03   0.000000000000000000e+00   8.496824358953336969e+02
 -4.700000000000000000e+04  -5.213375580762638128e+05   0.000000000000000000e+00   3.904339922512561316e+03   0.000000000000000000e+00   8.496824358953336969e+02
 -4.800000000000000000e+04  -5.333752642890927382e+05   0.000000000000000000e+00   5.685985707374985395e+03   0.000000000000000000e+00   1.363312908826258081e+03
 -4.800000000000000000e+04  -5.333752642890927382e+05   0.000000000000000000e+00   5.685985707374985395e+03   0.000000000000000000e+00   1.363312908826258081e+03
 -4.900000000000000000e+04  -5.393778654971987708e+05   0.000000000000000000e+00   5.764617896199464667e+03   0.000000000000000000e+00   1.419028143137660663e+03
 -4.900000000000000000e+04  -5.393778654971987708e+05   0.000000000000000000e+00   5.764617896199464667e+03   0.000000000000000000e+00   1.419028143137660663e+03
 -5.000000000000000000e+04  -5.453187103354410501e+05   0.000000000000000000e+00   5.808622456932665955e+03   0.000000000000000000e+00   1.512791180304311183e+03
 -5.000000000000000000e+04  -5.453187103354410501e+05   0.000000000000000000e+00   5.808622456932665955e+03   0.000000000000000000e+00   1.512791180304311183e+03
 -5.100000000000000000e+04  -5.506769492630328750e+05   0.000000000000000000e+00   5.865270630616874769e+03   0.000000000000000000e+00   1.572651102072471531e+03
 -5.100000000000000000e+04  -5.506769492630328750e+05   0.000000000000000000e+00   5.865270630616874769e+03   0.000000000000000000e+00   1.572651102072471531e+03
 -5.200000000000000000e+04  -5.569150283073331229e+05   0.000000000000000000e+00   1.531351326030344535e+04   0.000000000000000000e+00   2.825909735519142941e+03
 -5.200000000000000000e+04  -5.569150283073331229e+05   0.000000000000000000e+00   1.531351326030344535e+04   0.000000000000000000e+00   2.825909735519142941e+03
 -5.300000000000000000e+04  -5.623480900768812280e+05   0.000000000000000000e+00   1.504457353416655496e+04   0.000000000000000000e+00   2.850835156920741156e+03
 -5.300000000000000000e+04  -5.623480900768812280e+05   0.000000000000000000e+00   1.504457353416655496e+04   0.000000000000000000e+00   2.850835156920741156e+03
 -5.400000000000000000e+04  -5.681335032632275252e+05   0.000000000000000000e+00   1.487013818303974404e+04   0.000000000000000000e+00   2.901875803641602943e+03
 -5.400000000000000000e+04  -5.681335032632275252e+05   0.000000000000000000e+00   1.487013818303974404e+04   0.000000000000000000e+00   2.901875803641602943e+03
 -5.500000000000000000e+04  -5.793958530073823640e+05   0.000000000000000000e+00   1.487773116231402491e+04   0.000000000000000000e+00   2.953671476466585318e+03
 -5.500000000000000000e+04  -5.793958530073823640e+05   0.000000000000000000e+00   1.487773116231402491e+04   0.000000000000000000e+00   2.953671476466585318e+03
 -5.600000000000000000e+04  -5.983916423027940327e+05   0.000000000000000000e+00   1.485676743057303793e+04   0.000000000000000000e+00   3.263244717175366077e+03
 -5.600000000000000000e+04  -5.983916423027940327e+05   0.000000000000000000e+00   1.485676743057303793e+04   0.000000000000000000e+00   3.263244717175366077e+03
 -5.700000000000000000e+04  -6.027996433585943887e+05   0.000000000000000000e+00   1.508762902521459182e+04   0.000000000000000000e+00   3.333769938450142490e+03
 -5.700000000000000000e+04  -6.027996433585943887e+05   0.000000000000000000e+00   1.508762902521459182e+04   0.000000000000000000e+00   3.333769938450142490e+03
 -5.800000000000000000e+04  -6.082698905349995475e+05   0.000000000000000000e+00   1.662030774543100779e+04   0.000000000000000000e+00   3.327908481001895780e+03
 -5.800000000000000000e+04  -6.082698905349995475e+05   0.000000000000000000e+00   1.662030774543100779e+04   0.000000000000000000e+00   3.327908481001895780e+03
 -5.900000000000000000e+04  -6.125899359658898320e+05   0.000000000000000000e+00   1.665240232830513924e+04   0.000000000000000000e+00   3.411592721325975617e+03
 -5.900000000000000000e+04  -6.125899359658898320e+05   0.000000000000000000e+00   1.665240232830513924e+04   0.000000000000000000e+00   3.411592721325975617e+03
 -6.000000000000000000e+04  -6.166636508101456566e+05   0.000000000000000000e+00   1.637502861592991212e+04   0.000000000000000000e+00   3.630936673383486777e+03
 -6.000000000000000000e+04  -6.166636508101456566e+05   0.000000000000000000e+00   1.637502861592991212e+04   0.000000000000000000e+00   3.630936673383486777e+03
 -6.100000000000000000e+04  -6.301537834679769585e+05   0.000000000000000000e+00   1.238194184521386160e+04   0.000000000000000000e+00   4.160284115340195967e+03
 -6.100000000000000000e+04  -6.301537834679769585e+05   0.000000000000000000e+00   1.238194184521386160e+04   0.000000000000000000e+00   4.160284115340195967e+03
 -6.200000000000000000e+04  -6.347864919575538952e+05   0.000000000000000000e+00   1.225460235013982128e+04   0.000000000000000000e+00   4.242462445398645286e+03
 -6.200000000000000000e+04  -6.347864919575538952e+05   0.000000000000000000e+00   1.225460235013982128e+04   0.000000000000000000e+00   4.242462445398645286e+03
 -6.300000000000000000e+04  -6.399113711718118284e+05   0.000000000000000000e+00   1.203242392746428777e+04   0.000000000000000000e+00   4.346258731586503927e+03
 -6.300000000000000000e+04  -6.399113711718118284e+05   0.000000000000000000e+00   1.203242392746428777e+04   0.000000000000000000e+00   4.346258731586503927e+03
 -6.400000000000000000e+04  -6.445296670716031222e+05   0.000000000000000000e+00   1.180017082387712981e+04   0.000000000000000000e+00   4.436291395585471037e+03
 -6.400000000000000000e+04  -6.445296670716031222e+05   0.000000000000000000e+00   1.180017082387712981e+04   0.000000000000000000e+00   4.436291395585471037e+03
 -6.500000000000000000e+04  -6.557303451219237177e+05   0.000000000000000000e+00   9.718093720607746945e+03   0.000000000000000000e+00   4.528522911079683581e+03
 -6.500000000000000000e+04  -6.557303451219237177e+05   0.000000000000000000e+00   9.718093720607746945e+03   0.000000000000000000e+00   4.528522911079683581e+03
 -6.600000000000000000e+04  -6.582052022750638425e+05   0.000000000000000000e+00   9.112743380201311084e+03   0.000000000000000000e+00   4.676567323678582397e+03
 -6.600000000000000000e+04  -6.582052022750638425e+05   0.000000000000000000e+00   9.112743380201311084e+03   0.000000000000000000e+00   4.676567323678582397e+03
 -6.700000000000000000e+04  -6.622124255505756009e+05   0.000000000000000000e+00   9.257813967940328439e+03   0.000000000000000000e+00   4.732132896359765255e+03
 -6.700000000000000000e+04  -6.622124255505756009e+05   0.000000000000000000e+00   9.257813967940328439e+03   0.000000000000000000e+00   4.732132896359765255e+03
 -6.800000000000000000e+04  -6.718581940622301772e+05   0.000000000000000000e+00   8.665853167080284038e+03   0.000000000000000000e+00   4.697927763801064430e+03
 -6.800000000000000000e+04  -6.718581940622301772e+05   0.000000000000000000e+00   8.665853167080284038e+03   0.000000000000000000e+00   4.697927763801064430e+03
 -6.900000000000000000e+04  -6.757389467413539533e+05   0.000000000000000000e+00   8.542714483954923708e+03   0.000000000000000000e+00   4.725098026675298570e+03
 -6.900000000000000000e+04  -6.757389467413539533e+05   0.000000000000000000e+00   8.542714483954923708e+03   0.000000000000000000e+00   4.725098026675298570e+03
 -7.000000000000000000e+04  -6.795035765553966630e+05   0.000000000000000000e+00   8.648939717387214841e+03   0.000000000000000000e+00   4.751414686398712547e+03
 -7.000000000000000000e+04  -6.795035765553966630e+05   0.000000000000000000e+00   8.648939717387214841e+03   0.000000000000000000e+00   4.751414686398712547e+03
 -7.100000000000000000e+04  -6.832710082549802028e+05   0.000000000000000000e+00   8.749529911407162217e+03   0.000000000000000000e+00   4.748714925259467236e+03
 -7.100000000000000000e+04  -6.832710082549802028e+05   0.000000000000000000e+00   8.749529911407162217e+03   0.000000000000000000e+00   4.748714925259467236e+03
 -7.200000000000000000e+04  -6.870831593997838208e+05   0.000000000000000000e+00   8.827264697270336910e+03   0.000000000000000000e+00   4.737798682672950235e+03
 -7.200000000000000000e+04  -6.870831593997838208e+05   0.000000000000000000e+00   8.827264697270336910e+03   0.000000000000000000e+00   4.737798682672950235e+03
 -7.300000000000000000e+04  -6.955661905156708090e+05   0.000000000000000000e+00   7.918772309382500680e+03   0.000000000000000000e+00   5.115809082904855131e+03
 -7.300000000000000000e+04  -6.955661905156708090e+05   0.000000000000000000e+00   7.918772309382500680e+03   0.000000000000000000e+00   5.115809082904855131e+03
 -7.400000000000000000e+04  -6.994300785723178415e+05   0.000000000000000000e+00   8.100914658543360929e+03   0.000000000000000000e+00   5.076884302475105869e+03
 -7.400000000000000000e+04  -6.994300785723178415e+05   0.000000000000000000e+00   8.100914658543360929e+03   0.000000000000000000e+00   5.076884302475105869e+03
 -7.500000000000000000e+04  -7.238056179797024233e+05   0.000000000000000000e+00   1.331535422014686992e+04   0.000000000000000000e+00   4.332324945487165678e+03
 -7.500000000000000000e+04  -7.238056179797024233e+05   0.000000000000000000e+00   1.331535422014686992e+04   0.000000000000000000e+00   4.332324945487165678e+03
 -7.600000000000000000e+04  -7.265762564082415774e+05   0.000000000000000000e+00   1.331232646903134082e+04   0.000000000000000000e+00   4.417307845802139127e+03
 -7.600000000000000000e+04  -7.265762564082415774e+05   0.000000000000000000e+00   1.331232646903134082e+04   0.000000000000000000e+00   4.417307845802139127e+03
 -7.700000000000000000e+04  -7.291276435851847054e+05   0.000000000000000000e+00   1.332907748814315528e+04   0.000000000000000000e+00   4.482997163647118214e+03
 -7.700000000000000000e+04  -7.291276435851847054e+05   0.000000000000000000e+00   1.332907748814315528e+04   0.000000000000000000e+00   4.482997163647118214e+03
 -7.800000000000000000e+04  -7.318101970047776122e+05   0.000000000000000000e+00   1.333183067098499305e+04   0.000000000000000000e+00   4.536873824404792686e+03
 -7.800000000000000000e+04  -7.318101970047776122e+05   0.000000000000000000e+00   1.333183067098499305e+04   0.000000000000000000e+00   4.536873824404792686e+03
 -7.900000000000000000e+04  -7.436001324385498883e+05   0.000000000000000000e+00   1.365680344849072935e+04   0.000000000000000000e+00   3.385942278496696417e+03
 -7.900000000000000000e+04  -7.436001324385498883e+05   0.000000000000000000e+00   1.365680344849072935e+04   0.000000000000000000e+00   3.385942278496696417e+03
 -8.000000000000000000e+04  -7.459983379258770728e+05   0.000000000000000000e+00   1.366305028427933394e+04   0.000000000000000000e+00   3.479052176563904595e+03
 -8.000000000000000000e+04  -7.459983379258770728e+05   0.000000000000000000e+00   1.366305028427933394e+04   0.000000000000000000e+00   3.479052176563904595e+03
 -8.100000000000000000e+04  -7.485136018969439901e+05   0.000000000000000000e+00   1.363073222377467573e+04   0.000000000000000000e+00   3.584656525947617865e+03
 -8.100000000000000000e+04  -7.485136018969439901e+05   0.000000000000000000e+00   1.363073222377467573e+04   0.000000000000000000e+00   3.584656525947617865e+03
 -8.200000000000000000e+04  -7.510464874455664540e+05   0.000000000000000000e+00   1.355549205947674091e+04   0.000000000000000000e+00   3.672727786234355790e+03
 -8.200000000000000000e+04  -7.510464874455664540e+05   0.000000000000000000e+00   1.355549205947674091e+04   0.000000000000000000e+00   3.672727786234355790e+03
 -8.300000000000000000e+04  -7.570500914203114808e+05   0.000000000000000000e+00   1.262609148891483528e+04   0.000000000000000000e+00   3.873310536009407770e+03
 -8.300000000000000000e+04  -7.570500914203114808e+05   0.000000000000000000e+00   1.262609148891483528e+04   0.000000000000000000e+00   3.873310536009407770e+03
 -8.400000000000000000e+04  -7.594020853290638188e+05   0.000000000000000000e+00   1.262164363928450803e+04   0.000000000000000000e+00   3.954575208478082914e+03
 -8.400000000000000000e+04  -7.594020853290638188e+05   0.000000000000000000e+00   1.262164363928450803e+04   0.000000000000000000e+00   3.954575208478082914e+03
 -8.500000000000000000e+04  -7.667017643181366147e+05   0.000000000000000000e+00   1.275461817134857847e+04   0.000000000000000000e+00   3.987857097154241274e+03
 -8.500000000000000000e+04  -7.667017643181366147e+05   0.000000000000000000e+00   1.275461817134857847e+04   0.000000000000000000e+00   3.987857097154241274e+03
 -8.600000000000000000e+04  -7.690814455074291909e+05   0.000000000000000000e+00   1.261743331465804476e+04   0.000000000000000000e+00   4.093162443374203121e+03
 -8.600000000000000000e+04  -7.690814455074291909e+05   0.000000000000000000e+00   1.261743331465804476e+04   0.000000000000000000e+00   4.093162443374203121e+03
 -8.700000000000000000e+04  -7.752450885222444776e+05   0.000000000000000000e+00   9.437892925537520568e+03   0.000000000000000000e+00   4.296202977470222322e+03
 -8.700000000000000000e+04  -7.752450885222444776e+05   0.000000000000000000e+00   9.437892925537520568e+03   0.000000000000000000e+00   4.296202977470222322e+03
 -8.800000000000000000e+04  -7.771306328248888021e+05   0.000000000000000000e+00   9.698816293461733949e+03   0.000000000000000000e+00   4.429208074593879246e+03
 -8.800000000000000000e+04  -7.771306328248888021e+05   0.000000000000000000e+00   9.698816293461733949e+03   0.000000000000000000e+00   4.429208074593879246e+03
 -8.900000000000000000e+04  -7.814416625498794019e+05   0.000000000000000000e+00   8.832045656567275728e+03   0.000000000000000000e+00   5.466778102166266763e+03
 -8.900000000000000000e+04  -7.814416625498794019e+05   0.000000000000000000e+00   8.832045656567275728e+03   0.000000000000000000e+00   5.466778102166266763e+03
 -9.000000000000000000e+04  -7.831042251408653101e+05   0.000000000000000000e+00   8.918184918528559137e+03   0.000000000000000000e+00   5.532948584129152550e+03
 -9.000000000000000000e+04  -7.831042251408653101e+05   0.000000000000000000e+00   8.918184918528559137e+03   0.000000000000000000e+00   5.532948584129152550e+03
 -9.100000000000000000e+04  -7.892551545179084642e+05   0.000000000000000000e+00   1.053018887384824302e+04   0.000000000000000000e+00   5.886205245491121786e+03
 -9.100000000000000000e+04  -7.892551545179084642e+05   0.000000000000000000e+00   1.053018887384824302e+04   0.000000000000000000e+00   5.886205245491121786e+03
 -9.200000000000000000e+04  -7.907893876362242736e+05   0.000000000000000000e+00   1.064279333950330874e+04   0.000000000000000000e+00   5.944981178492584149e+03
 -9.200000000000000000e+04  -7.907893876362242736e+05   0.000000000000000000e+00   1.064279333950330874e+04   0.000000000000000000e+00   5.944981178492584149e+03
 -9.300000000000000000e+04  -7.923105347854669672e+05   0.000000000000000000e+00   1.074051751388254888e+04   0.000000000000000000e+00   5.999598817416695965e+03
 -9.300000000000000000e+04  -7.923105347854669672e+05   0.000000000000000000e+00   1.074051751388254888e+04   0.000000000000000000e+00   5.999598817416695965e+03
 -9.400000000000000000e+04  -7.938488110151144210e+05   0.000000000000000000e+00   1.082253362226323770e+04   0.000000000000000000e+00   6.050538273427332570e+03
 -9.400000000000000000e+04  -7.938488110151144210e+05   0.000000000000000000e+00   1.082253362226323770e+04   0.000000000000000000e+00   6.050538273427332570e+03
 -9.500000000000000000e+04  -7.954260182203870500e+05   0.000000000000000000e+00   1.089909211466834677e+04   0.000000000000000000e+00   6.102941039150516190e+03
 -9.500000000000000000e+04  -7.954260182203870500e+05   0.000000000000000000e+00   1.089909211466834677e+04   0.000000000000000000e+00   6.102941039150516190e+03
 -9.600000000000000000e+04  -7.969106429734154372e+05   0.000000000000000000e+00   1.096333913418080556e+04   0.000000000000000000e+00   6.155633604735539848e+03
 -9.600000000000000000e+04  -7.969106429734154372e+05   0.000000000000000000e+00   1.096333913418080556e+04   0.000000000000000000e+00   6.155633604735539848e+03
 -9.700000000000000000e+04  -7.984133053007039707e+05   0.000000000000000000e+00   1.103480602556312806e+04   0.000000000000000000e+00   6.212707822972264694e+03
 -9.700000000000000000e+04  -7.984133053007039707e+05   0.000000000000000000e+00   1.103480602556312806e+04   0.000000000000000000e+00   6.212707822972264694e+03
 -9.800000000000000000e+04  -8.036510255625058198e+05   0.000000000000000000e+00   1.245291512838597555e+04   0.000000000000000000e+00   6.504239809990421236e+03
 -9.800000000000000000e+04  -8.036510255625058198e+05   0.000000000000000000e+00   1.245291512838597555e+04   0.000000000000000000e+00   6.504239809990421236e+03
 -9.900000000000000000e+04  -8.049407339504443808e+05   0.000000000000000000e+00   1.239802905968901541e+04   0.000000000000000000e+00   6.533885577494438621e+03
 -9.900000000000000000e+04  -8.049407339504443808e+05   0.000000000000000000e+00   1.239802905968901541e+04   0.000000000000000000e+00   6.533885577494438621e+03
 -1.000000000000000000e+05  -8.062113863026491599e+05   0.000000000000000000e+00   1.234697899732807127e+04   0.000000000000000000e+00   6.562091133797638577e+03
 -1.000000000000000000e+05  -8.062113863026491599e+05   0.000000000000000000e+00   1.234697899732807127e+04   0.000000000000000000e+00   6.562091133797638577e+03
 -1.010000000000000000e+05  -8.074805220876506064e+05   0.000000000000000000e+00   1.230554687265460780e+04   0.000000000000000000e+00   6.589246387880216389e+03
 -1.010000000000000000e+05  -8.074805220876506064e+05   0.000000000000000000e+00   1.230554687265460780e+04   0.000000000000000000e+00   6.589246387880216389e+03
 -1.020000000000000000e+05  -8.088204116447992856e+05   0.000000000000000000e+00   1.230287694243800433e+04   0.000000000000000000e+00   6.618514195047202520e+03
 -1.020000000000000000e+05  -8.088204116447992856e+05   0.000000000000000000e+00   1.230287694243800433e+04   0.000000000000000000e+00   6.618514195047202520e+03
 -1.030000000000000000e+05  -8.130473069305596873e+05   0.000000000000000000e+00   1.274254131524286458e+04   0.000000000000000000e+00   6.489442028797253442e+03
 -1.030000000000000000e+05  -8.130473069305596873e+05   0.000000000000000000e+00   1.274254131524286458e+04   0.000000000000000000e+00   6.489442028797253442e+03
 -1.040000000000000000e+05  -8.144223251800579019e+05   0.000000000000000000e+00   1.256566233669705070e+04   0.000000000000000000e+00   6.495197490190601457e+03
 -1.040000000000000000e+05  -8.144223251800579019e+05   0.000000000000000000e+00   1.256566233669705070e+04   0.000000000000000000e+00   6.495197490190601457e+03
 -1.050000000000000000e+05  -8.197770016705035232e+05   0.000000000000000000e+00   1.200048864310216413e+04   0.000000000000000000e+00   6.976898625236433872e+03
 -1.050000000000000000e+05  -8.197770016705035232e+05   0.000000000000000000e+00   1.200048864310216413e+04   0.000000000000000000e+00   6.976898625236433872e+03
 -1.060000000000000000e+05  -8.207938511914821574e+05   0.000000000000000000e+00   1.192085130671733714e+04   0.000000000000000000e+00   6.982033493591276965e+03
 -1.060000000000000000e+05  -8.207938511914821574e+05   0.000000000000000000e+00   1.192085130671733714e+04   0.000000000000000000e+00   6.982033493591276965e+03
 -1.070000000000000000e+05  -8.217643831543783890e+05   0.000000000000000000e+00   1.183857152629048687e+04   0.000000000000000000e+00   6.987866442495405863e+03
 -1.070000000000000000e+05  -8.217643831543783890e+05   0.000000000000000000e+00   1.183857152629048687e+04   0.000000000000000000e+00   6.987866442495405863e+03
 -1.080000000000000000e+05  -8.226910751240198733e+05   0.000000000000000000e+00   1.175402022497912549e+04   0.000000000000000000e+00   6.994408043293138689e+03
 -1.080000000000000000e+05  -8.226910751240198733e+05   0.000000000000000000e+00   1.175402022497912549e+04   0.000000000000000000e+00   6.994408043293138689e+03
 -1.090000000000000000e+05  -8.235759995087018469e+05   0.000000000000000000e+00   1.166777872795188523e+04   0.000000000000000000e+00   7.001680598240818654e+03
 -1.090000000000000000e+05  -8.235759995087018469e+05   0.000000000000000000e+00   1.166777872795188523e+04   0.000000000000000000e+00   7.001680598240818654e+03
 -1.100000000000000000e+05  -8.244211243571582017e+05   0.000000000000000000e+00   1.158051011395645401e+04   0.000000000000000000e+00   7.009675768836992575e+03
 -1.100000000000000000e+05  -8.244211243571582017e+05   0.000000000000000000e+00   1.158051011395645401e+04   0.000000000000000000e+00   7.009675768836992575e+03
 -1.110000000000000000e+05  -8.252285924571033102e+05   0.000000000000000000e+00   1.149280734447251962e+04   0.000000000000000000e+00   7.018328797415609188e+03
 -1.110000000000000000e+05  -8.252285924571033102e+05   0.000000000000000000e+00   1.149280734447251962e+04   0.000000000000000000e+00   7.018328797415609188e+03
 -1.120000000000000000e+05  -8.260009181321236538e+05   0.000000000000000000e+00   1.140504220188246109e+04   0.000000000000000000e+00   7.027508705062698027e+03
 -1.120000000000000000e+05  -8.260009181321236538e+05   0.000000000000000000e+00   1.140504220188246109e+04   0.000000000000000000e+00   7.027508705062698027e+03
 -1.130000000000000000e+05  -8.267409978332543978e+05   0.000000000000000000e+00   1.131725773453192596e+04   0.000000000000000000e+00   7.037037293479434084e+03
 -1.130000000000000000e+05  -8.267409978332543978e+05   0.000000000000000000e+00   1.131725773453192596e+04   0.000000000000000000e+00   7.037037293479434084e+03
 -1.140000000000000000e+05  -8.274520913942821790e+05   0.000000000000000000e+00   1.122907037327501712e+04   0.000000000000000000e+00   7.046675281564514989e+03
 -1.140000000000000000e+05  -8.274520913942821790e+05   0.000000000000000000e+00   1.122907037327501712e+04   0.000000000000000000e+00   7.046675281564514989e+03
 -1.150000000000000000e+05  -8.281373271735403687e+05   0.000000000000000000e+00   1.113980124291492757e+04   0.000000000000000000e+00   7.056190661488149090e+03
 -1.150000000000000000e+05  -8.281373271735403687e+05   0.000000000000000000e+00   1.113980124291492757e+04   0.000000000000000000e+00   7.056190661488149090e+03
 -1.160000000000000000e+05  -8.287993962223551935e+05   0.000000000000000000e+00   1.104863217822385377e+04   0.000000000000000000e+00   7.065329318527444229e+03
 -1.160000000000000000e+05  -8.287993962223551935e+05   0.000000000000000000e+00   1.104863217822385377e+04   0.000000000000000000e+00   7.065329318527444229e+03
 -1.170000000000000000e+05  -8.294400541828150162e+05   0.000000000000000000e+00   1.095499107920438473e+04   0.000000000000000000e+00   7.073817827022769961e+03
 -1.170000000000000000e+05  -8.294400541828150162e+05   0.000000000000000000e+00   1.095499107920438473e+04   0.000000000000000000e+00   7.073817827022769961e+03
 -1.180000000000000000e+05  -8.300603002669654088e+05   0.000000000000000000e+00   1.085868678619636012e+04   0.000000000000000000e+00   7.081379933603373502e+03
 -1.180000000000000000e+05  -8.300603002669654088e+05   0.000000000000000000e+00   1.085868678619636012e+04   0.000000000000000000e+00   7.081379933603373502e+03
 -1.190000000000000000e+05  -8.306622217033263296e+05   0.000000000000000000e+00   1.075850474626855430e+04   0.000000000000000000e+00   7.087791367997276211e+03
 -1.190000000000000000e+05  -8.306622217033263296e+05   0.000000000000000000e+00   1.075850474626855430e+04   0.000000000000000000e+00   7.087791367997276211e+03
 -1.200000000000000000e+05  -8.312524433854818344e+05   0.000000000000000000e+00   1.064658349468271626e+04   0.000000000000000000e+00   7.092772242605033171e+03
 -1.200000000000000000e+05  -8.312524433854818344e+05   0.000000000000000000e+00   1.064658349468271626e+04   0.000000000000000000e+00   7.092772242605033171e+03
 -1.210000000000000000e+05  -8.318264809174529510e+05   0.000000000000000000e+00   1.052220278147175668e+04   0.000000000000000000e+00   7.095155596290102039e+03
 -1.210000000000000000e+05  -8.318264809174529510e+05   0.000000000000000000e+00   1.052220278147175668e+04   0.000000000000000000e+00   7.095155596290102039e+03
 -1.220000000000000000e+05  -8.323619757147653727e+05   0.000000000000000000e+00   1.043835685779604864e+04   0.000000000000000000e+00   7.096564634474253580e+03
 -1.220000000000000000e+05  -8.323619757147653727e+05   0.000000000000000000e+00   1.043835685779604864e+04   0.000000000000000000e+00   7.096564634474253580e+03
 -1.230000000000000000e+05  -8.328872120185418753e+05   0.000000000000000000e+00   1.037095179361212831e+04   0.000000000000000000e+00   7.097930378470358846e+03
 -1.230000000000000000e+05  -8.328872120185418753e+05   0.000000000000000000e+00   1.037095179361212831e+04   0.000000000000000000e+00   7.097930378470358846e+03
 -1.240000000000000000e+05  -8.334137797433112282e+05   0.000000000000000000e+00   1.030950860589758122e+04   0.000000000000000000e+00   7.099128976406136644e+03
 -1.240000000000000000e+05  -8.334137797433112282e+05   0.000000000000000000e+00   1.030950860589758122e+04   0.000000000000000000e+00   7.099128976406136644e+03
 -1.250000000000000000e+05  -8.339508755072384374e+05   0.000000000000000000e+00   1.025063761233069636e+04   0.000000000000000000e+00   7.100184622732314892e+03
 -1.250000000000000000e+05  -8.339508755072384374e+05   0.000000000000000000e+00   1.025063761233069636e+04   0.000000000000000000e+00   7.100184622732314892e+03
 -1.260000000000000000e+05  -8.345133752888094168e+05   0.000000000000000000e+00   1.019196306021421879e+04   0.000000000000000000e+00   7.101227591304379530e+03
 -1.260000000000000000e+05  -8.345133752888094168e+05   0.000000000000000000e+00   1.019196306021421879e+04   0.000000000000000000e+00   7.101227591304379530e+03
 -1.270000000000000000e+05  -8.351228114448569249e+05   0.000000000000000000e+00   1.013004075786336216e+04   0.000000000000000000e+00   7.102403985054805162e+03
 -1.270000000000000000e+05  -8.351228114448569249e+05   0.000000000000000000e+00   1.013004075786336216e+04   0.000000000000000000e+00   7.102403985054805162e+03
 -1.280000000000000000e+05  -8.357407485098791076e+05   0.000000000000000000e+00   1.006243812048137988e+04   0.000000000000000000e+00   7.103324697998967167e+03
 -1.280000000000000000e+05  -8.357407485098791076e+05   0.000000000000000000e+00   1.006243812048137988e+04   0.000000000000000000e+00   7.103324697998967167e+03
 -1.290000000000000000e+05  -8.362981757931970060e+05   0.000000000000000000e+00   9.992559373628395406e+03   0.000000000000000000e+00   7.103409573193057440e+03
 -1.290000000000000000e+05  -8.362981757931970060e+05   0.000000000000000000e+00   9.992559373628395406e+03   0.000000000000000000e+00   7.103409573193057440e+03
 -1.300000000000000000e+05  -8.368070280660310527e+05   0.000000000000000000e+00   9.922199533265918944e+03   0.000000000000000000e+00   7.102889220821077288e+03
 -1.300000000000000000e+05  -8.368070280660310527e+05   0.000000000000000000e+00   9.922199533265918944e+03   0.000000000000000000e+00   7.102889220821077288e+03
 -1.310000000000000000e+05  -8.372835491749378853e+05   0.000000000000000000e+00   9.852040460179478032e+03   0.000000000000000000e+00   7.101991420953215311e+03
 -1.310000000000000000e+05  -8.372835491749378853e+05   0.000000000000000000e+00   9.852040460179478032e+03   0.000000000000000000e+00   7.101991420953215311e+03
 -1.320000000000000000e+05  -8.377360324282326037e+05   0.000000000000000000e+00   9.783524756843969953e+03   0.000000000000000000e+00   7.100863283044646778e+03
 -1.320000000000000000e+05  -8.377360324282326037e+05   0.000000000000000000e+00   9.783524756843969953e+03   0.000000000000000000e+00   7.100863283044646778e+03
 -1.330000000000000000e+05  -8.381702912441340741e+05   0.000000000000000000e+00   9.720834017300030609e+03   0.000000000000000000e+00   7.099696351827675244e+03
 -1.330000000000000000e+05  -8.381702912441340741e+05   0.000000000000000000e+00   9.720834017300030609e+03   0.000000000000000000e+00   7.099696351827675244e+03
 -1.340000000000000000e+05  -8.383348473918444943e+05   0.000000000000000000e+00   1.040785276365119535e+04   0.000000000000000000e+00   7.207644288147271254e+03
 -1.340000000000000000e+05  -8.383348473918444943e+05   0.000000000000000000e+00   1.040785276365119535e+04   0.000000000000000000e+00   7.207644288147271254e+03
 -1.350000000000000000e+05  -8.387440999222605024e+05   0.000000000000000000e+00   1.030539788850378682e+04   0.000000000000000000e+00   7.200850434477977615e+03
 -1.350000000000000000e+05  -8.387440999222605024e+05   0.000000000000000000e+00   1.030539788850378682e+04   0.000000000000000000e+00   7.200850434477977615e+03
 -1.360000000000000000e+05  -8.391395890298716258e+05   0.000000000000000000e+00   1.019634971698858135e+04   0.000000000000000000e+00   7.194302558974482054e+03
 -1.360000000000000000e+05  -8.391395890298716258e+05   0.000000000000000000e+00   1.019634971698858135e+04   0.000000000000000000e+00   7.194302558974482054e+03
 -1.370000000000000000e+05  -8.395296915264328709e+05   0.000000000000000000e+00   1.007663730158981707e+04   0.000000000000000000e+00   7.188290163705390114e+03
 -1.370000000000000000e+05  -8.395296915264328709e+05   0.000000000000000000e+00   1.007663730158981707e+04   0.000000000000000000e+00   7.188290163705390114e+03
 -1.380000000000000000e+05  -8.400950020292249974e+05   0.000000000000000000e+00   9.232835863273016002e+03   0.000000000000000000e+00   7.192267903451211168e+03
 -1.380000000000000000e+05  -8.400950020292249974e+05   0.000000000000000000e+00   9.232835863273016002e+03   0.000000000000000000e+00   7.192267903451211168e+03
 -1.390000000000000000e+05  -8.403615942835647147e+05   0.000000000000000000e+00   9.132994593499657640e+03   0.000000000000000000e+00   7.184070577097500973e+03
 -1.390000000000000000e+05  -8.403615942835647147e+05   0.000000000000000000e+00   9.132994593499657640e+03   0.000000000000000000e+00   7.184070577097500973e+03
 -1.400000000000000000e+05  -8.406209031636504224e+05   0.000000000000000000e+00   9.034479133080747488e+03   0.000000000000000000e+00   7.175887153574669355e+03
 -1.400000000000000000e+05  -8.406209031636504224e+05   0.000000000000000000e+00   9.034479133080747488e+03   0.000000000000000000e+00   7.175887153574669355e+03
 -1.410000000000000000e+05  -8.408733856880072271e+05   0.000000000000000000e+00   8.937298685834353819e+03   0.000000000000000000e+00   7.167695896795486988e+03
 -1.410000000000000000e+05  -8.408733856880072271e+05   0.000000000000000000e+00   8.937298685834353819e+03   0.000000000000000000e+00   7.167695896795486988e+03
 -1.420000000000000000e+05  -8.411194397770802025e+05   0.000000000000000000e+00   8.841445906355260377e+03   0.000000000000000000e+00   7.159480512409342737e+03
 -1.420000000000000000e+05  -8.411194397770802025e+05   0.000000000000000000e+00   8.841445906355260377e+03   0.000000000000000000e+00   7.159480512409342737e+03
 -1.430000000000000000e+05  -8.413594135438565863e+05   0.000000000000000000e+00   8.746906570191891660e+03   0.000000000000000000e+00   7.151228311852514707e+03
 -1.430000000000000000e+05  -8.413594135438565863e+05   0.000000000000000000e+00   8.746906570191891660e+03   0.000000000000000000e+00   7.151228311852514707e+03
 -1.440000000000000000e+05  -8.415936143327505561e+05   0.000000000000000000e+00   8.653663025506053600e+03   0.000000000000000000e+00   7.142929581523248089e+03
 -1.440000000000000000e+05  -8.415936143327505561e+05   0.000000000000000000e+00   8.653663025506053600e+03   0.000000000000000000e+00   7.142929581523248089e+03
 -1.450000000000000000e+05  -8.418223157150445040e+05   0.000000000000000000e+00   8.561695147719798115e+03   0.000000000000000000e+00   7.134577025419314850e+03
 -1.450000000000000000e+05  -8.418223157150445040e+05   0.000000000000000000e+00   8.561695147719798115e+03   0.000000000000000000e+00   7.134577025419314850e+03
 -1.460000000000000000e+05  -8.420457631427093875e+05   0.000000000000000000e+00   8.470981344515186720e+03   0.000000000000000000e+00   7.126165322261657820e+03
 -1.460000000000000000e+05  -8.420457631427093875e+05   0.000000000000000000e+00   8.470981344515186720e+03   0.000000000000000000e+00   7.126165322261657820e+03
 -1.470000000000000000e+05  -8.422641784253339283e+05   0.000000000000000000e+00   8.381499220568286546e+03   0.000000000000000000e+00   7.117690832049229357e+03
 -1.470000000000000000e+05  -8.422641784253339283e+05   0.000000000000000000e+00   8.381499220568286546e+03   0.000000000000000000e+00   7.117690832049229357e+03
 -1.480000000000000000e+05  -8.424777636677126866e+05   0.000000000000000000e+00   8.293226486960955299e+03   0.000000000000000000e+00   7.109151037573114991e+03
 -1.480000000000000000e+05  -8.424777636677126866e+05   0.000000000000000000e+00   8.293226486960955299e+03   0.000000000000000000e+00   7.109151037573114991e+03
 -1.490000000000000000e+05  -8.426867038242320996e+05   0.000000000000000000e+00   8.206140746235680126e+03   0.000000000000000000e+00   7.100544718596770508e+03
 -1.490000000000000000e+05  -8.426867038242320996e+05   0.000000000000000000e+00   8.206140746235680126e+03   0.000000000000000000e+00   7.100544718596770508e+03
 -1.500000000000000000e+05  -8.428911694004640449e+05   0.000000000000000000e+00   8.120220288190093925e+03   0.000000000000000000e+00   7.091871481705563383e+03
 -1.500000000000000000e+05  -8.428911694004640449e+05   0.000000000000000000e+00   8.120220288190093925e+03   0.000000000000000000e+00   7.091871481705563383e+03
