  1.499772000000000116e+05   8.549135513840666972e+05   2.617900000000000091e+03   1.557427432270014651e+04   0.000000000000000000e+00   3.884881577026413901e-02
  1.489773520000000135e+05   8.548846969029700849e+05   2.600447333333333518e+03   1.558144074232300954e+04   0.000000000000000000e+00   4.024031623056517626e-02
  1.479775040000000154e+05   8.548555454670927720e+05   2.582994666666666944e+03   1.558890115658046125e+04   0.000000000000000000e+00   4.260086864940915846e-02
  1.469776560000000172e+05   8.548260995215500006e+05   2.565541999999999916e+03   1.559651428283756104e+04   0.000000000000000000e+00   4.366979165105385613e-02
  1.459778080000000191e+05   8.547963549906444969e+05   2.548089333333333343e+03   1.560428401235060119e+04   0.000000000000000000e+00   4.417052401766605185e-02
  1.449779600000000210e+05   8.547663076980139595e+05   2.530636666666666770e+03   1.561221476738487036e+04   0.000000000000000000e+00   4.405530935315293828e-02
  1.439781120000000228e+05   8.547359534062113380e+05   2.513184000000000196e+03   1.562031104980518830e+04   0.000000000000000000e+00   4.327732513053327706e-02
  1.429782640000000247e+05   8.547052872228063643e+05   2.495731333333333623e+03   1.562857945379240664e+04   0.000000000000000000e+00   4.147926797080220274e-02
  1.419784159999999974e+05   8.546743052632953040e+05   2.478278666666666595e+03   1.563702268915832065e+04   0.000000000000000000e+00   3.871786692268452956e-02
  1.409785679999999993e+05   8.546430023817529436e+05   2.460826000000000022e+03   1.564564731902425228e+04   0.000000000000000000e+00   3.441374231722228727e-02
  1.399787200000000012e+05   8.546113746152884560e+05   2.443373333333333449e+03   1.565445639012802894e+04   0.000000000000000000e+00   2.892227297493708826e-02
  1.389788720000000030e+05   8.545794165578044485e+05   2.425920666666666875e+03   1.566345619356963107e+04   0.000000000000000000e+00   2.147891868237186003e-02
  1.379790240000000049e+05   8.545471233846241375e+05   2.408467999999999847e+03   1.567265101521783799e+04   0.000000000000000000e+00   1.189433131654455376e-02
  1.369791760000000068e+05   8.545145004052906297e+05   2.391015333333333274e+03   1.568204081311785194e+04   0.000000000000000000e+00   1.213617608294766288e-02
  1.359793280000000086e+05   8.544815324826615397e+05   2.373562666666666701e+03   1.569164178831545905e+04   0.000000000000000000e+00   1.095972965328998946e-02
  1.349794800000000105e+05   8.544482161813407438e+05   2.356110000000000127e+03   1.570145912470150142e+04   0.000000000000000000e+00   1.053770252220953378e-02
  1.339796320000000123e+05   8.544145444307888392e+05   2.338657333333333554e+03   1.571150145627023267e+04   0.000000000000000000e+00   7.978062156932407348e-03
  1.329797840000000142e+05   8.543805134796797065e+05   2.321204666666666526e+03   1.572177472866160679e+04   0.000000000000000000e+00   5.216075003889879443e-03
  1.319799360000000161e+05   8.543461176107885549e+05   2.303751999999999953e+03   1.573228671363523790e+04   0.000000000000000000e+00   1.221098615468569877e-03
  1.309800880000000179e+05   8.543113520205018576e+05   2.286299333333333379e+03   1.574304475555557110e+04   0.000000000000000000e+00  -3.021214521569384834e-03
  1.299802400000000198e+05   8.542762109073287575e+05   2.268846666666666806e+03   1.575405681985680894e+04   0.000000000000000000e+00  -8.527286816458824401e-03
  1.289803920000000071e+05   8.542406891314296518e+05   2.251394000000000233e+03   1.576533122727195041e+04   0.000000000000000000e+00  -1.426397518270606027e-02
  1.279805440000000090e+05   8.542047810199732194e+05   2.233941333333333205e+03   1.577687686711786773e+04   0.000000000000000000e+00  -2.020531567418524729e-02
  1.269806960000000108e+05   8.541684805414029397e+05   2.216488666666666631e+03   1.578870203087235313e+04   0.000000000000000000e+00  -2.727933161706247445e-02
  1.259808480000000127e+05   8.541317823364604264e+05   2.199036000000000058e+03   1.580081828530928033e+04   0.000000000000000000e+00  -3.340536106094278701e-02
  1.249810000000000000e+05   8.540946799043316860e+05   2.181583333333333485e+03   1.581323344174138219e+04   0.000000000000000000e+00  -4.044990084838539363e-02
  1.239811520000000019e+05   8.540571673628786812e+05   2.164130666666666912e+03   1.582595936056054234e+04   0.000000000000000000e+00  -4.726466917961976572e-02
  1.229813040000000037e+05   8.540192384585953550e+05   2.146677999999999884e+03   1.583900731949427609e+04   0.000000000000000000e+00  -5.371412565062585326e-02
  1.219814560000000056e+05   8.539808868082162226e+05   2.129225333333333310e+03   1.585238921689739072e+04   0.000000000000000000e+00  -5.964313137371038409e-02
  1.209816080000000075e+05   8.539421056932316860e+05   2.111772666666666737e+03   1.586611498524473609e+04   0.000000000000000000e+00  -6.541116323803913835e-02
  1.199817600000000093e+05   8.539028886463969247e+05   2.094320000000000164e+03   1.588020015519729532e+04   0.000000000000000000e+00  -7.003294654159995802e-02
  1.189819120000000112e+05   8.538632288770524319e+05   2.076867333333333590e+03   1.589465887345545343e+04   0.000000000000000000e+00  -7.325595493985202766e-02
  1.179820640000000130e+05   8.538231194459069520e+05   2.059414666666666562e+03   1.590950614246291116e+04   0.000000000000000000e+00  -7.484317746911016422e-02
  1.169822160000000149e+05   8.537825529053016799e+05   2.041961999999999989e+03   1.592475470875173596e+04   0.000000000000000000e+00  -7.442316908490780036e-02
  1.159823680000000168e+05   8.537415218227527803e+05   2.024509333333333416e+03   1.594042175259913529e+04   0.000000000000000000e+00  -7.116698946796688741e-02
  1.149825200000000186e+05   8.537000184916837607e+05   2.007056666666666843e+03   1.595652601992627933e+04   0.000000000000000000e+00  -6.418588905002196865e-02
  1.139826720000000205e+05   8.536580342490015319e+05   1.989604000000000042e+03   1.597308610097711244e+04   0.000000000000000000e+00  -5.177295240280996302e-02
  1.129828240000000078e+05   8.536155575390731683e+05   1.972151333333333241e+03   1.599012257631956163e+04   0.000000000000000000e+00  -2.895248580018672246e-02
  1.119829760000000097e+05   8.535726015389834065e+05   1.954698666666666668e+03   1.600768803299437604e+04   0.000000000000000000e+00  -2.335244508125419380e-02
  1.109831279999999970e+05   8.535291479805380804e+05   1.937246000000000095e+03   1.602577952370440471e+04   0.000000000000000000e+00  -2.730937263827406744e-02
  1.099832800000000134e+05   8.534851789449249627e+05   1.919793333333333521e+03   1.604440779684635709e+04   0.000000000000000000e+00  -2.959051427114711696e-02
  1.089834320000000007e+05   8.534406557353212265e+05   1.902340666666666721e+03   1.606371205306995580e+04   0.000000000000000000e+00  -7.284310657335392458e-02
  1.079835840000000026e+05   8.533956650755313458e+05   1.884887999999999920e+03   1.608336121417291361e+04   0.000000000000000000e+00  -1.910564279050058420e-02
  1.069837360000000044e+05   8.533501071191700175e+05   1.867435333333333347e+03   1.610373914597452858e+04   0.000000000000000000e+00  -4.713294059134526953e-03
  1.059838880000000063e+05   8.533040033177450532e+05   1.849982666666666773e+03   1.612476627253380684e+04   0.000000000000000000e+00   1.140764880815470401e-02
  1.049840400000000081e+05   8.532573444149007555e+05   1.832530000000000200e+03   1.614647176671943635e+04   0.000000000000000000e+00   2.849784842644437211e-02
  1.039841920000000100e+05   8.532101207983123604e+05   1.815077333333333399e+03   1.616888622572630629e+04   0.000000000000000000e+00   4.469339682164356897e-02
  1.029843440000000119e+05   8.531623228864509147e+05   1.797624666666666599e+03   1.619204636594849762e+04   0.000000000000000000e+00   6.238264449096315306e-02
  1.019844960000000137e+05   8.531139405559970764e+05   1.780172000000000025e+03   1.621598731070150643e+04   0.000000000000000000e+00   7.956713057304383441e-02
  1.009846480000000156e+05   8.530649635255356552e+05   1.762719333333333452e+03   1.624074701250846010e+04   0.000000000000000000e+00   9.556482672878124918e-02
  9.998480000000000291e+04   8.530153812414784916e+05   1.745266666666666879e+03   1.626636567329448735e+04   0.000000000000000000e+00   1.096964618675654451e-01
  9.898495200000001932e+04   8.529651828616982093e+05   1.727814000000000078e+03   1.629288566841209467e+04   0.000000000000000000e+00   1.212241370420960584e-01
  9.798510400000000664e+04   8.529143270847664680e+05   1.710361333333333278e+03   1.632011064095825895e+04   0.000000000000000000e+00   7.784993799708064821e-02
  9.698525600000000850e+04   8.528628546879813075e+05   1.692908666666666704e+03   1.634849343431630041e+04   0.000000000000000000e+00   7.972837829264273202e-02
  9.598540799999999581e+04   8.528107355098393746e+05   1.675456000000000131e+03   1.637793280350741588e+04   0.000000000000000000e+00   8.641059023103821179e-02
  9.498555999999999767e+04   8.527579554276661947e+05   1.658003333333333558e+03   1.640847727003603723e+04   0.000000000000000000e+00   9.453511032984970863e-02
  9.398571199999999953e+04   8.527045017036750214e+05   1.640550666666666757e+03   1.644019724784116625e+04   0.000000000000000000e+00   1.057152186649994580e-01
  9.298586400000000140e+04   8.526503927290717838e+05   1.623097999999999956e+03   1.647376272592875466e+04   0.000000000000000000e+00   5.784181576660504809e-02
  9.198601600000000326e+04   8.525955166813950054e+05   1.605645333333333383e+03   1.650741510342198671e+04   0.000000000000000000e+00   1.237871425023543137e-01
  9.098616800000000512e+04   8.525399574203017401e+05   1.588192666666666810e+03   1.654305934110563976e+04   0.000000000000000000e+00   1.331550878744059696e-01
  8.998632000000000698e+04   8.524836673520919867e+05   1.570740000000000009e+03   1.658018310828178073e+04   0.000000000000000000e+00   1.366652377165841759e-01
  8.898647200000000885e+04   8.524266316362603102e+05   1.553287333333333436e+03   1.661886902401618863e+04   0.000000000000000000e+00   1.321828180626335725e-01
  8.798662400000001071e+04   8.523688779026207048e+05   1.535834666666666635e+03   1.665940026987078818e+04   0.000000000000000000e+00   1.495864503090753653e-02
  8.698677600000001257e+04   8.523103157938702498e+05   1.518382000000000062e+03   1.670134082469416171e+04   0.000000000000000000e+00  -4.774828255488856865e-02
  8.598692800000001444e+04   8.522509516932341503e+05   1.500929333333333489e+03   1.674511051396856055e+04   0.000000000000000000e+00  -8.896779299838933341e-02
  8.498708000000001630e+04   8.521907744011115283e+05   1.483476666666666688e+03   1.679083923501101890e+04   0.000000000000000000e+00  -1.260930746321823614e-01
  8.398723200000000361e+04   8.521297220963011496e+05   1.466024000000000115e+03   1.683884987108820133e+04   0.000000000000000000e+00  -6.961723129925045939e-02
  8.298738400000000547e+04   8.520678426343370229e+05   1.448571333333333314e+03   1.688903526476848492e+04   0.000000000000000000e+00  -6.205094956070182632e-02
  8.198753600000000733e+04   8.520051027799959993e+05   1.431118666666666741e+03   1.694162787853396367e+04   0.000000000000000000e+00  -7.521860269146686540e-02
  8.098768800000000920e+04   8.519414729850337608e+05   1.413665999999999940e+03   1.699680929403866685e+04   0.000000000000000000e+00  -9.791833895402013432e-02
  7.998784000000001106e+04   8.518769274268130539e+05   1.396213333333333367e+03   1.705476886737347741e+04   0.000000000000000000e+00  -1.267577652478595607e-01
  7.898799199999999837e+04   8.518114404044533148e+05   1.378760666666666793e+03   1.711575135869652877e+04   0.000000000000000000e+00  -1.481900283060406387e-01
  7.798814400000001478e+04   8.517449980159056140e+05   1.361307999999999993e+03   1.718017433197117862e+04   0.000000000000000000e+00  -1.099971390964536305e-01
  7.698829600000000210e+04   8.516775485024609370e+05   1.343855333333333419e+03   1.724803668552693489e+04   0.000000000000000000e+00  -1.058811411905367650e-01
  7.598844800000000396e+04   8.516090607028664090e+05   1.326402666666666619e+03   1.731967825840637670e+04   0.000000000000000000e+00  -1.224698388323301607e-01
  7.498860000000000582e+04   8.515395061534570996e+05   1.308950000000000045e+03   1.739544517168063612e+04   0.000000000000000000e+00  -1.465390795531098800e-01
  7.398875200000000768e+04   8.514688479248624062e+05   1.291497333333333472e+03   1.747573717390355887e+04   0.000000000000000000e+00  -1.664896243321522806e-01
  7.298890400000000955e+04   8.513971153968037106e+05   1.274044666666666672e+03   1.755963765070240697e+04   0.000000000000000000e+00   9.316699349343503245e-02
  7.198905599999999686e+04   8.513240800571095897e+05   1.256592000000000098e+03   1.765033098006287037e+04   0.000000000000000000e+00   2.741877903850048481e-02
  7.098920800000001327e+04   8.512498470614341786e+05   1.239139333333333298e+03   1.774702719094252461e+04   0.000000000000000000e+00   6.859323910009786562e-04
  6.998936000000001513e+04   8.511743290496098343e+05   1.221686666666666724e+03   1.785031471283143401e+04   0.000000000000000000e+00   6.772278069140232060e-02
  6.898951200000000244e+04   8.510974535526731052e+05   1.204234000000000151e+03   1.796091589361159276e+04   0.000000000000000000e+00   1.358869868447847018e-01
  6.798966400000000431e+04   8.510191718192266999e+05   1.186781333333333350e+03   1.807944796368446259e+04   0.000000000000000000e+00   1.141799429564758772e-01
  6.698981600000000617e+04   8.509393649744045688e+05   1.169328666666666777e+03   1.820698156866020145e+04   0.000000000000000000e+00   1.167702070972063827e-01
  6.598996800000000803e+04   8.508579378303134581e+05   1.151875999999999976e+03   1.834457315772938091e+04   0.000000000000000000e+00   1.444097081655007220e-01
  6.499011999999999534e+04   8.507747837260494707e+05   1.134423333333333403e+03   1.849331256270388621e+04   0.000000000000000000e+00   1.265544527511015815e-01
  6.399027199999999721e+04   8.506897823327471269e+05   1.116970666666666830e+03   1.865474289170936026e+04   0.000000000000000000e+00   1.302653500490062177e-01
  6.299042400000001362e+04   8.506027823882041266e+05   1.099518000000000029e+03   1.883059537024489691e+04   0.000000000000000000e+00   1.652856161788358036e-01
  6.199057600000000093e+04   8.505136042106488021e+05   1.082065333333333456e+03   1.902269726320936024e+04   0.000000000000000000e+00   1.589840052954588356e-01
  6.099072800000000279e+04   8.504219987189889653e+05   1.064612666666666655e+03   1.923357505688599485e+04   0.000000000000000000e+00   1.674054875938985332e-01
  5.999088000000000466e+04   8.503274997662316309e+05   1.047160000000000082e+03   1.946930953786664759e+04   0.000000000000000000e+00  -6.130387303663432236e-02
  5.899103200000000652e+04   8.502301321532373549e+05   1.029707333333333509e+03   1.972664295248385679e+04   0.000000000000000000e+00  -3.805835412319096001e-02
  5.799118400000000838e+04   8.501292433490934782e+05   1.012254666666666708e+03   2.001317462256002182e+04   0.000000000000000000e+00  -1.308017015211682121e-01
  5.699133599999999569e+04   8.500242669768040068e+05   9.948019999999999072e+02   2.033420049412472872e+04   0.000000000000000000e+00  -1.189023129359687153e-01
  5.599148800000001211e+04   8.499144910857960349e+05   9.773493333333333339e+02   2.069606580911660058e+04   0.000000000000000000e+00  -1.278198893290658222e-01
  5.499163999999999942e+04   8.497989036660215352e+05   9.598966666666667606e+02   2.110687452257234690e+04   0.000000000000000000e+00  -1.604758215655328890e-01
  5.399179200000000128e+04   8.496761453939188505e+05   9.424439999999999600e+02   2.157693361841227670e+04   0.000000000000000000e+00  -1.602536204885322835e-01
  5.299194400000000314e+04   8.495444413946754066e+05   9.249913333333333867e+02   2.211920379189505547e+04   0.000000000000000000e+00  -1.645027210715702681e-01
  5.199209600000000501e+04   8.494012453082210850e+05   9.075386666666665860e+02   2.275046971822526757e+04   0.000000000000000000e+00  -1.769675523353094193e-01
  5.099224800000000687e+04   8.492429806928418111e+05   8.900860000000000127e+02   2.349227214353746604e+04   0.000000000000000000e+00  -1.820565082735743911e-01
  4.999239999999999418e+04   8.490652271066594403e+05   8.726333333333334394e+02   2.436549204757484040e+04   0.000000000000000000e+00   5.964245683845614127e-02
  4.899255200000001059e+04   8.488593436209873762e+05   8.551806666666666388e+02   2.541872901894812821e+04   0.000000000000000000e+00   8.413499559797728289e-02
  4.799270400000001246e+04   8.486156069097800646e+05   8.377280000000000655e+02   2.668635913692558097e+04   0.000000000000000000e+00   1.294594442497764564e-01
  4.699285599999999977e+04   8.483196696803155355e+05   8.202753333333332648e+02   2.821336428531523779e+04   0.000000000000000000e+00   1.322421048385700737e-01
  4.599300800000000163e+04   8.479532119851286989e+05   8.028226666666664642e+02   3.003844530483077324e+04   0.000000000000000000e+00   1.425121325408911788e-01
  4.499316000000000349e+04   8.474959093430567300e+05   7.853700000000001182e+02   3.217591315258888062e+04   0.000000000000000000e+00   1.290922265684182890e-01
  4.399331200000000536e+04   8.469301780545627698e+05   7.679173333333333176e+02   3.459688499417695130e+04   0.000000000000000000e+00   3.542651887380768305e-02
  4.299346400000000722e+04   8.462436947960837279e+05   7.504646666666667443e+02   3.723981017312870972e+04   0.000000000000000000e+00  -1.738500519118096055e-01
  4.199361599999999453e+04   8.454399500130440574e+05   7.330119999999999436e+02   3.999050554231286515e+04   0.000000000000000000e+00  -1.593135051726118634e-01
  4.099376800000001094e+04   8.445209333315370604e+05   7.155593333333331429e+02   4.277743017465659796e+04   0.000000000000000000e+00  -1.053019621194580119e-01
  3.999391999999999825e+04   8.434913063900894485e+05   6.981066666666667970e+02   4.554290759961248114e+04   0.000000000000000000e+00   1.768081625924375067e-01
  3.899407200000000012e+04   8.423439569378101733e+05   6.806539999999999964e+02   4.827900164633205713e+04   0.000000000000000000e+00   1.678591786494196825e-01
  3.799422400000000198e+04   8.410704312340198085e+05   6.632013333333334231e+02   5.097904439755142812e+04   0.000000000000000000e+00   1.480205101401659284e-01
  3.699437600000000384e+04   8.396537342218615813e+05   6.457486666666666224e+02   5.365239271557101893e+04   0.000000000000000000e+00   1.163951228024093371e-01
  3.599452800000000570e+04   8.380698834175447701e+05   6.282959999999998217e+02   5.631259443875667785e+04   0.000000000000000000e+00   5.513084267707759473e-02
  3.499468000000000757e+04   8.362851010633480037e+05   6.108433333333334758e+02   5.897804782026427711e+04   0.000000000000000000e+00  -1.975168931685427065e-01
  3.399483199999999488e+04   8.342687376185231842e+05   5.933906666666666752e+02   6.164458579447343072e+04   0.000000000000000000e+00  -1.969791253532359732e-01
  3.299498399999999674e+04   8.319793613522619708e+05   5.759380000000001019e+02   6.431210422375094640e+04   0.000000000000000000e+00  -1.756317215294071199e-01
  3.199513599999999860e+04   8.293814022780862870e+05   5.584853333333335286e+02   6.695632149132837367e+04   0.000000000000000000e+00  -1.479610162369093262e-01
  3.099528800000000047e+04   8.264521355186161818e+05   5.410326666666665005e+02   6.952792180467676371e+04   0.000000000000000000e+00  -9.833666909428061265e-02
  2.999544000000001688e+04   8.231957410612545209e+05   5.235799999999999272e+02   7.194875416062996374e+04   0.000000000000000000e+00   1.707705473014584363e-01
  2.899559199999998964e+04   8.196365376416436629e+05   5.061273333333333539e+02   7.413725362365730689e+04   0.000000000000000000e+00   1.428718051183547333e-01
  2.799574399999999150e+04   8.158306120006301207e+05   4.886746666666667807e+02   7.600825476888529374e+04   0.000000000000000000e+00   8.233181790579520432e-02
  2.699589600000000792e+04   8.118380666941991076e+05   4.712220000000002074e+02   7.750733584738940408e+04   0.000000000000000000e+00  -1.541952328318211274e-01
  2.599604800000000978e+04   8.077251053820663365e+05   4.537693333333331793e+02   7.860245481157147151e+04   0.000000000000000000e+00  -9.766603265225969055e-02
  2.499620000000001164e+04   8.035407365370267071e+05   4.363166666666666060e+02   7.929423716492642416e+04   0.000000000000000000e+00   1.678680720838294782e-01
  2.399635199999999895e+04   7.993136417406849796e+05   4.188640000000000327e+02   7.960719544467786909e+04   0.000000000000000000e+00   1.045611490235429930e-01
  2.299650400000000081e+04   7.950649274234748445e+05   4.014113333333334594e+02   7.957163259191118414e+04   0.000000000000000000e+00  -2.084683135429821477e-01
  2.199665600000000268e+04   7.908127838039711351e+05   3.839586666666668862e+02   7.921343885968756513e+04   0.000000000000000000e+00  -2.133936393789875319e-01
  2.099680800000000454e+04   7.865631245653454680e+05   3.665059999999998581e+02   7.856252433428082441e+04   0.000000000000000000e+00  -3.023289255568550327e-01
  1.999696000000000640e+04   7.823206633292528568e+05   3.490533333333332848e+02   7.763994628120365087e+04   0.000000000000000000e+00   2.844095450824844495e-01
  1.899711199999999371e+04   7.780830836538682925e+05   3.316006666666667115e+02   7.647414595008017204e+04   0.000000000000000000e+00  -2.356945859793633802e-01
  1.799726399999999558e+04   7.738553151554275537e+05   3.141480000000001382e+02   7.505134811708651250e+04   0.000000000000000000e+00   6.690169259720182837e-02
  1.699741599999999744e+04   7.696356081129342783e+05   2.966953333333335650e+02   7.339526384905392479e+04   0.000000000000000000e+00   2.922445002685069571e-01
  1.599756799999999930e+04   7.654206949103943771e+05   2.792426666666665369e+02   7.148151885468115506e+04   0.000000000000000000e+00   2.744319333721781384e-01
  1.499772000000000116e+04   7.612094183651087806e+05   2.617899999999999636e+02   6.927489464844742906e+04   0.000000000000000000e+00  -3.296734490483871904e-01
  1.399787200000000303e+04   7.569946885275245877e+05   2.443373333333333903e+02   6.673726040305581409e+04   0.000000000000000000e+00  -2.676318313681466110e-01
  1.299802400000000489e+04   7.527747787554161623e+05   2.268846666666668170e+02   6.380762392409990571e+04   0.000000000000000000e+00  -3.495021932137453158e-01
  1.199817600000000675e+04   7.485344206371123437e+05   2.094319999999997890e+02   6.039538423982384847e+04   0.000000000000000000e+00   8.648968292996270235e-02
  1.099832800000000861e+04   7.442631410414418206e+05   1.919793333333332157e+02   5.643368300651889149e+04   0.000000000000000000e+00  -3.310048247243481678e-01
  9.998480000000010477e+03   7.399376907100802055e+05   1.745266666666666424e+02   5.184190760919564491e+04   0.000000000000000000e+00  -3.103088692826490580e-01
  8.998631999999983236e+03   7.355396325921259122e+05   1.570740000000000691e+02   4.664239682848149096e+04   0.000000000000000000e+00  -2.100863234686220216e-01
  7.998783999999985099e+03   7.310562607904410688e+05   1.396213333333334958e+02   4.095431861255954573e+04   0.000000000000000000e+00   3.462711310690013145e-01
  6.998936000000016065e+03   7.264895453811703483e+05   1.221686666666664678e+02   3.500283648015157814e+04   0.000000000000000000e+00   2.140577056045775417e-01
  5.999088000000017928e+03   7.218554237867582124e+05   1.047159999999998945e+02   2.901918763867129383e+04   0.000000000000000000e+00  -3.233109404325980041e-01
  4.999240000000019791e+03   7.171740472139528720e+05   8.726333333333332121e+01   2.315877949716014700e+04   0.000000000000000000e+00   3.811494617911954652e-01
  3.999391999999992549e+03   7.124660088803748367e+05   6.981066666666674791e+01   1.752946926654491108e+04   0.000000000000000000e+00   1.731767527731782053e-01
  2.999543999999994412e+03   7.077480665444541955e+05   5.235800000000017462e+01   1.218227407407095234e+04   0.000000000000000000e+00  -3.368491370144691688e-01
  1.999695999999996275e+03   7.030302363555001793e+05   3.490533333333314658e+01   7.114895589334266333e+03   0.000000000000000000e+00   2.564030753179838418e-01
  9.998479999999981374e+02   6.983189136855414836e+05   1.745266666666657329e+01   2.313939094165791630e+03   0.000000000000000000e+00   2.733149830299477778e-01
  0.000000000000000000e+00   6.936191896405620500e+05   0.000000000000000000e+00  -2.230018414099912206e+03   0.000000000000000000e+00  -2.566250020349521987e-01
 -9.998479999999981374e+02   6.889327897444112459e+05  -1.745266666666657329e+01  -6.541430656879425442e+03   0.000000000000000000e+00  -5.448156798714337556e-01
 -1.999695999999996275e+03   6.842599634571134811e+05  -3.490533333333314658e+01  -1.064505301553025129e+04   0.000000000000000000e+00  -6.347848225653940357e-01
 -2.999543999999994412e+03   6.796004278408449609e+05  -5.235800000000017462e+01  -1.456144536876736311e+04   0.000000000000000000e+00  -6.387124509070006839e-01
 -3.999391999999992549e+03   6.749534548974636709e+05  -6.981066666666674791e+01  -1.830860156786286097e+04   0.000000000000000000e+00  -4.620013545796520793e-01
 -4.999239999999990687e+03   6.703182782119298354e+05  -8.726333333333332121e+01  -2.190010626442281136e+04   0.000000000000000000e+00   6.515034708221799642e-01
 -5.999088000000017928e+03   6.656927719581220299e+05  -1.047159999999998945e+02  -2.535746616308211378e+04   0.000000000000000000e+00   1.230536010148615800e+00
 -6.998936000000016065e+03   6.610758953183980193e+05  -1.221686666666664678e+02  -2.869095031334160740e+04   0.000000000000000000e+00   5.000025251586991182e+00
 -7.998783999999985099e+03   6.301392839247747324e+05  -1.396213333333334958e+02   2.220832005719194422e+05   0.000000000000000000e+00  -4.131199233435613460e-01
 -8.998631999999983236e+03   6.259588088566145161e+05  -1.570740000000000691e+02   2.235383729551053839e+05   0.000000000000000000e+00  -6.272706161371663924e-01
 -9.998479999999981374e+03   6.217958372898986563e+05  -1.745266666666666424e+02   2.250104499467883143e+05   0.000000000000000000e+00  -5.028193251321876334e-01
 -1.099832800000000861e+04   6.176440136399876792e+05  -1.919793333333332157e+02   2.265208807883386326e+05   0.000000000000000000e+00  -3.743118647203919624e-01
 -1.199817600000000675e+04   6.134963697026459267e+05  -2.094319999999997890e+02   2.280978528865899716e+05   0.000000000000000000e+00   8.744798737809509337e-01
 -1.299802400000000489e+04   6.093468566640645731e+05  -2.268846666666668170e+02   2.297689038125115330e+05   0.000000000000000000e+00   6.118684041259391249e-01
 -1.399787200000000303e+04   6.051864167895683786e+05  -2.443373333333333903e+02   2.315810400377757614e+05   0.000000000000000000e+00  -1.092626021866467845e+00
 -1.499772000000000116e+04   6.009986567125233123e+05  -2.617899999999999636e+02   2.336265053306409391e+05   0.000000000000000000e+00   1.465567013978758659e+00
 -1.599756799999999930e+04   5.967616725748010213e+05  -2.792426666666665369e+02   2.360378004668994399e+05   0.000000000000000000e+00  -5.551283849671786896e+00
 -1.699741599999999744e+04  -3.777725114452712005e+05  -2.966953333333331102e+02   4.535787822281786794e+04   0.000000000000000000e+00   1.102616086434536373e+04
 -1.799726399999999558e+04  -3.868684429328346741e+05  -3.141480000000001382e+02   4.972784168057448551e+04   0.000000000000000000e+00   1.086635254645151144e+04
 -1.899711199999999371e+04  -3.957782067200230667e+05  -3.316006666666667115e+02   5.380076157222503389e+04   0.000000000000000000e+00   1.069772026685969104e+04
 -1.999696000000002095e+04  -4.045616034444432007e+05  -3.490533333333332848e+02   5.758075263462441944e+04   0.000000000000000000e+00   1.051577107084793897e+04
 -2.099680800000001909e+04  -4.132796359460782842e+05  -3.665059999999998581e+02   6.105640237525632983e+04   0.000000000000000000e+00   1.031414749263974227e+04
 -2.199665600000001723e+04  -4.219967719505506102e+05  -3.839586666666664314e+02   6.418510366229644569e+04   0.000000000000000000e+00   1.008328225639310222e+04
 -2.299650399999998626e+04  -4.308163740948894992e+05  -4.014113333333334594e+02   6.685875051787572738e+04   0.000000000000000000e+00   9.804580271887421986e+03
 -2.399635199999998440e+04  -2.046257175836652750e+05  -4.188640000000000327e+02  -3.558443111032817797e+03   0.000000000000000000e+00   6.188951030769616409e+03
 -2.499620000000001164e+04  -2.127117257996109838e+05  -4.363166666666666060e+02  -3.701684656674801772e+03   0.000000000000000000e+00   6.192055851155066193e+03
 -2.599604800000000978e+04  -2.207906304602085438e+05  -4.537693333333331793e+02  -3.842025040399732006e+03   0.000000000000000000e+00   6.194877621937906952e+03
 -2.699589600000000792e+04  -2.288013682638830505e+05  -4.712219999999997526e+02  -3.981475121157789545e+03   0.000000000000000000e+00   6.197096127293611062e+03
 -2.799574400000000605e+04  -2.367083378442914691e+05  -4.886746666666667807e+02  -4.120042247808431966e+03   0.000000000000000000e+00   6.199590638126420345e+03
 -2.899559200000000419e+04  -2.445464426935330266e+05  -5.061273333333333539e+02  -4.258037386900197816e+03   0.000000000000000000e+00   6.203224701825516604e+03
 -2.999544000000000233e+04  -2.523716950471245800e+05  -5.235799999999999272e+02  -4.395092295412706335e+03   0.000000000000000000e+00   6.207760740092133346e+03
 -3.099528800000000047e+04  -2.601874947683911014e+05  -5.410326666666669553e+02  -4.531111208733308558e+03   0.000000000000000000e+00   6.212210763065631909e+03
 -3.199513599999999860e+04  -2.679394306724086637e+05  -5.584853333333330738e+02  -4.666180131591595455e+03   0.000000000000000000e+00   6.216140135499811549e+03
 -3.299498399999999674e+04  -2.755867752095162286e+05  -5.759380000000001019e+02  -4.800349483347781643e+03   0.000000000000000000e+00   6.220262258868702702e+03
 -3.399483199999999488e+04  -2.831512974780818331e+05  -5.933906666666666752e+02  -4.933746821245620595e+03   0.000000000000000000e+00   6.225517267110576540e+03
 -3.499468000000002212e+04  -2.906866129705698695e+05  -6.108433333333332484e+02  -5.066216345860250840e+03   0.000000000000000000e+00   6.231966450849434295e+03
 -3.599452800000002026e+04  -2.982136252218338195e+05  -6.282960000000002765e+02  -5.197568222665269786e+03   0.000000000000000000e+00   6.238776849779227632e+03
 -3.699437599999998929e+04  -3.056950764670459903e+05  -6.457486666666663950e+02  -5.327886990065864666e+03   0.000000000000000000e+00   6.245231788516722190e+03
 -3.799422399999998743e+04  -3.130810218871176476e+05  -6.632013333333334231e+02  -5.457313206444054231e+03   0.000000000000000000e+00   6.251628486300096483e+03
 -3.899407199999998556e+04  -3.203676996964857099e+05  -6.806539999999999964e+02  -5.585822337848481766e+03   0.000000000000000000e+00   6.258918635117546728e+03
 -3.999392000000001281e+04  -3.275969571590364794e+05  -6.981066666666665697e+02  -5.713465065009108002e+03   0.000000000000000000e+00   6.267645189870909235e+03
 -4.099376800000001094e+04  -3.348098305431113113e+05  -7.155593333333335977e+02  -5.839947131943536988e+03   0.000000000000000000e+00   6.277409589779547787e+03
 -4.199361600000000908e+04  -3.420017473561192746e+05  -7.330120000000001710e+02  -5.965276573899936920e+03   0.000000000000000000e+00   6.287337611143362665e+03
 -4.299346400000000722e+04  -3.491278146539406735e+05  -7.504646666666667443e+02  -6.089633804977232103e+03   0.000000000000000000e+00   6.297051183170643526e+03
 -4.399331200000000536e+04  -3.561532524032448418e+05  -7.679173333333333176e+02  -6.213172310682813077e+03   0.000000000000000000e+00   6.307104483707096733e+03
 -4.499316000000000349e+04  -3.630886125904135988e+05  -7.853699999999998909e+02  -6.335758443464753327e+03   0.000000000000000000e+00   6.318381598188198950e+03
 -4.599300800000000163e+04  -3.699751484438022599e+05  -8.028226666666669189e+02  -6.457291416274746553e+03   0.000000000000000000e+00   6.331238612409016241e+03
 -4.699285599999999977e+04  -3.768451222845957382e+05  -8.202753333333334922e+02  -6.577569105326634599e+03   0.000000000000000000e+00   6.345210337847805931e+03
 -4.799270399999999790e+04  -3.836902760941429297e+05  -8.377280000000000655e+02  -6.696705866692944255e+03   0.000000000000000000e+00   6.359485198786690489e+03
 -4.899255199999999604e+04  -3.904705049873196403e+05  -8.551806666666666388e+02  -6.814892696791705930e+03   0.000000000000000000e+00   6.373715714900390594e+03
 -4.999240000000002328e+04  -3.971547872630566708e+05  -8.726333333333332121e+02  -6.932355745633207334e+03   0.000000000000000000e+00   6.388376521136539850e+03
 -5.099224800000002142e+04  -4.037498470592187950e+05  -8.900860000000002401e+02  -7.049008172331327842e+03   0.000000000000000000e+00   6.404292366073535959e+03
 -5.199209599999999045e+04  -4.102894397673055064e+05  -9.075386666666668134e+02  -7.164320453280421134e+03   0.000000000000000000e+00   6.421931766901010633e+03
 -5.299194399999998859e+04  -4.168073816643226310e+05  -9.249913333333338414e+02  -7.278328024744212598e+03   0.000000000000000000e+00   6.441030744703056371e+03
 -5.399179199999998673e+04  -4.233073021557035390e+05  -9.424439999999999600e+02  -7.391313008782415636e+03   0.000000000000000000e+00   6.460860588931135680e+03
 -5.499164000000001397e+04  -4.297606105519660050e+05  -9.598966666666665333e+02  -7.503271837629990841e+03   0.000000000000000000e+00   6.480851781080945329e+03
 -5.599148800000001211e+04  -4.361328428687413689e+05  -9.773493333333335613e+02  -7.614387770502548847e+03   0.000000000000000000e+00   6.501111947459974544e+03
 -5.699133600000001024e+04  -4.424138049000349711e+05  -9.948020000000001346e+02  -7.724813029972283402e+03   0.000000000000000000e+00   6.522324047608277397e+03
 -5.799118400000000838e+04  -4.486237448663782561e+05  -1.012254666666667163e+03  -7.834415452047594044e+03   0.000000000000000000e+00   6.545177766387120755e+03
 -5.899103200000000652e+04  -4.547957822266039439e+05  -1.029707333333333281e+03  -7.942428384402477604e+03   0.000000000000000000e+00   6.569880643681597576e+03
 -5.999088000000000466e+04  -4.609527829345563077e+05  -1.047159999999999854e+03  -8.049542444222510312e+03   0.000000000000000000e+00   6.596034475843991459e+03
 -6.099072800000000279e+04  -4.670904299784928444e+05  -1.064612666666666883e+03  -8.155541405669017877e+03   0.000000000000000000e+00   6.622934572506800578e+03
 -6.199057600000000093e+04  -4.731814674300550250e+05  -1.082065333333333456e+03  -8.260532995547138853e+03   0.000000000000000000e+00   6.650106435125982898e+03
 -6.299042399999999907e+04  -4.791979301324626431e+05  -1.099518000000000484e+03  -8.364738534043081017e+03   0.000000000000000000e+00   6.677688432264472794e+03
 -6.399027199999999721e+04  -4.851329102833897341e+05  -1.116970666666666602e+03  -8.468269615581655671e+03   0.000000000000000000e+00   6.706314979117121766e+03
 -6.499012000000002445e+04  -4.910041321648738231e+05  -1.134423333333333176e+03  -8.570978820257156258e+03   0.000000000000000000e+00   6.736655193018366845e+03
 -6.598996800000002258e+04  -4.968412057105853455e+05  -1.151876000000000204e+03  -8.672628275874321844e+03   0.000000000000000000e+00   6.768998551110932567e+03
 -6.698981599999999162e+04  -5.026676480192839517e+05  -1.169328666666666777e+03  -8.773269203737439966e+03   0.000000000000000000e+00   6.803102351115802776e+03
 -6.798966399999998976e+04  -5.084871459722854779e+05  -1.186781333333333805e+03  -8.872831691248846255e+03   0.000000000000000000e+00   6.838343257474181883e+03
 -6.898951199999998789e+04  -5.142817822029419476e+05  -1.204233999999999924e+03  -8.971428991076745660e+03   0.000000000000000000e+00   6.874126492027667155e+03
 -6.998936000000001513e+04  -5.200254863018943579e+05  -1.221686666666666497e+03  -9.069290457386974595e+03   0.000000000000000000e+00   6.910311450197875274e+03
 -7.098920800000001327e+04  -5.257034248399328208e+05  -1.239139333333333525e+03  -9.166616623351519593e+03   0.000000000000000000e+00   6.947320573623990640e+03
 -7.198905600000001141e+04  -5.313221621523237554e+05  -1.256592000000000098e+03  -9.263459525510526873e+03   0.000000000000000000e+00   6.985864377323847293e+03
 -7.298890400000000955e+04  -5.369056917875872459e+05  -1.274044666666667126e+03  -9.359564754374572658e+03   0.000000000000000000e+00   7.026534846656166337e+03
 -7.398875200000000768e+04  -5.424829060226697475e+05  -1.291497333333333245e+03  -9.454935543964737008e+03   0.000000000000000000e+00   7.069518870706441703e+03
 -7.498859999999997672e+04  -5.480740182176179951e+05  -1.308949999999999818e+03  -9.549481596991572587e+03   0.000000000000000000e+00   7.114519902942368390e+03
 -7.598844800000000396e+04  -5.536809093588967808e+05  -1.326402666666666846e+03  -9.643230641840420503e+03   0.000000000000000000e+00   7.160929952174237769e+03
 -7.698829600000003120e+04  -5.592874769175705733e+05  -1.343855333333333419e+03  -9.736394949751374952e+03   0.000000000000000000e+00   7.208217625743335702e+03
 -7.798814400000000023e+04  -5.648722885140163125e+05  -1.361308000000000447e+03  -9.829278700955055683e+03   0.000000000000000000e+00   7.256326706925460712e+03
 -7.898799200000002747e+04  -5.704257379805637756e+05  -1.378760666666666566e+03  -9.922149541375816625e+03   0.000000000000000000e+00   7.305792032852819830e+03
 -7.998783999999999651e+04  -5.759595916380175622e+05  -1.396213333333333139e+03  -1.001512414434728817e+04   0.000000000000000000e+00   7.357502648986650456e+03
 -8.098768799999999464e+04  -5.815047657470197883e+05  -1.413666000000000167e+03  -1.010805952410510872e+04   0.000000000000000000e+00   7.412318830410778901e+03
 -8.198753600000002189e+04  -5.871010087313917466e+05  -1.431118666666666741e+03  -1.020103485191497930e+04   0.000000000000000000e+00   7.470761583710427658e+03
 -8.298738399999999092e+04  -5.927840746893676696e+05  -1.448571333333333769e+03  -1.029409175161736675e+04   0.000000000000000000e+00   7.532865193473676300e+03
 -8.398723200000001816e+04  -5.985736891644070856e+05  -1.466023999999999887e+03  -1.038747021441833931e+04   0.000000000000000000e+00   7.598279941841051368e+03
 -8.498707999999998719e+04  -6.044701249567490304e+05  -1.483476666666666915e+03  -1.048168574821085531e+04   0.000000000000000000e+00   7.666700216077638288e+03
 -8.598692800000001444e+04  -6.104678393440899672e+05  -1.500929333333333034e+03  -1.057749014076785170e+04   0.000000000000000000e+00   7.738505322205299308e+03
 -8.698677600000004168e+04  -6.165837974943224108e+05  -1.518382000000000062e+03  -1.067574781560615884e+04   0.000000000000000000e+00   7.815227514559598603e+03
 -8.798662400000001071e+04  -6.228863041687152581e+05  -1.535834666666667090e+03  -1.077741029692768461e+04   0.000000000000000000e+00   7.899614010251925720e+03
 -8.898647200000000885e+04  -6.295186384885696461e+05  -1.553287333333333208e+03  -1.088361504906233313e+04   0.000000000000000000e+00   7.995567074273601065e+03
 -8.998631999999997788e+04  -6.367331395273257513e+05  -1.570740000000000236e+03  -1.099703441046699481e+04   0.000000000000000000e+00   8.108600352009437302e+03
 -9.098616800000000512e+04  -6.449877918208434712e+05  -1.588192666666666355e+03  -1.112215006934965459e+04   0.000000000000000000e+00   8.248348264026233664e+03
 -9.198601600000003236e+04  -6.554520467560475226e+05  -1.605645333333333383e+03  -1.127973813027208780e+04   0.000000000000000000e+00   8.443463414834892319e+03
 -9.298586400000000140e+04  -8.526503869293957250e+05  -1.623098000000000411e+03  -1.647304281485367392e+04   0.000000000000000000e+00  -1.115244159904498072e-01
 -9.398571200000002864e+04  -8.527045379671072587e+05  -1.640550666666666530e+03  -1.644050468039272891e+04   0.000000000000000000e+00  -1.044502480849366088e-01
 -9.498555999999999767e+04  -8.527579854178453097e+05  -1.658003333333333558e+03  -1.640885964896636506e+04   0.000000000000000000e+00  -9.509681118494608953e-02
 -9.598540799999999581e+04  -8.528107564159913454e+05  -1.675455999999999676e+03  -1.637835977093282418e+04   0.000000000000000000e+00  -8.651701769518668761e-02
 -9.698525600000002305e+04  -8.528628631874320563e+05  -1.692908666666666704e+03  -1.634895001076829249e+04   0.000000000000000000e+00  -7.936691611442046879e-02
 -9.798510399999999208e+04  -8.529143163240833674e+05  -1.710361333333333732e+03  -1.632056890395420487e+04   0.000000000000000000e+00  -7.665753018055183887e-02
 -9.898495200000001932e+04  -8.529651071914846543e+05  -1.727813999999999851e+03  -1.629299464192710548e+04   0.000000000000000000e+00  -1.238445228394595837e-01
 -9.998479999999998836e+04  -8.530153027928617084e+05  -1.745266666666666879e+03  -1.626659446152612691e+04   0.000000000000000000e+00  -1.115281534623349946e-01
 -1.009846480000000156e+05  -8.530648828586130403e+05  -1.762719333333332997e+03  -1.624108251753425066e+04   0.000000000000000000e+00  -9.702139198484863170e-02
 -1.019844960000000137e+05  -8.531138582510619890e+05  -1.780172000000000025e+03  -1.621640966916175785e+04   0.000000000000000000e+00  -8.066727583304364457e-02
 -1.029843440000000119e+05  -8.531622395313463639e+05  -1.797624666666667054e+03  -1.619253524994471263e+04   0.000000000000000000e+00  -6.310135133522570827e-02
 -1.039841920000000100e+05  -8.532100369618639816e+05  -1.815077333333333172e+03  -1.616942138251264259e+04   0.000000000000000000e+00  -4.500526876810723165e-02
 -1.049840399999999790e+05  -8.532572605288368650e+05  -1.832530000000000200e+03  -1.614703293011723690e+04   0.000000000000000000e+00  -2.697535374552108636e-02
 -1.059838880000000063e+05  -8.533039198263647268e+05  -1.849982666666666319e+03  -1.612533689821065127e+04   0.000000000000000000e+00  -1.101715558292763915e-02
 -1.069837360000000335e+05  -8.533500247015235946e+05  -1.867435333333333347e+03  -1.610430366184185550e+04   0.000000000000000000e+00   6.783305311223393301e-03
 -1.079835840000000026e+05  -8.533955854410368484e+05  -1.884888000000000375e+03  -1.608389698829498593e+04   0.000000000000000000e+00   2.939401136672813164e-02
 -1.089834320000000298e+05  -8.534406419188132277e+05  -1.902340666666666493e+03  -1.606398003960400092e+04   0.000000000000000000e+00   7.679335405927080471e-02
 -1.099832799999999988e+05  -8.534851031746328808e+05  -1.919793333333333521e+03  -1.604492264585249904e+04   0.000000000000000000e+00   3.001733376398115286e-02
 -1.109831279999999970e+05  -8.535290837492718128e+05  -1.937245999999999640e+03  -1.602629567695002879e+04   0.000000000000000000e+00   2.931584294237414567e-02
 -1.119829760000000242e+05  -8.535725599596863613e+05  -1.954698666666666668e+03  -1.600821008754493596e+04   0.000000000000000000e+00   2.372847933304663218e-02
 -1.129828240000000224e+05  -8.536155278989393264e+05  -1.972151333333333696e+03  -1.599062994315465585e+04   0.000000000000000000e+00   2.927423406319071622e-02
 -1.139826720000000205e+05  -8.536579864263552008e+05  -1.989603999999999814e+03  -1.597351085574967510e+04   0.000000000000000000e+00   5.276911918576813326e-02
 -1.149825199999999604e+05  -8.536999638678884367e+05  -2.007056666666666843e+03  -1.595686308473308782e+04   0.000000000000000000e+00   6.625337781377892143e-02
 -1.159823680000000168e+05  -8.537414646655615652e+05  -2.024509333333332961e+03  -1.594067237515629859e+04   0.000000000000000000e+00   7.365763705620735624e-02
 -1.169822160000000149e+05  -8.537824955042973161e+05  -2.041961999999999989e+03  -1.592492533410462056e+04   0.000000000000000000e+00   7.668953830987167153e-02
 -1.179820640000000130e+05  -8.538230629036285682e+05  -2.059414666666667017e+03  -1.590960405454103602e+04   0.000000000000000000e+00   7.692628063334203126e-02
 -1.189819120000000112e+05  -8.538631736342991935e+05  -2.076867333333333136e+03  -1.589469034691007255e+04   0.000000000000000000e+00   7.497102258968056654e-02
 -1.199817600000000093e+05  -8.539028349467888474e+05  -2.094320000000000164e+03  -1.588017274882146921e+04   0.000000000000000000e+00   7.151126370314603298e-02
 -1.209816080000000075e+05  -8.539420534665052546e+05  -2.111772666666666282e+03  -1.586603391986584575e+04   0.000000000000000000e+00   6.672195322157054020e-02
 -1.219814560000000056e+05  -8.539808359651567880e+05  -2.129225333333333310e+03  -1.585226042107248213e+04   0.000000000000000000e+00   6.082711421038822924e-02
 -1.229813040000000037e+05  -8.540191892690191744e+05  -2.146678000000000338e+03  -1.583884155128712337e+04   0.000000000000000000e+00   5.486065235721642591e-02
 -1.239811520000000019e+05  -8.540571197007097071e+05  -2.164130666666666457e+03  -1.582576203635234742e+04   0.000000000000000000e+00   4.842022757782238340e-02
 -1.249810000000000000e+05  -8.540946334271361120e+05  -2.181583333333333485e+03  -1.581300831246964844e+04   0.000000000000000000e+00   4.071812119575635158e-02
 -1.259808479999999981e+05  -8.541317371220557252e+05  -2.199036000000000513e+03  -1.580057253635976303e+04   0.000000000000000000e+00   3.371884685624794431e-02
 -1.269806960000000545e+05  -8.541684369805128081e+05  -2.216488666666666631e+03  -1.578844277994100412e+04   0.000000000000000000e+00   2.769913640171996899e-02
 -1.279805439999999944e+05  -8.542047385455071926e+05  -2.233941333333333660e+03  -1.577660614655127938e+04   0.000000000000000000e+00   2.075053218864136503e-02
 -1.289803919999999925e+05  -8.542406479501331924e+05  -2.251393999999999778e+03  -1.576505395793448588e+04   0.000000000000000000e+00   1.396145702844549946e-02
 -1.299802399999999907e+05  -8.542761713180167135e+05  -2.268846666666666806e+03  -1.575377674022090650e+04   0.000000000000000000e+00   8.425938848354410163e-03
 -1.309800879999999888e+05  -8.543113140721502714e+05  -2.286299333333333834e+03  -1.574276453961551306e+04   0.000000000000000000e+00   3.143229381096359319e-03
 -1.319799360000000452e+05  -8.543460817877355730e+05  -2.303751999999999953e+03  -1.573200856393951108e+04   0.000000000000000000e+00  -1.850054259906030573e-03
 -1.329797839999999851e+05  -8.543804804106057854e+05  -2.321204666666666981e+03  -1.572149999951555765e+04   0.000000000000000000e+00  -5.561967673383694417e-03
 -1.339796320000000414e+05  -8.544145154941711808e+05  -2.338657333333333099e+03  -1.571123034809026285e+04   0.000000000000000000e+00  -8.047695380107199731e-03
 -1.349794799999999814e+05  -8.544481918850482907e+05  -2.356110000000000127e+03  -1.570119217501282037e+04   0.000000000000000000e+00  -1.029278697870281492e-02
 -1.359793279999999795e+05  -8.544815154390997486e+05  -2.373562666666667155e+03  -1.569137752536268272e+04   0.000000000000000000e+00  -1.134359503923038082e-02
 -1.369791760000000359e+05  -8.545144906104367692e+05  -2.391015333333333274e+03  -1.568177989577646440e+04   0.000000000000000000e+00  -1.219232325952765948e-02
 -1.379790239999999758e+05  -8.545471231635522563e+05  -2.408468000000000302e+03  -1.567239191717470385e+04   0.000000000000000000e+00  -1.184798541426287065e-02
 -1.389788720000000321e+05  -8.545794078010660596e+05  -2.425920666666666420e+03  -1.566321668180771485e+04   0.000000000000000000e+00  -2.149346776430931250e-02
 -1.399787199999999721e+05  -8.546113595003803493e+05  -2.443373333333333449e+03  -1.565424127661732200e+04   0.000000000000000000e+00  -2.879817997398071219e-02
 -1.409785680000000284e+05  -8.546429821136612445e+05  -2.460826000000000477e+03  -1.564546006602233865e+04   0.000000000000000000e+00  -3.482566767266356139e-02
 -1.419784160000000265e+05  -8.546742809280178044e+05  -2.478278666666666595e+03  -1.563686493531738597e+04   0.000000000000000000e+00  -3.902216978870852448e-02
 -1.429782640000000247e+05  -8.547052603748815600e+05  -2.495731333333333623e+03  -1.562844939731080922e+04   0.000000000000000000e+00  -4.173737517417053233e-02
 -1.439781120000000228e+05  -8.547359242468726588e+05  -2.513183999999999742e+03  -1.562020953018373984e+04   0.000000000000000000e+00  -4.356848482166317260e-02
 -1.449779599999999627e+05  -8.547662769424626604e+05  -2.530636666666666770e+03  -1.561213994970658132e+04   0.000000000000000000e+00  -4.454271718499072663e-02
 -1.459778080000000191e+05  -8.547963228001761017e+05  -2.548089333333333798e+03  -1.560423544003373354e+04   0.000000000000000000e+00  -4.470022803494013569e-02
 -1.469776560000000172e+05  -8.548260665012149839e+05  -2.565541999999999916e+03  -1.559648913730597087e+04   0.000000000000000000e+00  -4.420796749213446591e-02
 -1.479775040000000154e+05  -8.548555117146022385e+05  -2.582994666666666944e+03  -1.558889838565734863e+04   0.000000000000000000e+00  -4.320071834582499964e-02
 -1.489773520000000135e+05  -8.548846625393058639e+05  -2.600447333333333063e+03  -1.558145870705644666e+04   0.000000000000000000e+00  -4.174288174164925147e-02
 -1.499772000000000116e+05  -8.549135225900510559e+05  -2.617900000000000091e+03  -1.557416764431382580e+04   0.000000000000000000e+00  -3.951985132523176680e-02
