  0.000000000000000000e+00   8.598682900726493681e+05   0.000000000000000000e+00   1.505070521731482040e+04   0.000000000000000000e+00   0.000000000000000000e+00
  1.499772000000000116e+05   8.519424478675700957e+05   2.617900000000000091e+03   1.520538523851156242e+04   0.000000000000000000e+00   4.029763093056416834e-02
  1.489773520000000135e+05   8.518994910562331788e+05   2.600447333333333518e+03   1.520768774018444856e+04   0.000000000000000000e+00  -3.428132598051438634e-02
  1.479775040000000154e+05   8.518561533419133630e+05   2.582994666666666944e+03   1.521022555716075112e+04   0.000000000000000000e+00  -3.766032360766657233e-02
  1.469776560000000172e+05   8.518124281030256534e+05   2.565541999999999916e+03   1.521280125148266416e+04   0.000000000000000000e+00  -3.769154121395562607e-02
  1.459778080000000191e+05   8.517683123572652694e+05   2.548089333333333343e+03   1.521542615413868407e+04   0.000000000000000000e+00  -3.748727457285926795e-02
  1.449779600000000210e+05   8.517238007099387469e+05   2.530636666666666770e+03   1.521809980190861097e+04   0.000000000000000000e+00  -3.654675768606239356e-02
  1.439781120000000228e+05   8.516788889270322397e+05   2.513184000000000196e+03   1.522082583258333216e+04   0.000000000000000000e+00  -3.516107792491347805e-02
  1.429782640000000247e+05   8.516335716833415208e+05   2.495731333333333623e+03   1.522360454133424355e+04   0.000000000000000000e+00  -3.293524353469265420e-02
  1.419784159999999974e+05   8.515878441858486040e+05   2.478278666666666595e+03   1.522643831604986190e+04   0.000000000000000000e+00  -2.999423348603669562e-02
  1.409785679999999993e+05   8.515417013596217148e+05   2.460826000000000022e+03   1.522932898079801635e+04   0.000000000000000000e+00  -2.631401997821563796e-02
  1.399787200000000012e+05   8.514951382307865424e+05   2.443373333333333449e+03   1.523227885675530888e+04   0.000000000000000000e+00  -2.223975921099808489e-02
  1.389788720000000030e+05   8.514481493727189954e+05   2.425920666666666875e+03   1.523528932933636315e+04   0.000000000000000000e+00  -1.751243863277294338e-02
  1.379790240000000049e+05   8.514007296379322652e+05   2.408467999999999847e+03   1.523836264429473704e+04   0.000000000000000000e+00  -1.256178453257112554e-02
  1.369791760000000068e+05   8.513528732819736470e+05   2.391015333333333274e+03   1.524150028721411945e+04   0.000000000000000000e+00  -6.658946522973384873e-03
  1.359793280000000086e+05   8.513045749967442825e+05   2.373562666666666701e+03   1.524470474258994727e+04   0.000000000000000000e+00  -2.276558966813208300e-04
  1.349794800000000105e+05   8.512558293579027522e+05   2.356110000000000127e+03   1.524797817999656218e+04   0.000000000000000000e+00   6.183654251107347823e-03
  1.339796320000000123e+05   8.512066305435188115e+05   2.338657333333333554e+03   1.525132272065633879e+04   0.000000000000000000e+00   1.289742664553155879e-02
  1.329797840000000142e+05   8.511569728046404198e+05   2.321204666666666526e+03   1.525474069936536216e+04   0.000000000000000000e+00   1.981857062503140574e-02
  1.319799360000000161e+05   8.511068501740877982e+05   2.303751999999999953e+03   1.525823495976253253e+04   0.000000000000000000e+00   2.726522246930780310e-02
  1.309800880000000179e+05   8.510562569784197258e+05   2.286299333333333379e+03   1.526180723406413563e+04   0.000000000000000000e+00   3.420550602850652711e-02
  1.299802400000000198e+05   8.510051870556580834e+05   2.268846666666666806e+03   1.526546030925454397e+04   0.000000000000000000e+00   4.092089641210413381e-02
  1.289803920000000071e+05   8.509536341825724812e+05   2.251394000000000233e+03   1.526919757645552454e+04   0.000000000000000000e+00   4.762232431081591527e-02
  1.279805440000000090e+05   8.509015921717907768e+05   2.233941333333333205e+03   1.527302202651218431e+04   0.000000000000000000e+00   5.400853888856005369e-02
  1.269806960000000108e+05   8.508490546286043245e+05   2.216488666666666631e+03   1.527693864228953316e+04   0.000000000000000000e+00   6.020408410074316874e-02
  1.259808480000000127e+05   8.507960152872202452e+05   2.199036000000000058e+03   1.528096109366853671e+04   0.000000000000000000e+00   6.652730778974130788e-02
  1.249810000000000000e+05   8.507424748858339153e+05   2.181583333333333485e+03   1.528513293079121831e+04   0.000000000000000000e+00   6.268758142190861138e-02
  1.239811520000000019e+05   8.506884162870127475e+05   2.164130666666666912e+03   1.528933868269207414e+04   0.000000000000000000e+00   5.317533347333142091e-02
  1.229813040000000037e+05   8.506338342888986226e+05   2.146677999999999884e+03   1.529363251184962792e+04   0.000000000000000000e+00   4.481793008497851616e-02
  1.219814560000000056e+05   8.505787234381360468e+05   2.129225333333333310e+03   1.529802593902389890e+04   0.000000000000000000e+00   3.518543257463267737e-02
  1.209816080000000075e+05   8.505230765098023694e+05   2.111772666666666737e+03   1.530252171175926924e+04   0.000000000000000000e+00   2.509377414190536171e-02
  1.199817600000000093e+05   8.504668863895194372e+05   2.094320000000000164e+03   1.530712431740656211e+04   0.000000000000000000e+00   1.494004420994647815e-02
  1.189819120000000112e+05   8.504101460585015593e+05   2.076867333333333590e+03   1.531183858106581465e+04   0.000000000000000000e+00   4.418186324882221981e-03
  1.179820640000000130e+05   8.503528481711404165e+05   2.059414666666666562e+03   1.531666892821236615e+04   0.000000000000000000e+00  -6.289107133441774501e-03
  1.169822160000000149e+05   8.502949852549298666e+05   2.041961999999999989e+03   1.532162007895355055e+04   0.000000000000000000e+00  -1.703625221046719748e-02
  1.159823680000000168e+05   8.502365497068139957e+05   2.024509333333333416e+03   1.532669701279158835e+04   0.000000000000000000e+00  -2.769795326281456263e-02
  1.149825200000000186e+05   8.501775339739636984e+05   2.007056666666666843e+03   1.533190442191399416e+04   0.000000000000000000e+00  -3.878419739011434997e-02
  1.139826720000000205e+05   8.501179283012960805e+05   1.989604000000000042e+03   1.533725431073529217e+04   0.000000000000000000e+00  -4.407815155742746821e-02
  1.129828240000000078e+05   8.500577255485169590e+05   1.972151333333333241e+03   1.534275071430946264e+04   0.000000000000000000e+00  -4.694756893659754460e-02
  1.119829760000000097e+05   8.499969185942420736e+05   1.954698666666666668e+03   1.534839678834894949e+04   0.000000000000000000e+00  -5.035440642616755003e-02
  1.109831279999999970e+05   8.499354992412165739e+05   1.937246000000000095e+03   1.535419904429225062e+04   0.000000000000000000e+00  -5.421756180564150235e-02
  1.099832800000000134e+05   8.498734591144906590e+05   1.919793333333333521e+03   1.536016412313193905e+04   0.000000000000000000e+00  -5.853245859068921531e-02
  1.089834320000000007e+05   8.498107891090244520e+05   1.902340666666666721e+03   1.536630250437056930e+04   0.000000000000000000e+00  -6.102186272996381472e-02
  1.079835840000000026e+05   8.497474812254842836e+05   1.884887999999999920e+03   1.537261839925751337e+04   0.000000000000000000e+00  -6.406597906496384887e-02
  1.069837360000000044e+05   8.496835264793183887e+05   1.867435333333333347e+03   1.537912007233645818e+04   0.000000000000000000e+00  -6.761605686148960959e-02
  1.059838880000000063e+05   8.496189154054110404e+05   1.849982666666666773e+03   1.538582168123540396e+04   0.000000000000000000e+00  -6.848972153766913484e-02
  1.049840400000000081e+05   8.495536389872118598e+05   1.832530000000000200e+03   1.539273030665131046e+04   0.000000000000000000e+00  -6.794402262954599148e-02
  1.039841920000000100e+05   8.494876874630358070e+05   1.815077333333333399e+03   1.539985487071102034e+04   0.000000000000000000e+00  -6.661314958904079875e-02
  1.029843440000000119e+05   8.494210660639267880e+05   1.797624666666666599e+03   1.540667438505210521e+04   0.000000000000000000e+00  -4.662620056982902383e-02
  1.019844960000000137e+05   8.493537325261180522e+05   1.780172000000000025e+03   1.541420529863309821e+04   0.000000000000000000e+00  -2.079137186005285132e-02
  1.009846480000000156e+05   8.492856942006251775e+05   1.762719333333333452e+03   1.542202311773627298e+04   0.000000000000000000e+00   4.977047625237222307e-03
  9.998480000000000291e+04   8.492169432035429636e+05   1.745266666666666879e+03   1.543011112994166797e+04   0.000000000000000000e+00   1.493938380793507700e-02
  9.898495200000001932e+04   8.491474666930651292e+05   1.727814000000000078e+03   1.543847543770892844e+04   0.000000000000000000e+00   1.646093956446084000e-02
  9.798510400000000664e+04   8.490772522930285195e+05   1.710361333333333278e+03   1.544713041741054985e+04   0.000000000000000000e+00   1.303036730140150201e-02
  9.698525600000000850e+04   8.490062879775140900e+05   1.692908666666666704e+03   1.545609331770641984e+04   0.000000000000000000e+00   2.284382112340111338e-03
  9.598540799999999581e+04   8.489345383850678336e+05   1.675456000000000131e+03   1.546603712977004216e+04   0.000000000000000000e+00  -6.896906475445109541e-02
  9.498555999999999767e+04   8.488620675675313687e+05   1.658003333333333558e+03   1.547504348508336443e+04   0.000000000000000000e+00   2.634911033287585039e-02
  9.398571199999999953e+04   8.487887697411291301e+05   1.640550666666666757e+03   1.548567119527573959e+04   0.000000000000000000e+00  -7.439282945913000544e-02
  9.298586400000000140e+04   8.487147173793812981e+05   1.623097999999999956e+03   1.549541722803625635e+04   0.000000000000000000e+00   1.158820267101253604e-02
  9.198601600000000326e+04   8.486398208562049549e+05   1.605645333333333383e+03   1.550685419830392311e+04   0.000000000000000000e+00  -7.937201977209584758e-02
  9.098616800000000512e+04   8.485641229811395751e+05   1.588192666666666810e+03   1.551805894186667501e+04   0.000000000000000000e+00  -8.338565559069199828e-02
  8.998632000000000698e+04   8.484875912200306775e+05   1.570740000000000009e+03   1.552975905944046826e+04   0.000000000000000000e+00  -8.564192070282668212e-02
  8.898647200000000885e+04   8.484102125869407319e+05   1.553287333333333436e+03   1.554196099154075637e+04   0.000000000000000000e+00  -8.567716924587470695e-02
  8.798662400000001071e+04   8.483319954649519641e+05   1.535834666666666635e+03   1.555404298117134749e+04   0.000000000000000000e+00   3.243650118225852117e-03
  8.698677600000001257e+04   8.482528794671638170e+05   1.518382000000000062e+03   1.556730973297168566e+04   0.000000000000000000e+00  -5.738526499407628836e-03
  8.598692800000001444e+04   8.481728742497961503e+05   1.500929333333333489e+03   1.558121113692598192e+04   0.000000000000000000e+00   9.740163667321810256e-03
  8.498708000000001630e+04   8.480919631851062877e+05   1.483476666666666688e+03   1.559577514867174250e+04   0.000000000000000000e+00   1.654027713815969108e-02
  8.398723200000000361e+04   8.480101305083902553e+05   1.466024000000000115e+03   1.561105155726877638e+04   0.000000000000000000e+00   2.045640393368150511e-02
  8.298738400000000547e+04   8.479273588714348152e+05   1.448571333333333314e+03   1.562710005610356166e+04   0.000000000000000000e+00   2.756329283079296186e-02
  8.198753600000000733e+04   8.478436301520721754e+05   1.431118666666666741e+03   1.564398583695915841e+04   0.000000000000000000e+00   3.507663468670293300e-02
  8.098768800000000920e+04   8.477589257363195065e+05   1.413665999999999940e+03   1.566178041714344545e+04   0.000000000000000000e+00   3.903502585817279075e-02
  7.998784000000001106e+04   8.476732262716026744e+05   1.396213333333333367e+03   1.568056710305293200e+04   0.000000000000000000e+00   4.111842396446548087e-02
  7.898799199999999837e+04   8.475865109595567919e+05   1.378760666666666793e+03   1.570044166524484717e+04   0.000000000000000000e+00   4.406030228438161805e-02
  7.798814400000001478e+04   8.474987571167910937e+05   1.361307999999999993e+03   1.572151204600582787e+04   0.000000000000000000e+00   4.830260719998109159e-02
  7.698829600000000210e+04   8.474099404228025815e+05   1.343855333333333419e+03   1.574389993729315211e+04   0.000000000000000000e+00   5.194031984444683753e-02
  7.598844800000000396e+04   8.473200348555928795e+05   1.326402666666666619e+03   1.576774644198364331e+04   0.000000000000000000e+00   5.542590997214380533e-02
  7.498860000000000582e+04   8.472290121016487246e+05   1.308950000000000045e+03   1.579321372391647674e+04   0.000000000000000000e+00   5.770494405386732140e-02
  7.398875200000000768e+04   8.471368404533395078e+05   1.291497333333333472e+03   1.582049289018616400e+04   0.000000000000000000e+00   5.999506263319374921e-02
  7.298890400000000955e+04   8.470434845190715278e+05   1.274044666666666672e+03   1.584980781053272949e+04   0.000000000000000000e+00   6.292760824463536351e-02
  7.198905599999999686e+04   8.469489045566866407e+05   1.256592000000000098e+03   1.588142059377990154e+04   0.000000000000000000e+00   6.518270615586448102e-02
  7.098920800000001327e+04   8.468530545468705241e+05   1.239139333333333298e+03   1.591564576875984676e+04   0.000000000000000000e+00   6.817256077437559847e-02
  6.998936000000001513e+04   8.467558809366502101e+05   1.221686666666666724e+03   1.595286055374392527e+04   0.000000000000000000e+00   7.185070745068640463e-02
  6.898951200000000244e+04   8.466573204000086989e+05   1.204234000000000151e+03   1.599352232139145781e+04   0.000000000000000000e+00   7.578868507773862950e-02
  6.798966400000000431e+04   8.465572958230969962e+05   1.186781333333333350e+03   1.603819260239501818e+04   0.000000000000000000e+00   8.038771680385949081e-02
  6.698981600000000617e+04   8.464557120682103559e+05   1.169328666666666777e+03   1.608756481062648527e+04   0.000000000000000000e+00   8.328366211348160741e-02
  6.598996800000000803e+04   8.463524486179583473e+05   1.151875999999999976e+03   1.614251897495107369e+04   0.000000000000000000e+00   8.636817962246125246e-02
  6.499011999999999534e+04   8.462473491778299212e+05   1.134423333333333403e+03   1.620417603893250816e+04   0.000000000000000000e+00   8.925092630856870657e-02
  6.399027199999999721e+04   8.461402052680823253e+05   1.116970666666666830e+03   1.627399631600560679e+04   0.000000000000000000e+00   9.278592533577396939e-02
  6.299042400000001362e+04   8.460306272090537241e+05   1.099518000000000029e+03   1.635547292184552498e+04   0.000000000000000000e+00  -3.548664927029599597e-02
  6.199057600000000093e+04   8.459184159643501043e+05   1.082065333333333456e+03   1.644800260439213525e+04   0.000000000000000000e+00  -5.530796926815510078e-02
  6.099072800000000279e+04   8.458028671099025523e+05   1.064612666666666655e+03   1.655694426312056385e+04   0.000000000000000000e+00  -7.069549723356523263e-02
  5.999088000000000466e+04   8.456830547584842425e+05   1.047160000000000082e+03   1.668762362872590893e+04   0.000000000000000000e+00  -8.121194942039237918e-02
  5.899103200000000652e+04   8.455574659976764815e+05   1.029707333333333509e+03   1.684814898110246577e+04   0.000000000000000000e+00  -9.070097229064866262e-02
  5.799118400000000838e+04   8.454234552908107871e+05   1.012254666666666708e+03   1.705156222638775580e+04   0.000000000000000000e+00  -9.846103608762574178e-02
  5.699133599999999569e+04   8.452762633014853345e+05   9.948019999999999072e+02   1.731810261052497299e+04   0.000000000000000000e+00   4.729319434058218419e-02
  5.599148800000001211e+04   8.451040776801552856e+05   9.773493333333333339e+02   1.769828008186556326e+04   0.000000000000000000e+00   8.953329348486170625e-02
  5.499163999999999942e+04   8.448766317415507510e+05   9.598966666666667606e+02   1.829737751230222057e+04   0.000000000000000000e+00   1.100819537703599527e-01
  5.399179200000000128e+04   8.444531113776615821e+05   9.424439999999999600e+02   1.954001274756200655e+04   0.000000000000000000e+00  -1.135059884793072210e-01
  5.299194400000000314e+04   8.407519789330145577e+05   9.249913333333333867e+02   2.652401042562504153e+04   0.000000000000000000e+00   1.310474608925903117e-01
  5.199209600000000501e+04   8.376170172204419505e+05   9.075386666666665860e+02   2.941402747308094331e+04   0.000000000000000000e+00  -2.047716508805816071e-01
  5.099224800000000687e+04   3.806276074326436501e+05   8.900860000000000127e+02   6.647422193016021993e+03   0.000000000000000000e+00  -3.005303913630148145e+03
  4.999239999999999418e+04   3.741641906104294467e+05   8.726333333333334394e+02   6.535112562707005964e+03   0.000000000000000000e+00  -2.994472040296278010e+03
  4.899255200000001059e+04   3.676501904672040837e+05   8.551806666666666388e+02   6.421250872046035511e+03   0.000000000000000000e+00  -2.984352494352663143e+03
  4.799270400000001246e+04   3.610795798599981354e+05   8.377280000000000655e+02   6.306595365183331523e+03   0.000000000000000000e+00  -2.974753311623519039e+03
  4.699285599999999977e+04   3.544633877173546935e+05   8.202753333333332648e+02   6.191149107589202686e+03   0.000000000000000000e+00  -2.965569237842200437e+03
  4.599300800000000163e+04   3.478102308735230472e+05   8.028226666666664642e+02   6.074795907930782050e+03   0.000000000000000000e+00  -2.956928336754085649e+03
  4.499316000000000349e+04   3.411108648027213640e+05   7.853700000000001182e+02   5.957622618022747702e+03   0.000000000000000000e+00  -2.948910807938459129e+03
  4.399331200000000536e+04   3.343549224261111231e+05   7.679173333333333176e+02   5.839632873149663283e+03   0.000000000000000000e+00  -2.941365579443533534e+03
  4.299346400000000722e+04   3.275515804979607346e+05   7.504646666666667443e+02   5.720837180212284693e+03   0.000000000000000000e+00  -2.934147449324303125e+03
  4.199361599999999453e+04   3.207119171277501737e+05   7.330119999999999436e+02   5.601140210196671433e+03   0.000000000000000000e+00  -2.927362863579045552e+03
  4.099376800000001094e+04   3.138279551951588364e+05   7.155593333333331429e+02   5.480719830953109522e+03   0.000000000000000000e+00  -2.921118926886954796e+03
  3.999391999999999825e+04   3.068882382714897976e+05   6.981066666666667970e+02   5.359483911526655902e+03   0.000000000000000000e+00  -2.915279167958210110e+03
  3.899407200000000012e+04   2.999019269833161961e+05   6.806539999999999964e+02   5.237428202392849926e+03   0.000000000000000000e+00  -2.909691387007505455e+03
  3.799422400000000198e+04   2.928805423340757843e+05   6.632013333333334231e+02   5.114501732525917760e+03   0.000000000000000000e+00  -2.904464002461328619e+03
  3.699437600000000384e+04   2.858150834876479930e+05   6.457486666666666224e+02   4.990927404047744858e+03   0.000000000000000000e+00  -2.899703097372055254e+03
  3.599452800000000570e+04   2.786951226400137530e+05   6.282959999999998217e+02   4.866550771217248439e+03   0.000000000000000000e+00  -2.895258898922212666e+03
  3.499468000000000757e+04   2.715321025619488792e+05   6.108433333333334758e+02   4.741343530816634484e+03   0.000000000000000000e+00  -2.891001288197843223e+03
  3.399483199999999488e+04   2.643356774607318803e+05   5.933906666666666752e+02   4.615355273063521054e+03   0.000000000000000000e+00  -2.887065633698123747e+03
  3.299498399999999674e+04   2.570938578090297815e+05   5.759380000000001019e+02   4.488755293445087773e+03   0.000000000000000000e+00  -2.883524504658022579e+03
  3.199513599999999860e+04   2.498002195291084936e+05   5.584853333333335286e+02   4.361367128072492960e+03   0.000000000000000000e+00  -2.880196611316515373e+03
  3.099528800000000047e+04   2.424696265632676368e+05   5.410326666666665005e+02   4.233146760911131423e+03   0.000000000000000000e+00  -2.877013167600142879e+03
  2.999544000000001688e+04   2.351062553428994433e+05   5.235799999999999272e+02   4.104319456244287721e+03   0.000000000000000000e+00  -2.874140276276583791e+03
  2.899559199999998964e+04   2.276954615221003478e+05   5.061273333333333539e+02   3.974854196604909703e+03   0.000000000000000000e+00  -2.871572141341936003e+03
  2.799574399999999150e+04   2.202389526628246822e+05   4.886746666666667807e+02   3.844612040939251983e+03   0.000000000000000000e+00  -2.869112859995465897e+03
  2.699589600000000792e+04   2.127525815818165429e+05   4.712220000000002074e+02   3.713574726272709540e+03   0.000000000000000000e+00  -2.866800086403118712e+03
  2.599604800000000978e+04   2.052312149717325810e+05   4.537693333333331793e+02   3.582168061999349902e+03   0.000000000000000000e+00  -2.864786406692960099e+03
  2.499620000000001164e+04   1.976625903451400518e+05   4.363166666666666060e+02   3.450031098018057037e+03   0.000000000000000000e+00  -2.862953206005583525e+03
  2.399635199999999895e+04   1.900588646155185415e+05   4.188640000000000327e+02   3.317141913791060233e+03   0.000000000000000000e+00  -2.861163807162654848e+03
  2.299650400000000081e+04   1.824294893790727365e+05   4.014113333333334594e+02   3.183723623150942785e+03   0.000000000000000000e+00  -2.859566702113371775e+03
  2.199665600000000268e+04   1.747606499157108192e+05   3.839586666666668862e+02   3.049843143590209365e+03   0.000000000000000000e+00  -2.858208875266687301e+03
  2.099680800000000454e+04   1.670515606796960637e+05   3.665059999999998581e+02   2.915266323022467077e+03   0.000000000000000000e+00  -2.856896628212501582e+03
  1.999696000000000640e+04   1.593190950189864088e+05   3.490533333333332848e+02   2.780009174757420169e+03   0.000000000000000000e+00  -2.855649431352440843e+03
  1.899711199999999371e+04   1.515586078511354572e+05   3.316006666666667115e+02   2.644547422201105292e+03   0.000000000000000000e+00  -2.854627586168558537e+03
  1.799726399999999558e+04   1.437584100397976872e+05   3.141480000000001382e+02   2.508459049751474595e+03   0.000000000000000000e+00  -2.853709598248266502e+03
  1.699741599999999744e+04   1.359324556566452666e+05   2.966953333333335650e+02   2.371745971575546719e+03   0.000000000000000000e+00  -2.852777059874332281e+03
  1.599756799999999930e+04   1.280879645240303216e+05   2.792426666666665369e+02   2.234698278676764403e+03   0.000000000000000000e+00  -2.851995842806497876e+03
  1.499772000000000116e+04   1.202103015800589783e+05   2.617899999999999636e+02   2.097296663779155097e+03   0.000000000000000000e+00  -2.851372119007650781e+03
  1.399787200000000303e+04   1.123041227087701554e+05   2.443373333333333903e+02   1.959331863361075420e+03   0.000000000000000000e+00  -2.850718826612267094e+03
  1.299802400000000489e+04   1.043849031384874688e+05   2.268846666666668170e+02   1.820898586480209588e+03   0.000000000000000000e+00  -2.850122950117539403e+03
  1.199817600000000675e+04   9.644234995424571389e+04   2.094319999999997890e+02   1.682411800529367383e+03   0.000000000000000000e+00  -2.849702152283738087e+03
  1.099832800000000861e+04   8.847115387560828822e+04   1.919793333333332157e+02   1.543413534124468924e+03   0.000000000000000000e+00  -2.849282569834609603e+03
  9.998480000000010477e+03   8.048895217536795826e+04   1.745266666666666424e+02   1.403962613391825698e+03   0.000000000000000000e+00  -2.848841831554318560e+03
  8.998631999999983236e+03   7.249372158428253897e+04   1.570740000000000691e+02   1.264482096500585840e+03   0.000000000000000000e+00  -2.848554958928416909e+03
  7.998783999999985099e+03   6.447332537960972695e+04   1.396213333333334958e+02   1.124685372527267418e+03   0.000000000000000000e+00  -2.848318507401566876e+03
  6.998936000000016065e+03   5.644209928571760247e+04   1.221686666666664678e+02   9.845105896234406373e+02   0.000000000000000000e+00  -2.848015259115235494e+03
  5.999088000000017928e+03   4.840685351881151291e+04   1.047159999999998945e+02   8.442257375766646419e+02   0.000000000000000000e+00  -2.847817614165011037e+03
  4.999240000000019791e+03   4.035306142514380190e+04   8.726333333333332121e+01   7.038820568093022985e+02   0.000000000000000000e+00  -2.847716962546448940e+03
  3.999391999999992549e+03   3.228836882043810692e+04   6.981066666666674791e+01   5.632336442915924408e+02   0.000000000000000000e+00  -2.847539671345911302e+03
  2.999543999999994412e+03   2.422655746650827132e+04   5.235800000000017462e+01   4.224030050532804808e+02   0.000000000000000000e+00  -2.847408206290349881e+03
  1.999695999999996275e+03   1.615495581867696274e+04   3.490533333333314658e+01   2.817707800395521076e+02   0.000000000000000000e+00  -2.847405391197108202e+03
  9.998479999999981374e+02   8.073315520386735443e+03   1.745266666666657329e+01   1.409048444296494722e+02   0.000000000000000000e+00  -2.847346958629758774e+03
  0.000000000000000000e+00  -8.283147261392510563e-01   0.000000000000000000e+00  -1.323939417427973664e-01   0.000000000000000000e+00  -2.847276880918858751e+03
 -9.998479999999981374e+02  -8.074952370900954520e+03  -1.745266666666657329e+01  -1.408469365220038583e+02   0.000000000000000000e+00  -2.847346566569764036e+03
 -1.999695999999996275e+03  -1.615658243985104127e+04  -3.490533333333314658e+01  -2.816571711217585516e+02   0.000000000000000000e+00  -2.847404557524722804e+03
 -2.999543999999994412e+03  -2.422821497760687635e+04  -5.235800000000017462e+01  -4.225972698060446078e+02   0.000000000000000000e+00  -2.847406909800564335e+03
 -3.999391999999992549e+03  -3.229000393387665827e+04  -6.981066666666674791e+01  -5.631709915344080173e+02   0.000000000000000000e+00  -2.847538041153391532e+03
 -4.999239999999990687e+03  -4.035466573317455914e+04  -8.726333333333332121e+01  -7.036753624253083217e+02   0.000000000000000000e+00  -2.847714958151592327e+03
 -5.999088000000017928e+03  -4.840849238358122966e+04  -1.047159999999998945e+02  -8.441942062904889781e+02   0.000000000000000000e+00  -2.847815102412962915e+03
 -6.998936000000016065e+03  -5.644373275707894209e+04  -1.221686666666664678e+02  -9.844472252981624933e+02   0.000000000000000000e+00  -2.848012389227851600e+03
 -7.998783999999985099e+03  -6.447490312364836427e+04  -1.396213333333334958e+02  -1.124391068427186383e+03   0.000000000000000000e+00  -2.848315397828700952e+03
 -8.998631999999983236e+03  -7.249531378481115098e+04  -1.570740000000000691e+02  -1.264239082774057351e+03   0.000000000000000000e+00  -2.848551378394475250e+03
 -9.998479999999981374e+03  -8.049058594297918899e+04  -1.745266666666666424e+02  -1.403912971484205173e+03   0.000000000000000000e+00  -2.848837713913892912e+03
 -1.099832800000000861e+04  -8.847270370223323698e+04  -1.919793333333332157e+02  -1.543043013456993322e+03   0.000000000000000000e+00  -2.849278416377191206e+03
 -1.199817600000000675e+04  -9.644387449887445837e+04  -2.094319999999997890e+02  -1.681980941147930935e+03   0.000000000000000000e+00  -2.849697687432433668e+03
 -1.299802400000000489e+04  -1.043865204371478758e+05  -2.268846666666668170e+02  -1.820770168817168951e+03   0.000000000000000000e+00  -2.850117683394654250e+03
 -1.399787200000000303e+04  -1.123056491900622204e+05  -2.443373333333333903e+02  -1.958906912797758196e+03   0.000000000000000000e+00  -2.850713661774322645e+03
 -1.499772000000000116e+04  -1.202117466217064793e+05  -2.617899999999999636e+02  -2.096706201533694184e+03   0.000000000000000000e+00  -2.851366957912092857e+03
 -1.599756799999999930e+04  -1.280894766688299133e+05  -2.792426666666665369e+02  -2.234246052374872306e+03   0.000000000000000000e+00  -2.851989977211446785e+03
 -1.699741599999999744e+04  -1.359339706589148846e+05  -2.966953333333331102e+02  -2.371298825309804215e+03   0.000000000000000000e+00  -2.852770860891855136e+03
 -1.799726399999999558e+04  -1.437597761799715809e+05  -3.141480000000001382e+02  -2.507743632878155950e+03   0.000000000000000000e+00  -2.853703882310100198e+03
 -1.899711199999999371e+04  -1.515599756749971421e+05  -3.316006666666667115e+02  -2.643836835619929843e+03   0.000000000000000000e+00  -2.854621514803862738e+03
 -1.999696000000002095e+04  -1.593206157561992877e+05  -3.490533333333332848e+02  -2.779580409795070864e+03   0.000000000000000000e+00  -2.855642110733456775e+03
 -2.099680800000001909e+04  -1.670528709700491163e+05  -3.665059999999998581e+02  -2.914475752128957993e+03   0.000000000000000000e+00  -2.856890350146047240e+03
 -2.199665600000001723e+04  -1.747618580566995079e+05  -3.839586666666664314e+02  -3.048935419177186759e+03   0.000000000000000000e+00  -2.858202929971788762e+03
 -2.299650399999998626e+04  -1.824308265992581728e+05  -4.014113333333334594e+02  -3.182972214312895630e+03   0.000000000000000000e+00  -2.859559623727398957e+03
 -2.399635199999998440e+04  -1.900601600469507684e+05  -4.188640000000000327e+02  -3.316333119076953608e+03   0.000000000000000000e+00  -2.861156774472785855e+03
 -2.499620000000001164e+04  -1.976636605014553061e+05  -4.363166666666666060e+02  -3.448994399436367530e+03   0.000000000000000000e+00  -2.862947485361659801e+03
 -2.599604800000000978e+04  -2.052323097960227460e+05  -4.537693333333331793e+02  -3.581152939850890107e+03   0.000000000000000000e+00  -2.864780264001326486e+03
 -2.699589600000000792e+04  -2.127539042220151459e+05  -4.712219999999997526e+02  -3.712801859177804999e+03   0.000000000000000000e+00  -2.866792000043811640e+03
 -2.799574400000000605e+04  -2.202399590129861317e+05  -4.886746666666667807e+02  -3.843524126944608724e+03   0.000000000000000000e+00  -2.869107007585143947e+03
 -2.899559200000000419e+04  -2.276963180341762491e+05  -5.061273333333333539e+02  -3.973669799308514030e+03   0.000000000000000000e+00  -2.871567239127499761e+03
 -2.999544000000000233e+04  -2.351072676460898074e+05  -5.235799999999999272e+02  -4.103236104130755848e+03   0.000000000000000000e+00  -2.874133959260304891e+03
 -3.099528800000000047e+04  -2.424706700739232474e+05  -5.410326666666669553e+02  -4.232084714344431632e+03   0.000000000000000000e+00  -2.877006438358943797e+03
 -3.199513599999999860e+04  -2.498009225618798228e+05  -5.584853333333330738e+02  -4.360104668153139755e+03   0.000000000000000000e+00  -2.880192561842122814e+03
 -3.299498399999999674e+04  -2.570945326436430041e+05  -5.759380000000001019e+02  -4.487481046976081416e+03   0.000000000000000000e+00  -2.883520564253914017e+03
 -3.399483199999999488e+04  -2.643366011970062391e+05  -5.933906666666666752e+02  -4.614206796982629385e+03   0.000000000000000000e+00  -2.887059405603783944e+03
 -3.499468000000002212e+04  -2.715328272061061580e+05  -6.108433333333332484e+02  -4.740086228261491669e+03   0.000000000000000000e+00  -2.890996739210757369e+03
 -3.599452800000002026e+04  -2.786955461941483663e+05  -6.282960000000002765e+02  -4.865200128813998163e+03   0.000000000000000000e+00  -2.895256941154722881e+03
 -3.699437599999998929e+04  -2.858155794434880954e+05  -6.457486666666663950e+02  -4.989591305937592551e+03   0.000000000000000000e+00  -2.899700431039984323e+03
 -3.799422399999998743e+04  -2.928813457187447930e+05  -6.632013333333334231e+02  -5.113278107024256315e+03   0.000000000000000000e+00  -2.904458380400987608e+03
 -3.899407199999998556e+04  -2.999023371142619872e+05  -6.806539999999999964e+02  -5.236070191322854043e+03   0.000000000000000000e+00  -2.909689457184025287e+03
 -3.999392000000001281e+04  -3.068883941918515484e+05  -6.981066666666665697e+02  -5.358104149212002085e+03   0.000000000000000000e+00  -2.915279605824442569e+03
 -4.099376800000001094e+04  -3.138282386491202633e+05  -7.155593333333335977e+02  -5.479342868435966921e+03   0.000000000000000000e+00  -2.921118157137033450e+03
 -4.199361600000000908e+04  -3.207125479867339018e+05  -7.330120000000001710e+02  -5.599835108987583226e+03   0.000000000000000000e+00  -2.927358620774742121e+03
 -4.299346400000000722e+04  -3.275517026846379158e+05  -7.504646666666667443e+02  -5.719452715562940284e+03   0.000000000000000000e+00  -2.934148285710087748e+03
 -4.399331200000000536e+04  -3.343548028861784260e+05  -7.679173333333333176e+02  -5.838278890399014927e+03   0.000000000000000000e+00  -2.941368811942060347e+03
 -4.499316000000000349e+04  -3.411108805177727481e+05  -7.853699999999998909e+02  -5.956243438681286534e+03   0.000000000000000000e+00  -2.948912770087688386e+03
 -4.599300800000000163e+04  -3.478106175764701911e+05  -8.028226666666669189e+02  -6.073421274533539872e+03   0.000000000000000000e+00  -2.956926502262027043e+03
 -4.699285599999999977e+04  -3.544632572133280337e+05  -8.202753333333334922e+02  -6.189791646471370768e+03   0.000000000000000000e+00  -2.965572778546779773e+03
 -4.799270399999999790e+04  -3.610791770980099682e+05  -8.377280000000000655e+02  -6.305333312866684537e+03   0.000000000000000000e+00  -2.974759634530187668e+03
 -4.899255199999999604e+04  -3.676498716816685046e+05  -8.551806666666666388e+02  -6.419949738102079209e+03   0.000000000000000000e+00  -2.984358093595013088e+03
 -4.999240000000002328e+04  -3.741642349203486228e+05  -8.726333333333332121e+02  -6.533720069120317930e+03   0.000000000000000000e+00  -2.994473935748079384e+03
 -5.099224800000002142e+04  -3.806280609774425393e+05  -8.900860000000002401e+02  -6.646766171004075659e+03   0.000000000000000000e+00  -3.005300097714806270e+03
 -5.199209599999999045e+04  -3.870537425903070252e+05  -9.075386666666668134e+02  -6.758992941715241614e+03   0.000000000000000000e+00  -3.016811704260307124e+03
 -5.299194399999998859e+04  -3.934381120982094435e+05  -9.249913333333338414e+02  -6.870244323828528650e+03   0.000000000000000000e+00  -3.028857262418478967e+03
 -5.399179199999998673e+04  -3.997685230807899497e+05  -9.424439999999999600e+02  -6.980557690109114446e+03   0.000000000000000000e+00  -3.041458195213495856e+03
 -5.499164000000001397e+04  -4.060444376784276683e+05  -9.598966666666665333e+02  -7.090171484647547004e+03   0.000000000000000000e+00  -3.054814073369550897e+03
 -5.599148800000001211e+04  -4.122780844730907702e+05  -9.773493333333335613e+02  -7.199065614932754215e+03   0.000000000000000000e+00  -3.069009512508265743e+03
 -5.699133600000001024e+04  -4.184742588475559605e+05  -9.948020000000001346e+02  -7.306976168334962495e+03   0.000000000000000000e+00  -3.083920775322510963e+03
 -5.799118400000000838e+04  -4.246227569590470521e+05  -1.012254666666667163e+03  -7.413892578964930181e+03   0.000000000000000000e+00  -3.099458882862746123e+03
 -5.899103200000000652e+04  -4.307154431975707994e+05  -1.029707333333333281e+03  -7.519926885342698370e+03   0.000000000000000000e+00  -3.115750173751717739e+03
 -5.999088000000000466e+04  -4.367587260209780070e+05  -1.047159999999999854e+03  -7.625410892367833185e+03   0.000000000000000000e+00  -3.132979944205631000e+03
 -6.099072800000000279e+04  -4.427637999266020488e+05  -1.064612666666666883e+03  -7.730008987773357148e+03   0.000000000000000000e+00  -3.151147859243283165e+03
 -6.199057600000000093e+04  -4.487295405362565070e+05  -1.082065333333333456e+03  -7.833590595868501623e+03   0.000000000000000000e+00  -3.170115254795940018e+03
 -6.299042399999999907e+04  -4.546449253102782532e+05  -1.099518000000000484e+03  -7.936218492612181763e+03   0.000000000000000000e+00  -3.189850146782684078e+03
 -6.399027199999999721e+04  -4.605058168295118958e+05  -1.116970666666666602e+03  -8.037930486914033281e+03   0.000000000000000000e+00  -3.210512948006440183e+03
 -6.499012000000002445e+04  -4.663206462707051542e+05  -1.134423333333333176e+03  -8.139246738624102363e+03   0.000000000000000000e+00  -3.232263574698236880e+03
 -6.598996800000002258e+04  -4.720986493155041826e+05  -1.151876000000000204e+03  -8.239504374080932394e+03   0.000000000000000000e+00  -3.255077223338099884e+03
 -6.698981599999999162e+04  -4.778371126681122696e+05  -1.169328666666666777e+03  -8.338793407000321167e+03   0.000000000000000000e+00  -3.278819420248596543e+03
 -6.798966399999998976e+04  -4.835258920389630948e+05  -1.186781333333333805e+03  -8.437182561656773032e+03   0.000000000000000000e+00  -3.303467052177080859e+03
 -6.898951199999998789e+04  -4.891616402526411694e+05  -1.204233999999999924e+03  -8.534680567032493855e+03   0.000000000000000000e+00  -3.329175123593902754e+03
 -6.998936000000001513e+04  -4.947522642303513130e+05  -1.221686666666666497e+03  -8.631646795236787511e+03   0.000000000000000000e+00  -3.356103191322357361e+03
 -7.098920800000001327e+04  -5.003064985864884220e+05  -1.239139333333333525e+03  -8.727640346088077422e+03   0.000000000000000000e+00  -3.384250122494595871e+03
 -7.198905600000001141e+04  -5.058233556360412622e+05  -1.256592000000000098e+03  -8.822692235432170492e+03   0.000000000000000000e+00  -3.413487041758968644e+03
 -7.298890400000000955e+04  -5.112939605912441039e+05  -1.274044666666667126e+03  -8.916871181187874754e+03   0.000000000000000000e+00  -3.443753011614677689e+03
 -7.398875200000000768e+04  -5.167132642016345635e+05  -1.291497333333333245e+03  -9.010229783164824767e+03   0.000000000000000000e+00  -3.475160711587056539e+03
 -7.498859999999997672e+04  -5.220864595881978748e+05  -1.308949999999999818e+03  -9.102889613078559705e+03   0.000000000000000000e+00  -3.507884800565474052e+03
 -7.598844800000000396e+04  -5.274227068027119385e+05  -1.326402666666666846e+03  -9.194731245079514338e+03   0.000000000000000000e+00  -3.541986590689255536e+03
 -7.698829600000003120e+04  -5.327249820028733229e+05  -1.343855333333333419e+03  -9.285656827719096327e+03   0.000000000000000000e+00  -3.577370994168283232e+03
 -7.798814400000000023e+04  -5.379874119527374860e+05  -1.361308000000000447e+03  -9.375724296252476051e+03   0.000000000000000000e+00  -3.613920448304831552e+03
 -7.898799200000002747e+04  -5.432027975104411598e+05  -1.378760666666666566e+03  -9.465010752474352557e+03   0.000000000000000000e+00  -3.651653998368324210e+03
 -7.998783999999999651e+04  -5.483713585071216803e+05  -1.396213333333333139e+03  -9.553544270344289544e+03   0.000000000000000000e+00  -3.690726761575498131e+03
 -8.098768799999999464e+04  -5.535009358342371415e+05  -1.413666000000000167e+03  -9.641410973986190584e+03   0.000000000000000000e+00  -3.731279424612318053e+03
 -8.198753600000002189e+04  -5.585987747551444918e+05  -1.431118666666666741e+03  -9.728423811322385518e+03   0.000000000000000000e+00  -3.773316222255998582e+03
 -8.298738399999999092e+04  -5.636651581349509070e+05  -1.448571333333333769e+03  -9.814604197661239596e+03   0.000000000000000000e+00  -3.816717358448826872e+03
 -8.398723200000001816e+04  -5.686940574422334321e+05  -1.466023999999999887e+03  -9.900034293674600121e+03   0.000000000000000000e+00  -3.861386115739321212e+03
 -8.498707999999998719e+04  -5.736806505660557887e+05  -1.483476666666666915e+03  -9.984793268673720377e+03   0.000000000000000000e+00  -3.907370590657899811e+03
 -8.598692800000001444e+04  -5.786273518284799065e+05  -1.500929333333333034e+03  -1.006891175870426741e+04   0.000000000000000000e+00  -3.954835396939517523e+03
 -8.698677600000004168e+04  -5.835424595373310149e+05  -1.518382000000000062e+03  -1.015239723065802173e+04   0.000000000000000000e+00  -4.003922397532790455e+03
 -8.798662400000001071e+04  -5.884331356436080532e+05  -1.535834666666667090e+03  -1.023516153926086008e+04   0.000000000000000000e+00  -4.054645287442956942e+03
 -8.898647200000000885e+04  -5.933005527711824980e+05  -1.553287333333333208e+03  -1.031724135459910212e+04   0.000000000000000000e+00  -4.106904546153795309e+03
 -8.998631999999997788e+04  -5.981403899508652976e+05  -1.570740000000000236e+03  -1.039875866649763339e+04   0.000000000000000000e+00  -4.160622744759182751e+03
 -9.098616800000000512e+04  -6.029496074170356151e+05  -1.588192666666666355e+03  -1.047980340040826559e+04   0.000000000000000000e+00  -4.215866099246120939e+03
 -9.198601600000003236e+04  -6.077314828507821076e+05  -1.605645333333333383e+03  -1.056043752303436122e+04   0.000000000000000000e+00  -4.272845586253033616e+03
 -9.298586400000000140e+04  -6.124956160575329559e+05  -1.623098000000000411e+03  -1.064069352339211400e+04   0.000000000000000000e+00  -4.331798941430904051e+03
 -9.398571200000002864e+04  -6.172522444259193726e+05  -1.640550666666666530e+03  -1.072050030717694972e+04   0.000000000000000000e+00  -4.392876598715545697e+03
 -9.498555999999999767e+04  -6.220066905074268579e+05  -1.658003333333333558e+03  -1.080003129008193355e+04   0.000000000000000000e+00  -4.456127563692765762e+03
 -9.598540799999999581e+04  -6.267595864658796927e+05  -1.675455999999999676e+03  -1.087944554238030469e+04   0.000000000000000000e+00  -4.521613627813299900e+03
