  1.499930178100000194e+05   8.559772580607947893e+05  -7.224580000000514701e+00   4.769246243554499074e+02   0.000000000000000000e+00  -1.097635627153375759e-01
  1.492430527209500142e+05   8.559675199769098544e+05  -7.188457100000505307e+00   4.820502761773285556e+02   0.000000000000000000e+00  -1.306830794681106689e-01
  1.484930876319000090e+05   8.559577193638784811e+05  -7.152334200000495912e+00   4.863720479261923515e+02   0.000000000000000000e+00  -1.263616176609847763e-01
  1.477431225428500329e+05   8.559478782487341668e+05  -7.116211300000486517e+00   4.907913899410418708e+02   0.000000000000000000e+00  -1.290392831697529386e-01
  1.469931574538000277e+05   8.559379920477776323e+05  -7.080088400000477122e+00   4.952697476150290754e+02   0.000000000000000000e+00  -1.308240567701786650e-01
  1.462431923647500225e+05   8.559280604297083337e+05  -7.043965500000467728e+00   4.998081540074262534e+02   0.000000000000000000e+00  -1.326904527905957420e-01
  1.454932272757000173e+05   8.559180830587021774e+05  -7.007842600000458333e+00   5.044078091282612490e+02   0.000000000000000000e+00  -1.346159258026118632e-01
  1.447432621866500122e+05   8.559080595949447015e+05  -6.971719700000448938e+00   5.090698650125449944e+02   0.000000000000000000e+00  -1.365963552276623916e-01
  1.439932970976000070e+05   8.558979896948372480e+05  -6.935596800000439544e+00   5.137955045535386489e+02   0.000000000000000000e+00  -1.386282787572298558e-01
  1.432433320085500309e+05   8.558878730109242024e+05  -6.899473900000430149e+00   5.185859399035566639e+02   0.000000000000000000e+00  -1.407075123388958071e-01
  1.424933669195000257e+05   8.558777091918248916e+05  -6.863351000000875501e+00   5.234424133413407390e+02   0.000000000000000000e+00  -1.428291899557070088e-01
  1.417434018304499914e+05   8.558674978821635013e+05  -6.827228099999956612e+00   5.283661982461729849e+02   0.000000000000000000e+00  -1.449877198910701492e-01
  1.409934367414000153e+05   8.558572392291958677e+05  -6.791105199999947217e+00   5.333620781186867816e+02   0.000000000000000000e+00  -1.461915005016437841e-01
  1.402434716523500101e+05   8.558469318581302650e+05  -6.754982300000392570e+00   5.384243985198587552e+02   0.000000000000000000e+00  -1.483776482193870094e-01
  1.394935065633000049e+05   8.558365874777490972e+05  -6.718859400000383175e+00   5.436453645512855246e+02   0.000000000000000000e+00  -1.169554948286683910e-01
  1.387435414742500288e+05   8.558261836334581021e+05  -6.682736500000373780e+00   5.488605568831294477e+02   0.000000000000000000e+00  -1.136123832226738489e-01
  1.379935763852000237e+05   8.558157291490976932e+05  -6.646613600000364386e+00   5.541427742231951470e+02   0.000000000000000000e+00  -1.170252313961001739e-01
  1.372436112961500185e+05   8.558052249182588421e+05  -6.610490700000354991e+00   5.595012087171338635e+02   0.000000000000000000e+00  -1.205044941939534403e-01
  1.364936462071000133e+05   8.557946703536721179e+05  -6.574367799999890849e+00   5.649340902241027607e+02   0.000000000000000000e+00  -1.253658752513870378e-01
  1.357436811180500081e+05   8.557840653025230858e+05  -6.538244899999881454e+00   5.704456837846096278e+02   0.000000000000000000e+00  -1.302212325465629816e-01
  1.349937160290000029e+05   8.557734093761208933e+05  -6.502122000000326807e+00   5.760374562710422879e+02   0.000000000000000000e+00  -1.350218846945891726e-01
  1.342437509399500268e+05   8.557627021771623986e+05  -6.465999100000317412e+00   5.817110459252413648e+02   0.000000000000000000e+00  -1.397485652679515689e-01
  1.334937858509000216e+05   8.557519430849491619e+05  -6.429876200000308017e+00   5.874648935374647181e+02   0.000000000000000000e+00  -1.454385412152119361e-01
  1.327438207618500164e+05   8.557411319039354566e+05  -6.393753300000298623e+00   5.933038271891774684e+02   0.000000000000000000e+00  -1.509010133013918287e-01
  1.319938556728000112e+05   8.557302682266372722e+05  -6.357630400000743975e+00   5.992295321841257874e+02   0.000000000000000000e+00  -1.560394654612685394e-01
  1.312438905837500060e+05   8.557193516370081343e+05  -6.321507500000734581e+00   6.052438520039356717e+02   0.000000000000000000e+00  -1.608092369751355777e-01
  1.304939254947000300e+05   8.557083817141744075e+05  -6.285384600000270439e+00   6.113486903672817334e+02   0.000000000000000000e+00  -1.651599913805374131e-01
  1.297439604056500102e+05   8.556973577618435957e+05  -6.249261700000261044e+00   6.175421694303652203e+02   0.000000000000000000e+00  -1.695586004813195713e-01
  1.289939953166000050e+05   8.556862792847679229e+05  -6.213138800000251649e+00   6.238260231557540010e+02   0.000000000000000000e+00  -1.736008081670896708e-01
  1.282440302275500144e+05   8.556751358128804713e+05  -6.177015900000242254e+00   6.301118904836520187e+02   0.000000000000000000e+00  -1.735118688238179718e-01
  1.274940651385000092e+05   8.556639467343071010e+05  -6.140893000000232860e+00   6.365873291183452238e+02   0.000000000000000000e+00  -1.724449406753018610e-01
  1.267441000494500040e+05   8.556527016093032435e+05  -6.104770100000223465e+00   6.431628662738299909e+02   0.000000000000000000e+00  -1.671516889934110128e-01
  1.259941349604000134e+05   8.556413997906466248e+05  -6.068647200000214070e+00   6.498387732604057874e+02   0.000000000000000000e+00  -1.586167971962738343e-01
  1.252441698713500227e+05   8.556300414024948841e+05  -6.032524300000204676e+00   6.566220931644870689e+02   0.000000000000000000e+00  -1.474491485710724969e-01
  1.244942047823000030e+05   8.556186260080704233e+05  -5.996401400000195281e+00   6.635160790108542415e+02   0.000000000000000000e+00  -1.335753664822030284e-01
  1.237442396932500269e+05   8.556071531626750948e+05  -5.960278500000640634e+00   6.705239148383788006e+02   0.000000000000000000e+00  -1.170195177233902262e-01
  1.229942746042000072e+05   8.555956224176874384e+05  -5.924155600000176491e+00   6.776488748467901360e+02   0.000000000000000000e+00  -9.786460330577979871e-02
  1.222443095151500020e+05   8.555840347013580613e+05  -5.888032700000621844e+00   6.848985714615852203e+02   0.000000000000000000e+00  -8.073978352775058875e-02
  1.214943444261000113e+05   8.555723881716578035e+05  -5.851909800000157702e+00   6.922705635216993869e+02   0.000000000000000000e+00  -6.218512546932977725e-02
  1.207443793370500061e+05   8.555606830432764255e+05  -5.815786900000148307e+00   6.997690114701345010e+02   0.000000000000000000e+00  -4.467018952423838091e-02
  1.199944142480000010e+05   8.555489174273274839e+05  -5.779664000000138913e+00   7.073939969428304266e+02   0.000000000000000000e+00  -2.360003500345173727e-02
  1.192444491589500249e+05   8.555370915302569047e+05  -5.743541100000129518e+00   7.151504478998360810e+02   0.000000000000000000e+00  -1.256630236625097237e-03
  1.184944840699000197e+05   8.555252055416872026e+05  -5.707418200000120123e+00   7.230417636761734457e+02   0.000000000000000000e+00   1.935335800700281605e-02
  1.177445189808500145e+05   8.555132582470985362e+05  -5.671295300000110728e+00   7.310703348679406872e+02   0.000000000000000000e+00   4.051918357852979380e-02
  1.169945538918000238e+05   8.555012484425348230e+05  -5.635172400000328707e+00   7.392405631183671630e+02   0.000000000000000000e+00   6.496966357718053642e-02
  1.162445888027500187e+05   8.554891769931614399e+05  -5.599049500000546686e+00   7.475545936392624071e+02   0.000000000000000000e+00   8.713692810260971477e-02
  1.154946237137000135e+05   8.554770426646488486e+05  -5.562926600000537292e+00   7.560162246399638661e+02   0.000000000000000000e+00   1.093239628997527968e-01
  1.147446586246500228e+05   8.554648483625674853e+05  -5.526803700000300523e+00   7.646173922463532335e+02   0.000000000000000000e+00   1.180838503181385613e-01
  1.139946935356000031e+05   8.554525908920888323e+05  -5.490680800000291129e+00   7.733665255875768025e+02   0.000000000000000000e+00   1.239825403740611592e-01
  1.132447284465500124e+05   8.554402705397388199e+05  -5.454557900000054360e+00   7.822653833357775284e+02   0.000000000000000000e+00   1.248672687923888525e-01
  1.124947633575000218e+05   8.554278868379186606e+05  -5.418435000000272339e+00   7.913174964308468589e+02   0.000000000000000000e+00   1.207059557136712091e-01
  1.117447982684500166e+05   8.554154422484848183e+05  -5.382312100000035571e+00   8.005195407741331337e+02   0.000000000000000000e+00   1.007008755199983036e-01
  1.109948331794000114e+05   8.554029476170253474e+05  -5.346189200000253550e+00   8.100035008998296462e+02   0.000000000000000000e+00  -1.490192196638421285e-01
  1.102448680903500062e+05   8.553903584496777039e+05  -5.310066300000016781e+00   8.195657715929061169e+02   0.000000000000000000e+00  -1.517749702711899407e-01
  1.094949030013000011e+05   8.553777027475946816e+05  -5.273943400000234760e+00   8.292775016938820727e+02   0.000000000000000000e+00  -1.440804110127771043e-01
  1.087449379122499959e+05   8.553649791238933103e+05  -5.237820500000225366e+00   8.391673279663309586e+02   0.000000000000000000e+00  -1.354762396153943171e-01
  1.079949728232000052e+05   8.553521873695838731e+05  -5.201697599999988597e+00   8.492386920567377047e+02   0.000000000000000000e+00  -1.238821718692535989e-01
  1.072450077341500146e+05   8.553393264722136082e+05  -5.165574700000433950e+00   8.594997722394475659e+02   0.000000000000000000e+00  -1.109487294332998641e-01
  1.064950426451000094e+05   8.553263958046181360e+05  -5.129451800000197181e+00   8.699560740836499235e+02   0.000000000000000000e+00  -9.667651548569337894e-02
  1.057450775560500188e+05   8.553133947360883467e+05  -5.093328900000187787e+00   8.806130961303224467e+02   0.000000000000000000e+00  -8.105644854038318581e-02
  1.049951124670000136e+05   8.553003226272173924e+05  -5.057206000000178392e+00   8.914765277209490932e+02   0.000000000000000000e+00  -6.409434382646993222e-02
  1.042451473779500084e+05   8.552871792225304525e+05  -5.021083100000168997e+00   9.025511409245439154e+02   0.000000000000000000e+00  -4.319240462211384329e-02
  1.034951822889000177e+05   8.552739634623631136e+05  -4.984960200000386976e+00   9.138449646046819907e+02   0.000000000000000000e+00  -2.070515085504364208e-02
  1.027452171998500125e+05   8.552606746732614702e+05  -4.948837300000150208e+00   9.253645601477973059e+02   0.000000000000000000e+00   3.172704415144095465e-03
  1.019952521108000074e+05   8.552473121771765873e+05  -4.912714400000368187e+00   9.371165617287451823e+02   0.000000000000000000e+00   2.830040605626675879e-02
  1.012452870217500167e+05   8.552338752864730777e+05  -4.876591500000358792e+00   9.491078053423417487e+02   0.000000000000000000e+00   5.451117738024469084e-02
  1.004953219327000261e+05   8.552203633036813699e+05  -4.840468600000349397e+00   9.613453367415478397e+02   0.000000000000000000e+00   8.160931936848370150e-02
  9.974535684365002089e+04   8.552067755213147029e+05  -4.804345700000567376e+00   9.738364127472927976e+02   0.000000000000000000e+00   1.093707418728935427e-01
  9.899539175460001570e+04   8.551931112216792535e+05  -4.768222800000103234e+00   9.865885026689071537e+02   0.000000000000000000e+00   1.375443142710361943e-01
  9.824542666555001051e+04   8.551793696766761132e+05  -4.732099900000321213e+00   9.996092904811783910e+02   0.000000000000000000e+00   1.658539559499079830e-01
  9.749546157650001987e+04   8.551655498748556711e+05  -4.695977000000311818e+00   1.012902802418538954e+03   0.000000000000000000e+00   1.912783901803040421e-01
  9.674549648745001468e+04   8.551516516269313870e+05  -4.659854100000075050e+00   1.026484024962401236e+03   0.000000000000000000e+00   2.190036547660976496e-01
  9.599553139840000949e+04   8.551376736404458061e+05  -4.623731200000065655e+00   1.040353636792404131e+03   0.000000000000000000e+00   2.435541873376445565e-01
  9.524556630934998975e+04   8.551236156521097291e+05  -4.587608300000056261e+00   1.054529060044430253e+03   0.000000000000000000e+00   2.696220311329098895e-01
  9.449560122030001367e+04   8.551094763971875655e+05  -4.551485400000046866e+00   1.069009398426292819e+03   0.000000000000000000e+00   2.921592178330282286e-01
  9.374563613125002303e+04   8.550952555361044360e+05  -4.515362500000264845e+00   1.083814654512021889e+03   0.000000000000000000e+00   3.153013346882103662e-01
  9.299567104220000328e+04   8.550809520257066470e+05  -4.479239600000255450e+00   1.098949422993552389e+03   0.000000000000000000e+00   3.363242745244395260e-01
  9.224570595314999809e+04   8.550665648734574206e+05  -4.443116700000246055e+00   1.114415789451280034e+03   0.000000000000000000e+00   3.534698131324728321e-01
  9.149574086410000746e+04   8.550520896381186321e+05  -4.406993800000236661e+00   1.130112317182476545e+03   0.000000000000000000e+00   3.461959489133743517e-01
  9.074577577505000227e+04   8.550375257706178818e+05  -4.370870900000227266e+00   1.146133316506245365e+03   0.000000000000000000e+00   3.320893353334865572e-01
  8.999581068599999708e+04   8.550228759594940348e+05  -4.334748000000217871e+00   1.162549066177586383e+03   0.000000000000000000e+00   3.240895247557363801e-01
  8.924584559695000644e+04   8.550081391005269252e+05  -4.298625100000208477e+00   1.179352242994440076e+03   0.000000000000000000e+00   3.173437486489479875e-01
  8.849588050790001580e+04   8.549933142683159094e+05  -4.262502200000199082e+00   1.196547678526946811e+03   0.000000000000000000e+00   3.103342056001017202e-01
  8.774591541885001061e+04   8.549784014857768780e+05  -4.226379300000189687e+00   1.214154135897701281e+03   0.000000000000000000e+00   3.057080711045503385e-01
  8.699595032980001997e+04   8.549634000738449395e+05  -4.190256400000180292e+00   1.232185058027977902e+03   0.000000000000000000e+00   3.038354304739450673e-01
  8.624598524075000023e+04   8.549483091875632526e+05  -4.154133500000170898e+00   1.250654325400762673e+03   0.000000000000000000e+00   3.049729620155211540e-01
  8.549602015170000959e+04   8.549331285967794247e+05  -4.118010600000161503e+00   1.269589072391907848e+03   0.000000000000000000e+00   3.141202255435057156e-01
  8.474605506265001895e+04   8.549178562748103868e+05  -4.081887700000379482e+00   1.288993882286530379e+03   0.000000000000000000e+00   3.261717719967112128e-01
  8.399608997359999921e+04   8.549025166417737491e+05  -4.045764800000142714e+00   1.310544680397909588e+03   0.000000000000000000e+00   8.042420400707200878e-02
  8.324612488454999402e+04   8.548870462428596802e+05  -4.009641900000133319e+00   1.330842562821516367e+03   0.000000000000000000e+00  -2.076415461602026252e-02
  8.249615979550001794e+04   8.548714815035767388e+05  -3.973519000000123924e+00   1.350274322968743490e+03   0.000000000000000000e+00   3.634248753960915845e-01
  8.174619470645001275e+04   8.548558283797727199e+05  -3.937396100000114529e+00   1.371689839014116160e+03   0.000000000000000000e+00   3.999978752688088668e-01
  8.099622961740000756e+04   8.548400806647556601e+05  -3.901273200000332508e+00   1.393715142270899150e+03   0.000000000000000000e+00   4.186556633135659067e-01
  8.024626452835001692e+04   8.548242347446138738e+05  -3.865150300000323114e+00   1.416331119713264570e+03   0.000000000000000000e+00   4.353907596922973466e-01
  7.949629943930001173e+04   8.548082893139574444e+05  -3.829027400000086345e+00   1.439551978222555135e+03   0.000000000000000000e+00   4.480049504035336083e-01
  7.874633435024999199e+04   8.547922432967692148e+05  -3.792904500000076951e+00   1.463398868351179090e+03   0.000000000000000000e+00   4.548616462969108931e-01
  7.799636926120000135e+04   8.547760962497431319e+05  -3.756781600000067556e+00   1.487911558410864245e+03   0.000000000000000000e+00   4.532762917686417037e-01
  7.724640417215001071e+04   8.547598478182289982e+05  -3.720658700000512908e+00   1.513118602241195276e+03   0.000000000000000000e+00   4.363256192988992366e-01
  7.649643908310000552e+04   8.547434971570343478e+05  -3.684535800000048766e+00   1.539025101035920670e+03   0.000000000000000000e+00   3.976584194233847569e-01
  7.574647399405001488e+04   8.547270476369061507e+05  -3.648412900000039372e+00   1.565687929826913660e+03   0.000000000000000000e+00   3.122761078465036699e-01
  7.499650890500000969e+04   8.547104923166579101e+05  -3.612290000000257351e+00   1.593013765038664587e+03   0.000000000000000000e+00   1.997466971570109884e-01
  7.424654381595000450e+04   8.546938230161446845e+05  -3.576167100000247956e+00   1.621008859679864372e+03   0.000000000000000000e+00   1.070841849633347165e-01
  7.349657872690001386e+04   8.546770411652020412e+05  -3.540044200000011188e+00   1.649760710837260376e+03   0.000000000000000000e+00   2.549504837201444982e-02
  7.274661363785000867e+04   8.546601478443241213e+05  -3.503921300000229166e+00   1.679316441200940744e+03   0.000000000000000000e+00  -5.825555884125496742e-02
  7.199664854880000348e+04   8.546431417062298860e+05  -3.467798400000447145e+00   1.709711315027116143e+03   0.000000000000000000e+00  -1.419692734110316878e-01
  7.124668345974999829e+04   8.546260213614191161e+05  -3.431675499999983003e+00   1.740983820698007548e+03   0.000000000000000000e+00  -2.243887710344801001e-01
  7.049671837070000765e+04   8.546087853841476608e+05  -3.395552599999973609e+00   1.773174598851506062e+03   0.000000000000000000e+00  -3.044371339426268919e-01
  6.974675328165001702e+04   8.545914317875949200e+05  -3.359429700000191588e+00   1.806333624812926701e+03   0.000000000000000000e+00  -3.768624666323078243e-01
  6.899678819260001183e+04   8.545739579342483776e+05  -3.323306800000182193e+00   1.840526004820796288e+03   0.000000000000000000e+00  -4.331383972312578545e-01
  6.824682310355000664e+04   8.545563391395675717e+05  -3.287183900000172798e+00   1.876060313663531360e+03   0.000000000000000000e+00  -3.258679217681613727e-01
  6.749685801450000145e+04   8.545386051096849842e+05  -3.251061000000163403e+00   1.912588043578173483e+03   0.000000000000000000e+00  -2.764570161900539169e-01
  6.674689292545001081e+04   8.545207511170620564e+05  -3.214938100000154009e+00   1.950280994346391253e+03   0.000000000000000000e+00  -2.320022776244951290e-01
  6.599692783639999107e+04   8.545027768318724120e+05  -3.178815199999917240e+00   1.989192320012670280e+03   0.000000000000000000e+00  -1.895768382054209555e-01
  6.524696274735001498e+04   8.544846826718508964e+05  -3.142692300000135219e+00   2.029351342338206450e+03   0.000000000000000000e+00  -1.964512776058149890e-01
  6.449699765830000979e+04   8.544664622725341469e+05  -3.106569400000353198e+00   2.070835583216069608e+03   0.000000000000000000e+00  -2.322286821246541955e-01
  6.374703256925001187e+04   8.544481120125695597e+05  -3.070446500000343804e+00   2.113716228693083849e+03   0.000000000000000000e+00  -2.792031718690151099e-01
  6.299706748019999941e+04   8.544296294612776255e+05  -3.034323600000107035e+00   2.158054731960508434e+03   0.000000000000000000e+00  -3.380014746774794299e-01
  6.224710239115000149e+04   8.544110122751898598e+05  -2.998200699999870267e+00   2.203923996410854215e+03   0.000000000000000000e+00  -4.035438691093015673e-01
  6.149713730210000358e+04   8.543922581460933434e+05  -2.962077800000088246e+00   2.251396391007391685e+03   0.000000000000000000e+00  -4.752730432520483883e-01
  6.074717221305000567e+04   8.543733653740497539e+05  -2.925954900000306225e+00   2.300609621840898399e+03   0.000000000000000000e+00  -5.268036821635712075e-01
  5.999720712400000048e+04   8.543543332991414936e+05  -2.889832000000069456e+00   2.351703191096203682e+03   0.000000000000000000e+00  -5.431934364769895884e-01
  5.924724203494999529e+04   8.543351609892810229e+05  -2.853709099999832688e+00   2.404758187808592538e+03   0.000000000000000000e+00  -5.336215354111902842e-01
  5.849727694590001192e+04   8.543158464509822661e+05  -2.817586199999936980e+00   2.459874939653676392e+03   0.000000000000000000e+00  -4.971733044901952558e-01
  5.774731185685000673e+04   8.542963824357226258e+05  -2.781463300000268646e+00   2.517101440782434565e+03   0.000000000000000000e+00  -4.596779146869226507e-01
  5.699734676780000882e+04   8.542767619459514972e+05  -2.745340400000372938e+00   2.576536325828102235e+03   0.000000000000000000e+00  -4.350114840699955132e-01
  5.624738167875001818e+04   8.542569801964125363e+05  -2.709217500000249856e+00   2.638273066853847013e+03   0.000000000000000000e+00  -4.463259480199153195e-01
  5.549741658969999844e+04   8.542370360595830716e+05  -2.673094600000013088e+00   2.702437302551638822e+03   0.000000000000000000e+00  -4.971916865763639781e-01
  5.474745150065000053e+04   8.542169280131116975e+05  -2.636971699999890006e+00   2.769214706523310724e+03   0.000000000000000000e+00  -5.593906556075916026e-01
  5.399748641160000261e+04   8.541966509834546596e+05  -2.600848800000107985e+00   2.838873719116531447e+03   0.000000000000000000e+00  -5.865744572796046663e-01
  5.324752132255000470e+04   8.541761991759029916e+05  -2.564725900000212278e+00   2.911559056024242182e+03   0.000000000000000000e+00  -5.934693251974400008e-01
  5.249755623350002134e+04   8.541556270669235382e+05  -2.528603000000316570e+00   2.981799849880985221e+03   0.000000000000000000e+00   2.106956756682063781e-01
  5.174759114444999432e+04   8.541347485997343902e+05  -2.492480099999852428e+00   3.066919734670543676e+03   0.000000000000000000e+00  -5.822565469735117016e-01
  5.099762605540000368e+04   8.541137627966155997e+05  -2.456357199999956720e+00   3.149427194841260189e+03   0.000000000000000000e+00  -6.093107457361043311e-01
  5.024766096635001304e+04   8.540925788934117882e+05  -2.420234300000288385e+00   3.236095155812986832e+03   0.000000000000000000e+00  -6.048066431702406875e-01
  4.949769587730001513e+04   8.540712047791697551e+05  -2.384111400000278991e+00   3.326808807273615912e+03   0.000000000000000000e+00  -6.087147563496371205e-01
  4.874773078825000994e+04   8.540496343280927977e+05  -2.347988500000155909e+00   3.421860108412302452e+03   0.000000000000000000e+00  -6.231421403323889052e-01
  4.799776569919999747e+04   8.540279230440348620e+05  -2.311865599999919141e+00   3.515241777380683288e+03   0.000000000000000000e+00  -1.409357224545996212e-01
  4.724780061015000683e+04   8.540059323198540369e+05  -2.275742699999796059e+00   3.619560514956684074e+03   0.000000000000000000e+00   1.765739922906481851e-01
  4.649783552110000164e+04   8.539837328440791462e+05  -2.239619800000127725e+00   3.729571759595573440e+03   0.000000000000000000e+00   2.339116817159716533e-01
  4.574787043205000373e+04   8.539612265331860399e+05  -2.203496900000118330e+00   3.852680204632772984e+03   0.000000000000000000e+00  -6.381117549316525084e-01
  4.499790534300001309e+04   8.539386288347375812e+05  -2.167374000000222622e+00   3.967647674200171878e+03   0.000000000000000000e+00   1.130752516553437670e-01
  4.424794025394999335e+04   8.539155932205070276e+05  -2.131251099999758480e+00   4.103688056291402063e+03   0.000000000000000000e+00  -6.583328641188535002e-01
  4.349797516490000999e+04   8.538924847629629076e+05  -2.095128199999862773e+00   4.232448843188435603e+03   0.000000000000000000e+00   2.331628926214981135e-01
  4.274801007585000480e+04   8.538689948261781828e+05  -2.059005300000194438e+00   4.376095010737591110e+03   0.000000000000000000e+00   2.951011340239555469e-01
  4.199804498680000688e+04   8.538452055173343979e+05  -2.022882400000298730e+00   4.528584145261993399e+03   0.000000000000000000e+00   3.523877748468378091e-01
  4.124807989775001624e+04   8.538211029152914416e+05  -1.986759500000061962e+00   4.690335838454138866e+03   0.000000000000000000e+00   3.263204100186824497e-01
  4.049811480869999650e+04   8.537966783794576768e+05  -1.950636599999938881e+00   4.862245552522997059e+03   0.000000000000000000e+00   3.112059341779560007e-01
  3.974814971964999859e+04   8.537719120731668081e+05  -1.914513699999929486e+00   5.045296852860587023e+03   0.000000000000000000e+00   3.568516238887795011e-01
  3.899818463060000067e+04   8.537467762106707087e+05  -1.878390800000033778e+00   5.240533880758734995e+03   0.000000000000000000e+00   4.187666698631528628e-01
  3.824821954155000276e+04   8.537212407523087459e+05  -1.842267900000138070e+00   5.449104045306487933e+03   0.000000000000000000e+00   4.353365550668447104e-01
  3.749825445250001940e+04   8.536952641891317908e+05  -1.806145000000242362e+00   5.672397249329294027e+03   0.000000000000000000e+00   4.372531043710278231e-01
  3.674828936344999238e+04   8.536687991553449538e+05  -1.770022100000005594e+00   5.912013393580485172e+03   0.000000000000000000e+00   4.655289068446658574e-01
  3.599832427440000174e+04   8.536417988098313799e+05  -1.733899200000109886e+00   6.169725912478776991e+03   0.000000000000000000e+00   5.088911789455562440e-01
  3.524835918535001110e+04   8.536142130235682707e+05  -1.697776300000100491e+00   6.447547443447233491e+03   0.000000000000000000e+00   5.410624178940630635e-01
  3.449839409630001319e+04   8.535859861861354439e+05  -1.661653400000204783e+00   6.747805465361199822e+03   0.000000000000000000e+00   5.443769484375204915e-01
  3.374842900725000800e+04   8.535570478783902945e+05  -1.625530500000081702e+00   7.073301376524410443e+03   0.000000000000000000e+00   5.708358180664403481e-01
  3.299846391819999553e+04   8.535273022386587691e+05  -1.589407600000185994e+00   7.427184966523429466e+03   0.000000000000000000e+00   5.889642209673831008e-01
  3.224849882914999762e+04   8.534966292023238493e+05  -1.553284699999949225e+00   7.812894472525789752e+03   0.000000000000000000e+00   3.644194635123921833e-01
  3.149853374009999970e+04   8.301463511749426834e+05  -1.517161800000053518e+00  -5.605709050576731443e+02   0.000000000000000000e+00   2.288076897241558480e-02
  3.074856865105000179e+04   8.261848228239886230e+05  -1.481038900000044123e+00  -1.088736059620898914e+03   0.000000000000000000e+00  -2.077387767439311389e-02
  2.999860356200001479e+04   8.221826495982388733e+05  -1.444916000000375789e+00  -1.517857340914809583e+03   0.000000000000000000e+00   3.948469142504149737e-02
  2.924863847295000596e+04   8.181355684288527118e+05  -1.408793100000195864e+00  -1.865968952185230819e+03   0.000000000000000000e+00   2.151526763231009429e-02
  2.849867338390000441e+04   8.140161708260461455e+05  -1.372670199999845408e+00  -2.149916555003261237e+03   0.000000000000000000e+00   4.810132497481285282e-03
  2.774870829485000650e+04   8.098155554088848876e+05  -1.336547299999892857e+00  -2.381278460006185014e+03   0.000000000000000000e+00  -3.091194818302860428e-02
  2.699874320580000858e+04   8.054989380826734705e+05  -1.300424400000395053e+00  -2.571423126702861737e+03   0.000000000000000000e+00  -1.984475702409028985e-02
  2.624877811674999612e+04   8.010587155922377715e+05  -1.264301499999817224e+00  -2.727598775275147545e+03   0.000000000000000000e+00  -1.412281503685279722e-03
  2.549881302769999456e+04   7.964723364497295115e+05  -1.228178599999864673e+00  -2.857151708946795679e+03   0.000000000000000000e+00   2.038659422351140130e-02
  2.474884793865000029e+04   7.917442449043584056e+05  -1.192055699999912122e+00  -2.965613243481521295e+03   0.000000000000000000e+00   1.845317613217227135e-02
  2.399888284959999874e+04   7.868575779087792616e+05  -1.155932799999959570e+00  -3.059385304429612916e+03   0.000000000000000000e+00   7.821697928172648834e-03
  2.324891776055001537e+04   7.818052850348494248e+05  -1.119809900000291236e+00  -3.144435289443701549e+03   0.000000000000000000e+00   1.312681112347900518e-02
  2.249895267149998472e+04   7.765919117921513971e+05  -1.083686999999827094e+00  -3.226498893997134473e+03   0.000000000000000000e+00  -2.434936060849375583e-02
  2.174898758245000499e+04   7.712022926273243502e+05  -1.047564100000158760e+00  -3.312144586961258028e+03   0.000000000000000000e+00  -8.253788257743536333e-03
  2.099902249340000344e+04   7.656478314515554812e+05  -1.011441199999808305e+00  -3.408033781532475132e+03   0.000000000000000000e+00  -3.034474785511420136e-01
  2.024905740435000553e+04   7.599314360941733466e+05  -9.753183000003105008e-01  -3.520006640751440500e+03   0.000000000000000000e+00   3.286902226941285088e-02
  1.949909231530000761e+04   7.540788291065527592e+05  -9.391954000003579495e-01  -3.657782954628645712e+03   0.000000000000000000e+00  -2.763927119883095029e-01
  1.874912722624999515e+04   7.481048884048396721e+05  -9.030724999997801206e-01  -3.819399502494446097e+03   0.000000000000000000e+00   3.055675800698421929e-01
  1.799916213719999359e+04   7.420327636343793711e+05  -8.669495999998275693e-01  -4.017048925331994724e+03   0.000000000000000000e+00  -5.750608067243472288e-01
  1.724919704814999932e+04   7.358935773027691757e+05  -8.308266999998750180e-01  -4.245500515512072525e+03   0.000000000000000000e+00  -5.703404163402741034e-01
  1.649923195909999777e+04   7.297107120318324305e+05  -7.947037999999793101e-01  -4.506785772640202595e+03   0.000000000000000000e+00   9.264592507770692542e-01
  1.574926687004999985e+04   7.235130674324340653e+05  -7.585809000000267588e-01  -4.794948865070441570e+03   0.000000000000000000e+00   1.173643436865482448e+00
  1.499930178100000012e+04   7.173303932486443082e+05  -7.224580000000742075e-01  -5.119234575079715796e+03   0.000000000000000000e+00  -1.877585576890370200e+00
  1.424933669195000220e+04   7.111885011793771992e+05  -6.863351000001500779e-01  -5.453038559693453863e+03   0.000000000000000000e+00   6.145541289543392516e+00
  1.349937160290000429e+04   7.970434766745282104e+04  -6.502121999997427793e-01  -8.935720316451014611e+00   0.000000000000000000e+00   2.845680866256916852e+04
  1.274940651385000456e+04   7.531315035788332170e+04  -6.140893000002733970e-01  -9.393864040120421421e+00   0.000000000000000000e+00   2.843781048886633289e+04
  1.199944142480000664e+04   7.091532848811954318e+04  -5.779664000003208457e-01  -9.162632372089845489e+00   0.000000000000000000e+00   2.842014205293438499e+04
  1.124947633574997781e+04   6.650996652774616086e+04  -5.418434999994303780e-01  -8.852183810699976618e+00   0.000000000000000000e+00   2.840373690395280573e+04
  1.049951124670000900e+04   6.209648162574515300e+04  -5.057206000000178392e-01  -8.449275724708124713e+00   0.000000000000000000e+00   2.838851251944747128e+04
  9.749546157650011082e+03   5.767480954833848955e+04  -4.695977000000652879e-01  -7.949157034960665946e+00   0.000000000000000000e+00   2.837437856434780406e+04
  8.999581068600011349e+03   5.324544146642740816e+04  -4.334748000001411583e-01  -7.353559258099170215e+00   0.000000000000000000e+00   2.836124637279298258e+04
  8.249615979550013435e+03   4.880943064088016399e+04  -3.973519000002454504e-01  -6.697116656680303315e+00   0.000000000000000000e+00   2.834903859862534955e+04
  7.499650890499985508e+03   4.436825055917761347e+04  -3.612289999997813084e-01  -5.989929143175362292e+00   0.000000000000000000e+00   2.833769781892332321e+04
  6.749685801449987594e+03   3.992368826563307812e+04  -3.251060999998429679e-01  -5.252074778758614393e+00   0.000000000000000000e+00   2.832719314298511381e+04
  5.999720712399988770e+03   3.547766215284316422e+04  -2.889831999999046275e-01  -4.506793611478331130e+00   0.000000000000000000e+00   2.831752379952937918e+04
  5.249755623349989946e+03   3.103203660132088044e+04  -2.528602999999804979e-01  -3.785828572341746856e+00   0.000000000000000000e+00   2.830871921700192979e+04
  4.499790534300020227e+03   2.658841662057042777e+04  -2.167374000005537482e-01  -3.113420481834164644e+00   0.000000000000000000e+00   2.830083553010234755e+04
  3.749825445249992754e+03   2.214799389348970362e+04  -1.806144999996632805e-01  -2.506987940799387804e+00   0.000000000000000000e+00   2.829394903837132733e+04
  2.999860356199994385e+03   1.771144276254600845e+04  -1.444915999997249401e-01  -1.977664127162980012e+00   0.000000000000000000e+00   2.828814749167074842e+04
  2.249895267149995561e+03   1.327886750287616087e+04  -1.083687000002555578e-01  -1.519301919660774214e+00   0.000000000000000000e+00   2.828352031901842929e+04
  1.499930178099997192e+03   8.849831558444802795e+03  -7.224579999986247003e-02  -1.115235550100611039e+00   0.000000000000000000e+00   2.828014896915876307e+04
  7.499650890499985962e+02   4.423445585358112112e+03  -3.612289999993123502e-02  -7.554145670586417394e-01   0.000000000000000000e+00   2.827809836081343019e+04
  0.000000000000000000e+00  -1.527518521350411884e+00   0.000000000000000000e+00  -4.048745859609024222e-01   0.000000000000000000e+00   2.827741023409693298e+04
 -7.499650890499985962e+02  -4.426384747979108397e+03   3.612289999993123502e-02  -3.149069412962478554e-01   0.000000000000000000e+00   2.827809895379694717e+04
 -1.499930178099997192e+03  -8.852646625413855872e+03   7.224579999986247003e-02  -1.827297607552944569e-01   0.000000000000000000e+00   2.828015009595833180e+04
 -2.249895267149995561e+03  -1.328155481879796207e+04   1.083686999998008105e-01   2.447500121306934659e-02   0.000000000000000000e+00   2.828352189950631146e+04
 -2.999860356199994385e+03  -1.771400495054163184e+04   1.444916000001796874e-01   3.166372717709022289e-01   0.000000000000000000e+00   2.828814943749738086e+04
 -3.749825445249992754e+03  -2.215043684026821211e+04   1.806145000001180279e-01   7.067521274993525671e-01   0.000000000000000000e+00   2.829395126303465076e+04
 -4.499790534299991123e+03  -2.659075230185507462e+04   2.167374000000563683e-01   1.201132974019338384e+00   0.000000000000000000e+00   2.830083796005288968e+04
 -5.249755623349989946e+03  -3.103428907345416519e+04   2.528602999995257505e-01   1.793540807468427145e+00   0.000000000000000000e+00   2.830872180398027922e+04
 -5.999720712399988770e+03  -3.547985912650424871e+04   2.889831999994498801e-01   2.464231865035644731e+00   0.000000000000000000e+00   2.831752651842508931e+04
 -6.749685801449987594e+03  -3.992586677216385579e+04   3.251060999998429679e-01   3.192969695316193235e+00   0.000000000000000000e+00   2.832719599770265995e+04
 -7.499650890500014611e+03  -4.437045652592060651e+04   3.612290000002928991e-01   3.954002510456381181e+00   0.000000000000000000e+00   2.833770084214575400e+04
 -8.249615979550013435e+03  -4.881169838194244221e+04   3.973519000002454504e-01   4.716540789821050517e+00   0.000000000000000000e+00   2.834904183309171640e+04
 -8.999581068600011349e+03  -5.324778172520644875e+04   4.334748000001411583e-01   5.443018423481073675e+00   0.000000000000000000e+00   2.836124986005053870e+04
 -9.749546157649981978e+03  -5.767721450530595757e+04   4.695976999995821188e-01   6.106183547436256909e+00   0.000000000000000000e+00   2.837438234753374491e+04
 -1.049951124669997989e+04  -6.209897699656699842e+04   5.057205999999609958e-01   6.707044527728712957e+00   0.000000000000000000e+00   2.838851668840072671e+04
 -1.124947633575000691e+04  -6.651256405026528228e+04   5.418435000003967161e-01   7.235423414809527110e+00   0.000000000000000000e+00   2.840374154732816169e+04
 -1.199944142480000664e+04  -7.091803583987931779e+04   5.779663999998660984e-01   7.697157222428905321e+00   0.000000000000000000e+00   2.842014726027584766e+04
 -1.274940651385000456e+04  -7.531596939895689138e+04   6.140892999998186497e-01   8.104160641565776757e+00   0.000000000000000000e+00   2.843781633938308369e+04
 -1.349937160290000429e+04  -7.970737132692191517e+04   6.502121999997427793e-01   8.481063825750730700e+00   0.000000000000000000e+00   2.845681510187026288e+04
 -1.424933669195000220e+04  -8.409344602477425360e+04   6.863351000001500779e-01   8.667751757579038596e+00   0.000000000000000000e+00   2.847718703257026573e+04
 -1.499930178100000012e+04  -8.847567795973720786e+04   7.224580000000742075e-01   8.809920916056452000e+00   0.000000000000000000e+00   2.849894889142161992e+04
 -1.574926687004999985e+04  -9.285549353316196357e+04   7.585809000000267588e-01   9.003452596365342231e+00   0.000000000000000000e+00   2.852208908950779733e+04
 -1.649923195909999777e+04  -9.723407852426069439e+04   7.947037999999793101e-01   9.269737625501873524e+00   0.000000000000000000e+00   2.854656890881484287e+04
 -1.724919704814999932e+04  -1.016122778909649205e+05   8.308266999998750180e-01   9.633271799057784079e+00   0.000000000000000000e+00   2.857232650022176313e+04
 -1.799916213720002270e+04  -1.059904641133342229e+05   8.669496000007370640e-01   1.009795537655789666e+01   0.000000000000000000e+00   2.859928315945644135e+04
 -1.874912722624999515e+04  -1.103684977977735980e+05   9.030725000002348679e-01   1.066883944329801004e+01   0.000000000000000000e+00   2.862735158281774784e+04
 -1.949909231529999306e+04  -1.147457008116311335e+05   9.391953999996189850e-01   1.133522793062582679e+01   0.000000000000000000e+00   2.865644515253750069e+04
 -2.024905740435002008e+04  -1.191209284086211992e+05   9.753183000000831271e-01   1.208568533551176039e+01   0.000000000000000000e+00   2.868648750126530649e+04
 -2.099902249339998889e+04  -1.234926450970782171e+05   1.011441199999524088e+00   1.289097105221045148e+01   0.000000000000000000e+00   2.871742102445430646e+04
 -2.174898758245001954e+04  -1.278591083861853112e+05   1.047564100000386134e+00   1.372592120326911846e+01   0.000000000000000000e+00   2.874921361197470105e+04
 -2.249895267149998472e+04  -1.322185299916386139e+05   1.083686999999827094e+00   1.456296158171835309e+01   0.000000000000000000e+00   2.878186241781476565e+04
 -2.324891776055001537e+04  -1.365692586931436381e+05   1.119809900000291236e+00   1.537586270915290676e+01   0.000000000000000000e+00   2.881539437192159676e+04
 -2.399888284960001329e+04  -1.409099431969719299e+05   1.155932800000186944e+00   1.614070092374524990e+01   0.000000000000000000e+00   2.884986335594199045e+04
 -2.474884793864998574e+04  -1.452396733376050543e+05   1.192055699999627905e+00   1.684625179940466211e+01   0.000000000000000000e+00   2.888534453139575635e+04
 -2.549881302770000912e+04  -1.495580381682429870e+05   1.228178600000546794e+00   1.748420815463532207e+01   0.000000000000000000e+00   2.892192645828701643e+04
 -2.624877811674998156e+04  -1.538651446304551791e+05   1.264301499999987755e+00   1.804382605582063093e+01   0.000000000000000000e+00   2.895970214042637599e+04
 -2.699874320580000858e+04  -1.581616140223082621e+05   1.300424399999940306e+00   1.854144880264166062e+01   0.000000000000000000e+00   2.899876005416296539e+04
 -2.774870829485000650e+04  -1.624484735415229225e+05   1.336547299999892857e+00   1.900245333778453727e+01   0.000000000000000000e+00   2.903917577424174306e+04
 -2.849867338390000441e+04  -1.667268859454714693e+05   1.372670199999845408e+00   1.926195815715258775e+01   0.000000000000000000e+00   2.908100465132980753e+04
 -2.924863847295000596e+04  -1.709984377961637801e+05   1.408793100000195864e+00   1.952723551401199487e+01   0.000000000000000000e+00   2.912427842228195004e+04
 -2.999860356200000024e+04  -1.752645861618567433e+05   1.444916000000148415e+00   1.983785945058430045e+01   0.000000000000000000e+00   2.916900149351181608e+04
 -3.074856865105000179e+04  -1.795266269581367669e+05   1.481038900000044123e+00   2.022208182453383074e+01   0.000000000000000000e+00   2.921515130220600258e+04
 -3.149853374010002881e+04  -1.837855559593989165e+05   1.517161800000508265e+00   2.069586616075497787e+01   0.000000000000000000e+00   2.926268077976416680e+04
 -3.224849882914999762e+04  -1.880419845043353562e+05   1.553284699999949225e+00   2.127565120147202649e+01   0.000000000000000000e+00   2.931152328852858409e+04
 -3.299846391819999553e+04  -1.922960572005544964e+05   1.589407600000413368e+00   2.196610716864175217e+01   0.000000000000000000e+00   2.936159939392149317e+04
 -3.374842900724999345e+04  -1.965474232657160319e+05   1.625530500000309075e+00   2.275945073756292913e+01   0.000000000000000000e+00   2.941282511399818395e+04
 -3.449839409629999864e+04  -2.007952841928138223e+05   1.661653399999750036e+00   2.364301051470931725e+01   0.000000000000000000e+00   2.946512102793250961e+04
 -3.524835918535002565e+04  -2.050384531106319337e+05   1.697776300000214178e+00   2.459431587058226398e+01   0.000000000000000000e+00   2.951842097576096421e+04
 -3.599832427439998719e+04  -2.092754858147730411e+05   1.733899199999655139e+00   2.558684222039590850e+01   0.000000000000000000e+00   2.957267974890806727e+04
 -3.674828936345002148e+04  -2.135048265562171582e+05   1.770022100000460341e+00   2.659191088276449833e+01   0.000000000000000000e+00   2.962787862739919728e+04
 -3.749825445249999029e+04  -2.177249680290537653e+05   1.806145000000014988e+00   2.758164849321766710e+01   0.000000000000000000e+00   2.968402819222616017e+04
 -3.824821954155001731e+04  -2.219346149914966954e+05   1.842267900000365444e+00   2.853322327641601674e+01   0.000000000000000000e+00   2.974116815622872673e+04
 -3.899818463060001523e+04  -2.261328096141194110e+05   1.878390800000261152e+00   2.943036999597345016e+01   0.000000000000000000e+00   2.979936415191811102e+04
 -3.974814971964998404e+04  -2.303190234135481296e+05   1.914513699999702112e+00   3.026409939594793741e+01   0.000000000000000000e+00   2.985870205147467277e+04
 -4.049811480870001105e+04  -2.344932107024865982e+05   1.950636600000621002e+00   3.103419971195818050e+01   0.000000000000000000e+00   2.991928056655095861e+04
 -4.124807989774998714e+04  -2.386558004471647437e+05   1.986759499999607215e+00   3.174480802464395524e+01   0.000000000000000000e+00   2.998120284422406985e+04
 -4.199804498680000688e+04  -2.428076730637159781e+05   2.022882400000071357e+00   3.241236753140223215e+01   0.000000000000000000e+00   3.004456819118285421e+04
 -4.274801007585000480e+04  -2.469500221593123861e+05   2.059005299999967065e+00   3.302777217979786428e+01   0.000000000000000000e+00   3.010946395951312661e+04
 -4.349797516490000999e+04  -2.510841803420276556e+05   2.095128199999862773e+00   3.350229541076352291e+01   0.000000000000000000e+00   3.017595857637315930e+04
 -4.424794025395000790e+04  -2.552119382352841494e+05   2.131251100000213228e+00   3.400339036442393592e+01   0.000000000000000000e+00   3.024409992683439850e+04
 -4.499790534299996943e+04  -2.593348951166515471e+05   2.167373999999654188e+00   3.456042833972736616e+01   0.000000000000000000e+00   3.031390916966949226e+04
 -4.574787043205000373e+04  -2.634545050387261435e+05   2.203496900000118330e+00   3.519808699705873067e+01   0.000000000000000000e+00   3.038538134880712823e+04
 -4.649783552110003075e+04  -2.675719750124782440e+05   2.239619800000582472e+00   3.593879189220038484e+01   0.000000000000000000e+00   3.045848724618594861e+04
 -4.724780061015000683e+04  -2.716881428264699061e+05   2.275742699999568686e+00   3.679385891927900332e+01   0.000000000000000000e+00   3.053317706005593936e+04
 -4.799776569919999747e+04  -2.758034515899208491e+05   2.311865600000373888e+00   3.776901433838958155e+01   0.000000000000000000e+00   3.060938666615526381e+04
 -4.874773078824999538e+04  -2.799178791825530352e+05   2.347988499999814849e+00   3.885865957527348513e+01   0.000000000000000000e+00   3.068704472164606705e+04
 -4.949769587730000057e+04  -2.840309890156973270e+05   2.384111399999824243e+00   4.004921629081199796e+01   0.000000000000000000e+00   3.076608155086637271e+04
 -5.024766096635002759e+04  -2.881419731940349448e+05   2.420234300000288385e+00   4.131927303263928053e+01   0.000000000000000000e+00   3.084643782977614319e+04
 -5.099762605539998913e+04  -2.922497545192254474e+05   2.456357199999729346e+00   4.264215463670056749e+01   0.000000000000000000e+00   3.092807287278169679e+04
 -5.174759114445002342e+04  -2.963531144872215227e+05   2.492480100000648235e+00   4.398888704915999881e+01   0.000000000000000000e+00   3.101097141297941926e+04
 -5.249755623349999223e+04  -3.004508444517351454e+05   2.528603000000089196e+00   4.533000742150973394e+01   0.000000000000000000e+00   3.109514823387430806e+04
 -5.324752132255001925e+04  -3.045418902632193058e+05   2.564725900000439651e+00   4.663908367990909198e+01   0.000000000000000000e+00   3.118064999655532301e+04
 -5.399748641160001716e+04  -3.086254904056120431e+05   2.600848800000335359e+00   4.789445199133635356e+01   0.000000000000000000e+00   3.126755427615396184e+04
 -5.474745150064998597e+04  -3.127012684895281564e+05   2.636971699999321572e+00   4.908425269331553409e+01   0.000000000000000000e+00   3.135596569782169900e+04
 -5.549741658970001299e+04  -3.167693319547591964e+05   2.673094600000695209e+00   5.020222653244087496e+01   0.000000000000000000e+00   3.144601039021959150e+04
 -5.624738167874998908e+04  -3.208302589239209774e+05   2.709217499999681422e+00   5.125545182951545797e+01   0.000000000000000000e+00   3.153782808076889705e+04
 -5.699734676780000882e+04  -3.248851236188058392e+05   2.745340400000145564e+00   5.225870300814427338e+01   0.000000000000000000e+00   3.163156440276924332e+04
 -5.774731185685000673e+04  -3.289354162326688529e+05   2.781463300000041272e+00   5.323542160998660222e+01   0.000000000000000000e+00   3.172736235190488151e+04
 -5.849727694590001192e+04  -3.329829209153546835e+05   2.817586199999936980e+00   5.419761217256834129e+01   0.000000000000000000e+00   3.182535418776340521e+04
 -5.924724203495000984e+04  -3.370295000203095260e+05   2.853709100000287435e+00   5.511057906454583843e+01   0.000000000000000000e+00   3.192565339640042293e+04
 -5.999720712399997137e+04  -3.410776422669432941e+05   2.889831999999614709e+00   5.607942455294221418e+01   0.000000000000000000e+00   3.202835878090078404e+04
 -6.074717221305000567e+04  -3.451295736345170299e+05   2.925954900000306225e+00   5.713422081505436267e+01   0.000000000000000000e+00   3.213354162043571705e+04
 -6.149713730210003268e+04  -3.491874042075130856e+05   2.962077800000542993e+00   5.829974231805345397e+01   0.000000000000000000e+00   3.224124825626302481e+04
 -6.224710239115000149e+04  -3.532529930655331700e+05   2.998200699999642893e+00   5.959644013654897776e+01   0.000000000000000000e+00   3.235150118706274588e+04
 -6.299706748019999941e+04  -3.573278872882595751e+05   3.034323600000561783e+00   6.103355785820960477e+01   0.000000000000000000e+00   3.246430341130772649e+04
 -6.374703256924999732e+04  -3.614132336787972017e+05   3.070446500000116430e+00   6.260948557764388056e+01   0.000000000000000000e+00   3.257964424249270451e+04
 -6.449699765829999524e+04  -3.655097501633854117e+05   3.106569399999898451e+00   6.431304721374718270e+01   0.000000000000000000e+00   3.269750758154815412e+04
 -6.524696274735002953e+04  -3.696177352856767247e+05   3.142692300000362593e+00   6.612920549141769300e+01   0.000000000000000000e+00   3.281788175274812966e+04
 -6.599692783639999107e+04  -3.737371400725190178e+05   3.178815199999917240e+00   6.803638225504158754e+01   0.000000000000000000e+00   3.294077059630610165e+04
 -6.674689292545002536e+04  -3.778676878170234268e+05   3.214938100000608756e+00   6.999937915272853672e+01   0.000000000000000000e+00   3.306620468924711895e+04
 -6.749685801449998689e+04  -3.820089958824705682e+05   3.251061000000163403e+00   7.199149023718317153e+01   0.000000000000000000e+00   3.319425083495604486e+04
 -6.824682310354999208e+04  -3.861607843306958675e+05   3.287183899999945424e+00   7.397404924208375121e+01   0.000000000000000000e+00   3.332502079967202735e+04
 -6.899678819260002638e+04  -3.903230437728745746e+05   3.323306800000409567e+00   7.591571552463369699e+01   0.000000000000000000e+00   3.345867625338392827e+04
 -6.974675328164998791e+04  -3.944962230219694902e+05   3.359429699999509467e+00   7.779286954715730928e+01   0.000000000000000000e+00   3.359543107478250749e+04
 -7.049671837070002221e+04  -3.986814075210474548e+05   3.395552600000200982e+00   7.957962393028283543e+01   0.000000000000000000e+00   3.373555081133617205e+04
 -7.124668345974998374e+04  -4.028804221482256544e+05   3.431675499999755630e+00   8.127062282343804611e+01   0.000000000000000000e+00   3.387934844760611304e+04
 -7.199664854880000348e+04  -4.070959363872319227e+05   3.467798400000219772e+00   8.286826999565406027e+01   0.000000000000000000e+00   3.402717911487464153e+04
 -7.274661363785000867e+04  -4.113315182851041318e+05   3.503921300000229166e+00   8.437924915531833392e+01   0.000000000000000000e+00   3.417943349813066015e+04
 -7.349657872690001386e+04  -4.155916125031659030e+05   3.540044200000011188e+00   8.583183251676037173e+01   0.000000000000000000e+00   3.433653014071762300e+04
 -7.424654381595000450e+04  -4.198815327007967280e+05   3.576167100000475330e+00   8.726122081824500754e+01   0.000000000000000000e+00   3.449890962927178771e+04
 -7.499650890499998059e+04  -4.242069759555141209e+05   3.612290000000029977e+00   8.883578284443211714e+01   0.000000000000000000e+00   3.466701809961636900e+04
 -7.574647399405001488e+04  -4.285751872112722485e+05   3.648412900000266745e+00   9.046315160428829927e+01   0.000000000000000000e+00   3.484133789627577062e+04
 -7.649643908310003462e+04  -4.329936416519417544e+05   3.684535800000276140e+00   9.216970350744338702e+01   0.000000000000000000e+00   3.502235643819448160e+04
 -7.724640417214999616e+04  -4.374703852421843330e+05   3.720658699999603414e+00   9.397856696655726694e+01   0.000000000000000000e+00   3.521058233882386412e+04
 -7.799636926120000135e+04  -4.420139712346324231e+05   3.756781600000067556e+00   9.591448130995442511e+01   0.000000000000000000e+00   3.540655668649769359e+04
 -7.874633435024999199e+04  -4.466334874276852934e+05   3.792904500000076951e+00   9.798236942209004496e+01   0.000000000000000000e+00   3.561087364877921937e+04
 -7.949629943929999718e+04  -4.513386467190487310e+05   3.829027399999858972e+00   1.001708904297706795e+02   0.000000000000000000e+00   3.582421082971229043e+04
 -8.024626452835003147e+04  -4.561400540809714585e+05   3.865150300000550487e+00   1.024484706977882809e+02   0.000000000000000000e+00   3.604737435768205614e+04
 -8.099622961739999300e+04  -4.610497159906411543e+05   3.901273199999877761e+00   1.047655408365757665e+02   0.000000000000000000e+00   3.628136250235967600e+04
 -8.174619470645002730e+04  -4.660819392282623448e+05   3.937396100000796650e+00   1.070465528925634828e+02   0.000000000000000000e+00   3.652745507895154878e+04
 -8.249615979550000338e+04  -4.712547540514466818e+05   3.973519000000123924e+00   1.092004914427918862e+02   0.000000000000000000e+00   3.678733720334744430e+04
 -8.324612488454997947e+04  -4.765921663730465225e+05   4.009641899999905945e+00   1.111267699468887002e+02   0.000000000000000000e+00   3.706327640496486856e+04
 -8.399608997360001376e+04  -4.821300110931006493e+05   4.045764800000142714e+00   1.139192729509642561e+02   0.000000000000000000e+00   3.735847859965461976e+04
 -8.474605506264998985e+04  -4.879118994523257716e+05   4.081887699999924735e+00   1.158699462245195093e+02   0.000000000000000000e+00   3.767712208714286680e+04
 -8.549602015170000959e+04  -4.940143058012971305e+05   4.118010600000388877e+00   1.169693826864045718e+02   0.000000000000000000e+00   3.802569311206769635e+04
 -8.624598524074998568e+04  -5.005563140109696542e+05   4.154133499999716150e+00   1.173180773288698617e+02   0.000000000000000000e+00   3.841405311175010866e+04
 -8.699595032980001997e+04  -5.077429661228484474e+05   4.190256400000180292e+00   1.143867024995088713e+02   0.000000000000000000e+00   3.885868599453740171e+04
 -8.774591541885001061e+04  -5.160115214061879669e+05   4.226379300000189687e+00   1.129927729270903143e+02   0.000000000000000000e+00   3.939314709089064127e+04
 -8.849588050790001580e+04  -5.264979749366329052e+05   4.262502199999971708e+00   1.070655054724824993e+02   0.000000000000000000e+00   4.010415469412109815e+04
 -8.924584559695000644e+04  -8.550081262580661569e+05   4.298625100000208477e+00  -1.179812845856087961e+03   0.000000000000000000e+00  -8.147248806001593235e-02
 -8.999581068599996797e+04  -8.550228485445722472e+05   4.334747999999535750e+00  -1.163442312798609919e+03   0.000000000000000000e+00  -2.610846604646349656e-01
 -9.074577577505000227e+04  -8.550374736610072432e+05   4.370870899999999892e+00  -1.146819243603371660e+03   0.000000000000000000e+00  -3.304836411526231865e-01
 -9.149574086410000746e+04  -8.550520223890388152e+05   4.406993799999781913e+00  -1.130634703809430675e+03   0.000000000000000000e+00  -3.465682376299787371e-01
 -9.224570595314999809e+04  -8.550664895026419545e+05   4.443116699999791308e+00  -1.114835814248066299e+03   0.000000000000000000e+00  -3.530219421757213594e-01
 -9.299567104220000328e+04  -8.550808760804116027e+05   4.479239600000710197e+00  -1.099466062565431685e+03   0.000000000000000000e+00  -3.398728578516798660e-01
 -9.374563613125003758e+04  -8.550951803178164409e+05   4.515362500000946966e+00  -1.084462566039695048e+03   0.000000000000000000e+00  -3.181262638756943706e-01
 -9.449560122030001367e+04  -8.551094020068787504e+05   4.551485400000501613e+00  -1.069776780070172663e+03   0.000000000000000000e+00  -2.948401799796666056e-01
 -9.524556630935001886e+04  -8.551235416939250426e+05   4.587608300000056261e+00  -1.055391909838099764e+03   0.000000000000000000e+00  -2.721881626659862219e-01
 -9.599553139839999494e+04  -8.551376006461664801e+05   4.623731199999383534e+00  -1.041309768117543399e+03   0.000000000000000000e+00  -2.459151497542485520e-01
 -9.674549648745002924e+04  -8.551515791402178584e+05   4.659854100000757171e+00  -1.027511503715859362e+03   0.000000000000000000e+00  -2.211905280683092168e-01
 -9.749546157650001987e+04  -8.551654784703187179e+05   4.695977000000766566e+00  -1.013997359187267762e+03   0.000000000000000000e+00  -1.931921391902764462e-01
 -9.824542666554999596e+04  -8.551792991374027915e+05   4.732099900000321213e+00  -1.000754713770779745e+03   0.000000000000000000e+00  -1.646572644854712719e-01
 -9.899539175460003025e+04  -8.551930418819988845e+05   4.768222800000557982e+00  -9.877754301955390019e+02   0.000000000000000000e+00  -1.359407105282746386e-01
 -9.974535684364999179e+04  -8.552067074355809018e+05   4.804345700000112629e+00  -9.750520236906103264e+02   0.000000000000000000e+00  -1.073393814372456817e-01
 -1.004953219327000261e+05  -8.552202965187801747e+05   4.840468600000576771e+00  -9.625773672771824749e+02   0.000000000000000000e+00  -7.913249848266225295e-02
 -1.012452870217500167e+05  -8.552338098417011788e+05   4.876591500000358792e+00  -9.503446591045628793e+02   0.000000000000000000e+00  -5.157702422303528378e-02
 -1.019952521108000074e+05  -8.552472481042073341e+05   4.912714400000368187e+00  -9.383474015754737820e+02   0.000000000000000000e+00  -2.490488147305482125e-02
 -1.027452171998500125e+05  -8.552606123836089391e+05   4.948837300000150208e+00  -9.265791488358958077e+02   0.000000000000000000e+00   3.522540861736293220e-03
 -1.034951822888999886e+05  -8.552739026008892106e+05   4.984960199999704855e+00  -9.150338520942925697e+02   0.000000000000000000e+00   2.788247431727871109e-02
 -1.042451473779500084e+05  -8.552871193848494440e+05   5.021083100000168997e+00  -9.037073994678742110e+02   0.000000000000000000e+00   4.802547643399476818e-02
 -1.049951124670000427e+05  -8.553002642040880164e+05   5.057206000000633139e+00  -8.925924386498909371e+02   0.000000000000000000e+00   6.928334514446181369e-02
 -1.057450775560500188e+05  -8.553133373226283584e+05   5.093328899999960413e+00  -8.816842267042045478e+02   0.000000000000000000e+00   8.903105043849393607e-02
 -1.064950426451000094e+05  -8.553263389502936043e+05   5.129451799999969808e+00  -8.709801784163213370e+02   0.000000000000000000e+00   1.048197720177605208e-01
 -1.072450077341500146e+05  -8.553392701367910486e+05   5.165574699999979202e+00  -8.604738274710126689e+02   0.000000000000000000e+00   1.191140020076547068e-01
 -1.079949728232000052e+05  -8.553521315157491481e+05   5.201697600000670718e+00  -8.501601680399362522e+02   0.000000000000000000e+00   1.320110400116166205e-01
 -1.087449379122500250e+05  -8.553649237076020800e+05   5.237820500001362234e+00  -8.400344855960274799e+02   0.000000000000000000e+00   1.435337226609512684e-01
 -1.094949030013000011e+05  -8.553776468980276259e+05   5.273943399999780013e+00  -8.300956239946990536e+02   0.000000000000000000e+00   1.519879214804722156e-01
 -1.102448680903500353e+05  -8.553903021201392403e+05   5.310066300000016781e+00  -8.203363243308509709e+02   0.000000000000000000e+00   1.594175998689266460e-01
 -1.109948331793999969e+05  -8.554028899779900676e+05   5.346189199999571429e+00  -8.107519943073513105e+02   0.000000000000000000e+00   1.659036390374608871e-01
 -1.117447982684500312e+05  -8.554154106670827605e+05   5.382312100000717692e+00  -8.013421649095391786e+02   0.000000000000000000e+00   1.701316962230167151e-01
 -1.124947633575000364e+05  -8.554279006947723683e+05   5.418435000000954460e+00  -7.922657638251878325e+02   0.000000000000000000e+00  -1.037586105010146198e-01
 -1.132447284465500270e+05  -8.554402951679896796e+05   5.454557900000736481e+00  -7.831951328778592369e+02   0.000000000000000000e+00  -1.178140807150746816e-01
 -1.139946935356000176e+05  -8.554526247129644034e+05   5.490680800000745876e+00  -7.742858084629101540e+02   0.000000000000000000e+00  -1.204391008850838468e-01
 -1.147446586246500228e+05  -8.554648880985364085e+05   5.526803700000527897e+00  -7.655357550907453970e+02   0.000000000000000000e+00  -1.175612164492864792e-01
 -1.154946237137000135e+05  -8.554770860230925027e+05   5.562926600000537292e+00  -7.569407494627656661e+02   0.000000000000000000e+00  -1.094179415793953142e-01
 -1.162445888027500187e+05  -8.554892171165574109e+05   5.599049500000546686e+00  -7.485009749117198226e+02   0.000000000000000000e+00  -8.755922866680053429e-02
 -1.169945538918000238e+05  -8.555012854289560346e+05   5.635172400000328707e+00  -7.402017402409446731e+02   0.000000000000000000e+00  -6.530756622394864874e-02
 -1.177445189808500145e+05  -8.555132914650548482e+05   5.671295300000110728e+00  -7.320386177590914940e+02   0.000000000000000000e+00  -4.334039009226032385e-02
 -1.184944840699000197e+05  -8.555252350505833747e+05   5.707418200000120123e+00  -7.240084685631507000e+02   0.000000000000000000e+00  -1.909700071856066175e-02
 -1.192444491589500249e+05  -8.555371181140656117e+05   5.743541100000129518e+00  -7.161077918839052927e+02   0.000000000000000000e+00   1.846239271089655885e-03
 -1.199944142480000010e+05  -8.555489397558980854e+05   5.779664000000138913e+00  -7.083332306562101621e+02   0.000000000000000000e+00   2.446684162039871810e-02
 -1.207443793370500061e+05  -8.555607011980938260e+05   5.815786900000148307e+00  -7.006820791266179640e+02   0.000000000000000000e+00   4.607883459723110392e-02
 -1.214943444261000113e+05  -8.555724029415136902e+05   5.851909800000157702e+00  -6.931517649996230830e+02   0.000000000000000000e+00   6.637846413818020153e-02
 -1.222443095151500020e+05  -8.555840454848950030e+05   5.888032700000167097e+00  -6.857398600534446587e+02   0.000000000000000000e+00   8.521082617074654530e-02
 -1.229942746042000072e+05  -8.555956293206810951e+05   5.924155600000631239e+00  -6.784440377087385059e+02   0.000000000000000000e+00   1.024557966976070988e-01
 -1.237442396932500124e+05  -8.556071529006715864e+05   5.960278500000640634e+00  -6.712529163089708391e+02   0.000000000000000000e+00   1.236341212490068703e-01
 -1.244942047823000030e+05  -8.556186188286927063e+05   5.996401399999740534e+00  -6.641707836178844673e+02   0.000000000000000000e+00   1.418252184625448109e-01
 -1.252441698713500082e+05  -8.556300276128818514e+05   6.032524299999295181e+00  -6.571966578745012839e+02   0.000000000000000000e+00   1.566222401203349879e-01
 -1.259941349603999988e+05  -8.556413797569272574e+05   6.068647199999759323e+00  -6.503291726142579137e+02   0.000000000000000000e+00   1.679641744328895236e-01
 -1.267441000494499895e+05  -8.556526763081745012e+05   6.104770100000678212e+00  -6.435711112391461484e+02   0.000000000000000000e+00   1.751624896262345688e-01
 -1.274940651385000529e+05  -8.556639082392805722e+05   6.140893000001597102e+00  -6.368283746068934761e+02   0.000000000000000000e+00   1.835129627259473872e-01
 -1.282440302275499998e+05  -8.556750946919636335e+05   6.177015900000242254e+00  -6.302765562579552352e+02   0.000000000000000000e+00   1.781593971085923267e-01
 -1.289939953165999905e+05  -8.556862271426488878e+05   6.213138800000251649e+00  -6.238406747051384400e+02   0.000000000000000000e+00   1.741069254706517355e-01
 -1.297439604056499957e+05  -8.556973050343343057e+05   6.249261700000261044e+00  -6.175036955168958457e+02   0.000000000000000000e+00   1.695481964327248958e-01
 -1.304939254947000009e+05  -8.557083289919848321e+05   6.285384599999815691e+00  -6.112673157199693605e+02   0.000000000000000000e+00   1.649830915768434325e-01
 -1.312438905837500351e+05  -8.557192990133278072e+05   6.321507500001189328e+00  -6.051219902934849415e+02   0.000000000000000000e+00   1.591892513105367946e-01
 -1.319938556727999821e+05  -8.557302159201062750e+05   6.357630400000289228e+00  -5.990731506999296698e+02   0.000000000000000000e+00   1.536879367864255885e-01
 -1.327438207618500455e+05  -8.557410801148094470e+05   6.393753300000753370e+00  -5.931183693254474747e+02   0.000000000000000000e+00   1.489913871199705087e-01
 -1.334937858508999925e+05  -8.557518916384249460e+05   6.429876199999853270e+00  -5.872489679465323889e+02   0.000000000000000000e+00   1.430884869947049165e-01
 -1.342437509399499977e+05  -8.557626510845281882e+05   6.465999099999862665e+00  -5.814667761025856407e+02   0.000000000000000000e+00   1.368666991514604636e-01
 -1.349937160290000320e+05  -8.557733590348929865e+05   6.502122000000781554e+00  -5.757728308638050976e+02   0.000000000000000000e+00   1.317353090864238352e-01
 -1.357436811180499790e+05  -8.557840157185280696e+05   6.538244899999426707e+00  -5.701620941480085776e+02   0.000000000000000000e+00   1.266005954479929030e-01
 -1.364936462071000424e+05  -8.557946215290138498e+05   6.574367800000800344e+00  -5.646329873752883941e+02   0.000000000000000000e+00   1.214310795635766549e-01
 -1.372436112961499894e+05  -8.558051768588304985e+05   6.610490699999445496e+00  -5.591838618208273601e+02   0.000000000000000000e+00   1.162504233577370955e-01
 -1.379935763852000528e+05  -8.558156820961757330e+05   6.646613600000364386e+00  -5.538131080703299176e+02   0.000000000000000000e+00   1.110770231052800455e-01
 -1.387435414742500579e+05  -8.558261376249843743e+05   6.682736500000373780e+00  -5.485191572202944599e+02   0.000000000000000000e+00   1.059276106165141090e-01
 -1.394935065633000340e+05  -8.558365440333205042e+05   6.718859400000383175e+00  -5.433026952661685982e+02   0.000000000000000000e+00   1.023826610047388896e-01
 -1.402434716523500392e+05  -8.558469012881704839e+05   6.754982300000392570e+00  -5.381575489094799423e+02   0.000000000000000000e+00   9.736022440741655404e-02
 -1.409934367413999862e+05  -8.558572104187634541e+05   6.791105199999037723e+00  -5.330889625562441552e+02   0.000000000000000000e+00   9.562884409932960461e-02
 -1.417434018304500205e+05  -8.558674713960593799e+05   6.827228099999956612e+00  -5.280907434990433558e+02   0.000000000000000000e+00   9.404203922607995425e-02
 -1.424933669195000257e+05  -8.558776964605833637e+05   6.863351000001330249e+00  -5.232410897153255291e+02   0.000000000000000000e+00   1.354285558351122909e-01
 -1.432433320085500309e+05  -8.558878632702953182e+05   6.899473900000884896e+00  -5.183793023288501445e+02   0.000000000000000000e+00   1.365342138805802630e-01
 -1.439932970976000070e+05  -8.558979823050870327e+05   6.935596800000894291e+00  -5.135844294677748394e+02   0.000000000000000000e+00   1.354778380726299469e-01
 -1.447432621866500122e+05  -8.559080545641301433e+05   6.971719699999994191e+00  -5.088551649727946256e+02   0.000000000000000000e+00   1.345572891080298872e-01
 -1.454932272757000173e+05  -8.559180798860860523e+05   7.007842600000003586e+00  -5.041869360007689238e+02   0.000000000000000000e+00   1.325129454277316210e-01
 -1.462431923647500225e+05  -8.559280591216540197e+05   7.043965500000467728e+00  -4.995818958499312998e+02   0.000000000000000000e+00   1.304886940442016863e-01
 -1.469931574538000277e+05  -8.559379926164521603e+05   7.080088400000477122e+00  -4.950387529557687571e+02   0.000000000000000000e+00   1.285344299702366744e-01
 -1.477431225428500329e+05  -8.559478807095241500e+05   7.116211300000486517e+00  -4.905563516513520881e+02   0.000000000000000000e+00   1.266487714725426927e-01
 -1.484930876319000090e+05  -8.559577237365286564e+05   7.152334200000495912e+00  -4.861335659688073747e+02   0.000000000000000000e+00   1.248333564654164202e-01
 -1.492430527209500142e+05  -8.559675220297002234e+05   7.188457100000505307e+00  -4.817692964822279578e+02   0.000000000000000000e+00   1.230893000751730887e-01
 -1.499930178100000194e+05  -8.559772753953427309e+05   7.224580000000514701e+00  -4.774595209784946519e+02   0.000000000000000000e+00   1.201075689182988931e-01
