  1.499772000000000116e+05   1.622744537738605022e+09   1.499772000000000116e+05   2.930814012622877210e+07   1.499772000000000116e+05  -2.081117149084820994e+02
  1.492273140000000130e+05   1.622725906209153652e+09   1.492273140000000130e+05   2.931753418913024291e+07   1.492273140000000130e+05  -2.477751186729292385e+02
  1.484774280000000144e+05   1.622707182812286377e+09   1.484774280000000144e+05   2.932540218251953647e+07   1.484774280000000144e+05  -2.395816270848445129e+02
  1.477275420000000158e+05   1.622688379393884182e+09   1.477275420000000158e+05   2.933345380548227206e+07   1.477275420000000158e+05  -2.446584808898405754e+02
  1.469776560000000172e+05   1.622669488543546438e+09   1.469776560000000172e+05   2.934161581415301189e+07   1.469776560000000172e+05  -2.480424116343274363e+02
  1.462277700000000186e+05   1.622650509598917007e+09   1.462277700000000186e+05   2.934989015601032600e+07   1.462277700000000186e+05  -2.515810984902782366e+02
  1.454778840000000200e+05   1.622631441883513212e+09   1.454778840000000200e+05   2.935827909488768503e+07   1.454778840000000200e+05  -2.552317953219971969e+02
  1.447279980000000214e+05   1.622612284714894772e+09   1.447279980000000214e+05   2.936678480353519693e+07   1.447279980000000214e+05  -2.589866895106824813e+02
  1.439781120000000228e+05   1.622593037402415037e+09   1.439781120000000228e+05   2.937540951307832822e+07   1.439781120000000228e+05  -2.628392165233672131e+02
  1.432282260000000242e+05   1.622573699247138977e+09   1.432282260000000242e+05   2.938415550998405367e+07   1.432282260000000242e+05  -2.667814433971361723e+02
  1.424783400000000256e+05   1.622554269541696787e+09   1.424783400000000256e+05   2.939302513770246506e+07   1.424783400000000256e+05  -2.708041441547684371e+02
  1.417284539999999979e+05   1.622534747570123672e+09   1.417284539999999979e+05   2.940202079851161316e+07   1.417284539999999979e+05  -2.748967169144016225e+02
  1.409785679999999993e+05   1.622515133452843428e+09   1.409785679999999993e+05   2.941115156585095078e+07   1.409785679999999993e+05  -2.771790849501994671e+02
  1.402286820000000007e+05   1.622495424771166563e+09   1.402286820000000007e+05   2.942040667442395538e+07   1.402286820000000007e+05  -2.813240210242947796e+02
  1.394787960000000021e+05   1.622475640662933826e+09   1.394787960000000021e+05   2.942996131505359337e+07   1.394787960000000021e+05  -2.217476181947859004e+02
  1.387289100000000035e+05   1.622455744014695406e+09   1.387289100000000035e+05   2.943950303671495616e+07   1.387289100000000035e+05  -2.154090785902226344e+02
  1.379790240000000049e+05   1.622435749138997555e+09   1.379790240000000049e+05   2.944917014388843253e+07   1.379790240000000049e+05  -2.218798387261340395e+02
  1.372291380000000063e+05   1.622415657424878836e+09   1.372291380000000063e+05   2.945898009268167242e+07   1.372291380000000063e+05  -2.284765209925535601e+02
  1.364792520000000077e+05   1.622395467817738056e+09   1.364792520000000077e+05   2.946892950777693465e+07   1.364792520000000077e+05  -2.376936994768766453e+02
  1.357293660000000091e+05   1.622375179886341572e+09   1.357293660000000091e+05   2.947902646976052970e+07   1.357293660000000091e+05  -2.468994569091446465e+02
  1.349794800000000105e+05   1.622354792845127106e+09   1.349794800000000105e+05   2.948927374662895128e+07   1.349794800000000105e+05  -2.560014933821512386e+02
  1.342295940000000119e+05   1.622334305886535645e+09   1.342295940000000119e+05   2.949967443097488210e+07   1.342295940000000119e+05  -2.649632797462836606e+02
  1.334797080000000133e+05   1.622313717885582209e+09   1.334797080000000133e+05   2.951022554625391215e+07   1.334797080000000133e+05  -2.757514741458289791e+02
  1.327298220000000147e+05   1.622293028311341047e+09   1.327298220000000147e+05   2.952093623904696479e+07   1.327298220000000147e+05  -2.861083212201046990e+02
  1.319799360000000161e+05   1.622272236335381746e+09   1.319799360000000161e+05   2.953180969082847983e+07   1.319799360000000161e+05  -2.958508265129057691e+02
  1.312300500000000175e+05   1.622251341107786894e+09   1.312300500000000175e+05   2.954284938266237825e+07   1.312300500000000175e+05  -3.048943133068241877e+02
  1.304801640000000189e+05   1.622230341767511368e+09   1.304801640000000189e+05   2.955405890964968130e+07   1.304801640000000189e+05  -3.131433436570514459e+02
  1.297302780000000057e+05   1.622209237056811094e+09   1.297302780000000057e+05   2.956543468867204338e+07   1.297302780000000057e+05  -3.214831065125472378e+02
  1.289803920000000071e+05   1.622188025979278326e+09   1.289803920000000071e+05   2.957697999053889140e+07   1.289803920000000071e+05  -3.291471322847792180e+02
  1.282305060000000085e+05   1.622166691617866039e+09   1.282305060000000085e+05   2.958852695306026191e+07   1.282305060000000085e+05  -3.289785032899671933e+02
  1.274806200000000099e+05   1.622145264504803419e+09   1.274806200000000099e+05   2.960043179120064154e+07   1.274806200000000099e+05  -3.269556075213913573e+02
  1.267307340000000113e+05   1.622123727817414284e+09   1.267307340000000113e+05   2.961252453616729006e+07   1.267307340000000113e+05  -3.169196023326949216e+02
  1.259808480000000127e+05   1.622102080319716692e+09   1.259808480000000127e+05   2.962480568083295599e+07   1.259808480000000127e+05  -3.007374474824609933e+02
  1.252309620000000141e+05   1.622080322013355017e+09   1.252309620000000141e+05   2.963728858158982918e+07   1.252309620000000141e+05  -2.795635856920853257e+02
  1.244810760000000009e+05   1.622058451962347746e+09   1.244810760000000009e+05   2.964997939102391526e+07   1.244810760000000009e+05  -2.532588948502088897e+02
  1.237311900000000169e+05   1.622036469217986107e+09   1.237311900000000169e+05   2.966288413067444414e+07   1.237311900000000169e+05  -2.218690056040359195e+02
  1.229813040000000037e+05   1.622014372821128607e+09   1.229813040000000037e+05   2.967600899287770689e+07   1.229813040000000037e+05  -1.855512878691661172e+02
  1.222314180000000051e+05   1.621992164278928757e+09   1.222314180000000051e+05   2.968936844006041437e+07   1.222314180000000051e+05  -1.530826295688893879e+02
  1.214815320000000065e+05   1.621969840180297613e+09   1.214815320000000065e+05   2.970295778314889967e+07   1.214815320000000065e+05  -1.179029978886828758e+02
  1.207316460000000079e+05   1.621947400794168949e+09   1.207316460000000079e+05   2.971678491662869230e+07   1.207316460000000079e+05  -8.469467933742271271e+01
  1.199817600000000093e+05   1.621924842536900997e+09   1.199817600000000093e+05   2.973084993258583173e+07   1.199817600000000093e+05  -4.474566636462986935e+01
  1.192318740000000107e+05   1.621902165636341333e+09   1.192318740000000107e+05   2.974516218029005080e+07   1.192318740000000107e+05  -2.382570929898065515e+00
  1.184819880000000121e+05   1.621879370339175224e+09   1.184819880000000121e+05   2.975972811048762873e+07   1.184819880000000121e+05   3.669396678135672119e+01
  1.177321020000000135e+05   1.621856454263589382e+09   1.177321020000000135e+05   2.977455221496541053e+07   1.177321020000000135e+05   7.682437206394388340e+01
  1.169822160000000149e+05   1.621833414981068850e+09   1.169822160000000149e+05   2.978964279840082303e+07   1.169822160000000149e+05   1.231824821432383033e+02
  1.162323300000000163e+05   1.621810254060610294e+09   1.162323300000000163e+05   2.980500395639204979e+07   1.162323300000000163e+05   1.652116156841511838e+02
  1.154824440000000177e+05   1.621786969036125898e+09   1.154824440000000177e+05   2.982064284861934185e+07   1.154824440000000177e+05   2.072782336598029360e+02
  1.147325580000000191e+05   1.621763565683590174e+09   1.147325580000000191e+05   2.983654428401878104e+07   1.147325580000000191e+05   2.238869802036351757e+02
  1.139826720000000059e+05   1.621740037666545391e+09   1.139826720000000059e+05   2.985272413650592789e+07   1.139826720000000059e+05   2.350708965483063366e+02
  1.132327860000000073e+05   1.621716385469816446e+09   1.132327860000000073e+05   2.986918574967633560e+07   1.132327860000000073e+05   2.367483416310133180e+02
  1.124829000000000087e+05   1.621692608089778900e+09   1.124829000000000087e+05   2.988593580196435004e+07   1.124829000000000087e+05   2.288584920322755352e+02
  1.117330140000000101e+05   1.621668710303905487e+09   1.117330140000000101e+05   2.990296807324072346e+07   1.117330140000000101e+05   1.909288599859719398e+02
  1.109831280000000115e+05   1.621644708293595076e+09   1.109831280000000115e+05   2.992053313947191834e+07   1.109831280000000115e+05  -2.825404404821310891e+02
  1.102332419999999984e+05   1.621620524463708639e+09   1.102332419999999984e+05   2.993824352976102754e+07   1.102332419999999984e+05  -2.877653436371620046e+02
  1.094833559999999998e+05   1.621596209537848711e+09   1.094833559999999998e+05   2.995623505713532865e+07   1.094833559999999998e+05  -2.731764592792314943e+02
  1.087334700000000012e+05   1.621571759936499834e+09   1.087334700000000012e+05   2.997456196510595083e+07   1.087334700000000012e+05  -2.568629503105912590e+02
  1.079835840000000026e+05   1.621547175149262667e+09   1.079835840000000026e+05   2.999323077140590921e+07   1.079835840000000026e+05  -2.348805978631717153e+02
  1.072336980000000040e+05   1.621522452985341311e+09   1.072336980000000040e+05   3.001225694679890946e+07   1.072336980000000040e+05  -2.103587910071510123e+02
  1.064838120000000054e+05   1.621497592073082685e+09   1.064838120000000054e+05   3.003165090792312846e+07   1.064838120000000054e+05  -1.832986733622092288e+02
  1.057339260000000068e+05   1.621472591034317970e+09   1.057339260000000068e+05   3.005142305797526985e+07   1.057339260000000068e+05  -1.536830264323943993e+02
  1.049840400000000081e+05   1.621447448468068361e+09   1.049840400000000081e+05   3.007158416158252954e+07   1.049840400000000081e+05  -1.215228758960874984e+02
  1.042341540000000095e+05   1.621422163731664181e+09   1.042341540000000095e+05   3.009214325714848936e+07   1.042341540000000095e+05  -8.189279916467785370e+01
  1.034842680000000109e+05   1.621396734549764395e+09   1.034842680000000109e+05   3.011311553061743453e+07   1.034842680000000109e+05  -3.925696602073730901e+01
  1.027343820000000123e+05   1.621371159427909136e+09   1.027343820000000123e+05   3.013451339870837331e+07   1.027343820000000123e+05   6.015447569443495013e+00
  1.019844960000000137e+05   1.621345436860519886e+09   1.019844960000000137e+05   3.015634941597997397e+07   1.019844960000000137e+05   5.365756988307111897e+01
  1.012346100000000151e+05   1.621319565317128658e+09   1.012346100000000151e+05   3.017863651928270608e+07   1.012346100000000151e+05   1.033531923137925332e+02
  1.004847240000000165e+05   1.621293543241679192e+09   1.004847240000000165e+05   3.020138804279991984e+07   1.004847240000000165e+05   1.547312695233413251e+02
  9.973483800000001793e+04   1.621267369052115679e+09   9.973483800000001793e+04   3.022461772052495927e+07   9.973483800000001793e+04   2.073669265926437220e+02
  9.898495200000000477e+04   1.621241041139974833e+09   9.898495200000000477e+04   3.024833968894758075e+07   9.898495200000000477e+04   2.607840198570193024e+02
  9.823506600000000617e+04   1.621214557869953871e+09   9.823506600000000617e+04   3.027256849117478728e+07   9.823506600000000617e+04   3.144591004826361313e+02
  9.748518000000002212e+04   1.621187917190947294e+09   9.748518000000002212e+04   3.029731172657246888e+07   9.748518000000002212e+04   3.626638277808960993e+02
  9.673529400000000896e+04   1.621161118246806860e+09   9.673529400000000896e+04   3.032259780020794645e+07   9.673529400000000896e+04   4.152309294367296388e+02
  9.598540800000001036e+04   1.621134158564771414e+09   9.598540800000001036e+04   3.034842795583304763e+07   9.598540800000001036e+04   4.617787391911115265e+02
  9.523552199999999721e+04   1.621107037067575693e+09   9.523552199999999721e+04   3.037483521356950700e+07   9.523552199999999721e+04   5.112033710295945639e+02
  9.448563599999999860e+04   1.621079751387280941e+09   9.448563599999999860e+04   3.040181783226011693e+07   9.448563599999999860e+04   5.539338770119938999e+02
  9.373575000000001455e+04   1.621052300216372728e+09   9.373575000000001455e+04   3.042941372148562968e+07   9.373575000000001455e+04   5.978113305677834433e+02
  9.298586400000000140e+04   1.621024681424774647e+09   9.298586400000000140e+04   3.045763155724071711e+07   9.298586400000000140e+04   6.376708244993787957e+02
  9.223597800000000279e+04   1.620996893061629295e+09   9.223597800000000279e+04   3.048647526043024287e+07   9.223597800000000279e+04   6.701787657006498193e+02
  9.148609200000000419e+04   1.620968930073238373e+09   9.148609200000000419e+04   3.051575238013565168e+07   9.148609200000000419e+04   6.563875191364495549e+02
  9.073620600000000559e+04   1.620940788289148569e+09   9.073620600000000559e+04   3.054564169149418175e+07   9.073620600000000559e+04   6.296413797929853899e+02
  8.998632000000000698e+04   1.620912470474229336e+09   8.998632000000000698e+04   3.057627651807535067e+07   8.998632000000000698e+04   6.144737389357906068e+02
  8.923643400000000838e+04   1.620883974778105497e+09   8.923643400000000838e+04   3.060764293992231041e+07   8.923643400000000838e+04   6.016837474375497550e+02
  8.848654800000000978e+04   1.620855299286077738e+09   8.848654800000000978e+04   3.063975008601066098e+07   8.848654800000000978e+04   5.883936538162379293e+02
  8.773666200000001118e+04   1.620826443418973207e+09   8.773666200000001118e+04   3.067263352819972485e+07   8.773666200000001118e+04   5.796225028124899836e+02
  8.698677600000001257e+04   1.620797405443339109e+09   8.698677600000001257e+04   3.070631872902524471e+07   8.698677600000001257e+04   5.760719761768414173e+02
  8.623688999999999942e+04   1.620768183296713352e+09   8.623688999999999942e+04   3.074083197504739836e+07   8.623688999999999942e+04   5.782287359806068707e+02
  8.548700400000001537e+04   1.620738775642372131e+09   8.548700400000001537e+04   3.077622469993655011e+07   8.548700400000001537e+04   5.955719476339145331e+02
  8.473711800000001676e+04   1.620709178486043453e+09   8.473711800000001676e+04   3.081250552542608604e+07   8.473711800000001676e+04   6.184216797044791747e+02
  8.398723200000000361e+04   1.620679382510930777e+09   8.398723200000000361e+04   3.085285247847143561e+07   8.398723200000000361e+04   1.524842907943093451e+02
  8.323734600000000501e+04   1.620649380205709934e+09   8.323734600000000501e+04   3.089081981667287275e+07   8.323734600000000501e+04  -3.936883715121075511e+01
  8.248746000000000640e+04   1.620619227790794849e+09   8.248746000000000640e+04   3.092714203109389171e+07   8.248746000000000640e+04   6.890535637484426843e+02
  8.173757400000000780e+04   1.620588841989451885e+09   8.173757400000000780e+04   3.096722211400896311e+07   8.173757400000000780e+04   7.583959715092496481e+02
  8.098768800000000920e+04   1.620558256627593756e+09   8.098768800000000920e+04   3.100845509174693748e+07   8.098768800000000920e+04   7.937711376411607489e+02
  8.023780200000001059e+04   1.620527465488210917e+09   8.023780200000001059e+04   3.105080460994205624e+07   8.023780200000001059e+04   8.255008803738019196e+02
  7.948791600000001199e+04   1.620496465625113487e+09   7.948791600000001199e+04   3.109429755866121501e+07   7.948791600000001199e+04   8.494173859649163205e+02
  7.873802999999999884e+04   1.620465254296546698e+09   7.873802999999999884e+04   3.113897399938318133e+07   7.873802999999999884e+04   8.624176813796802890e+02
  7.798814400000000023e+04   1.620433829342451572e+09   7.798814400000000023e+04   3.118490931010202691e+07   7.798814400000000023e+04   8.594118491917470237e+02
  7.723825800000001618e+04   1.620402189142991066e+09   7.723825800000001618e+04   3.123215761137391999e+07   7.723825800000001618e+04   8.272733741888368968e+02
  7.648837200000000303e+04   1.620370331926565409e+09   7.648837200000000303e+04   3.128072854598829523e+07   7.648837200000000303e+04   7.539603632266662316e+02
  7.573848600000000442e+04   1.620338262196148872e+09   7.573848600000000442e+04   3.133073004939434305e+07   7.573848600000000442e+04   5.920755004737002309e+02
  7.498860000000000582e+04   1.620305969889407635e+09   7.498860000000000582e+04   3.138198496857171133e+07   7.498860000000000582e+04   3.787197378094861051e+02
  7.423871400000000722e+04   1.620273439290953398e+09   7.423871400000000722e+04   3.143450488652204350e+07   7.423871400000000722e+04   2.030316146913100965e+02
  7.348882800000000861e+04   1.620240670208032370e+09   7.348882800000000861e+04   3.148845572753353044e+07   7.348882800000000861e+04   4.833861171518219635e+01
  7.273894200000001001e+04   1.620207663125368834e+09   7.273894200000001001e+04   3.154392686258339137e+07   7.273894200000001001e+04  -1.104525395614036825e+02
  7.198905600000001141e+04   1.620174414318607092e+09   7.198905600000001141e+04   3.160098510088718683e+07   7.198905600000001141e+04  -2.691737423892918741e+02
  7.123916999999999825e+04   1.620140919876381874e+09   7.123916999999999825e+04   3.165970336255256459e+07   7.123916999999999825e+04  -4.254411098807613598e+02
  7.048928399999999965e+04   1.620107175747174263e+09   7.048928399999999965e+04   3.172015864672735333e+07   7.048928399999999965e+04  -5.772128059536189539e+02
  6.973939800000001560e+04   1.620073176506042480e+09   6.973939800000001560e+04   3.178244563062721118e+07   6.973939800000001560e+04  -7.145312367369770072e+02
  6.898951200000000244e+04   1.620038914992372990e+09   6.898951200000000244e+04   3.184668765503767878e+07   6.898951200000000244e+04  -8.212304011513770092e+02
  6.823962600000000384e+04   1.620004334169764757e+09   6.823962600000000384e+04   3.191346889645621553e+07   6.823962600000000384e+04  -6.178455796714115422e+02
  6.748974000000000524e+04   1.619969501919643641e+09   6.748974000000000524e+04   3.198212964014602453e+07   6.748974000000000524e+04  -5.241625026973488275e+02
  6.673985400000000664e+04   1.619934403578694105e+09   6.673985400000000664e+04   3.205299542699325457e+07   6.673985400000000664e+04  -4.398763183744886192e+02
  6.598996799999999348e+04   1.619899036757813692e+09   6.598996799999999348e+04   3.212616701540873945e+07   6.598996799999999348e+04  -3.594376852390705608e+02
  6.524008200000000943e+04   1.619863401275954008e+09   6.524008200000000943e+04   3.220170000740396231e+07   6.524008200000000943e+04  -3.724716223421419272e+02
  6.449019600000001083e+04   1.619827482494964361e+09   6.449019600000001083e+04   3.227974115767108649e+07   6.449019600000001083e+04  -4.403055813072569435e+02
  6.374031000000001222e+04   1.619791271187312603e+09   6.374031000000001222e+04   3.236042530044011772e+07   6.374031000000001222e+04  -5.293692138595361030e+02
  6.299042399999999907e+04   1.619754760705709696e+09   6.299042399999999907e+04   3.244386885791866854e+07   6.299042399999999907e+04  -6.408507959884882439e+02
  6.224053800000000047e+04   1.619717944188254833e+09   6.224053800000000047e+04   3.253020996248188987e+07   6.224053800000000047e+04  -7.651191758307686541e+02
  6.149065200000000186e+04   1.619680814857607603e+09   6.149065200000000186e+04   3.261958573450503498e+07   6.149065200000000186e+04  -9.011176900073041907e+02
  6.074076600000000326e+04   1.619643364921523094e+09   6.074076600000000326e+04   3.271225718057315797e+07   6.074076600000000326e+04  -9.988197813831211533e+02
  5.999088000000000466e+04   1.619605588499803305e+09   5.999088000000000466e+04   3.280848874681428820e+07   5.999088000000000466e+04  -1.029894755560773774e+03
  5.924099399999999150e+04   1.619567481134615421e+09   5.924099399999999150e+04   3.290843413076697662e+07   5.924099399999999150e+04  -1.011746431138701155e+03
  5.849110800000000745e+04   1.619529035717525482e+09   5.849110800000000745e+04   3.301228346733356267e+07   5.849110800000000745e+04  -9.426405853146279696e+02
  5.774122200000000885e+04   1.619490236914205790e+09   5.774122200000000885e+04   3.312012750322270393e+07   5.774122200000000885e+04  -8.715493262452218914e+02
  5.699133600000001024e+04   1.619451068185703754e+09   5.699133600000001024e+04   3.323215299761942402e+07   5.699133600000001024e+04  -8.247817737961449893e+02
  5.624145000000001164e+04   1.619411517358439445e+09   5.624145000000001164e+04   3.334853699592676759e+07   5.624145000000001164e+04  -8.462339974463538965e+02
  5.549156399999999849e+04   1.619371578125783443e+09   5.549156399999999849e+04   3.346951764636842906e+07   5.549156399999999849e+04  -9.426754377483739518e+02
  5.474167799999999988e+04   1.619331241440429211e+09   5.474167799999999988e+04   3.359544689815527946e+07   5.474167799999999988e+04  -1.060604683032375760e+03
  5.399179200000000128e+04   1.619290488776280165e+09   5.399179200000000128e+04   3.372683349172815681e+07   5.399179200000000128e+04  -1.112145170999603579e+03
  5.324190600000000268e+04   1.619249304345615149e+09   5.324190600000000268e+04   3.386395158658755571e+07   5.324190600000000268e+04  -1.125217840576020535e+03
  5.249202000000001863e+04   1.619207972965229511e+09   5.249202000000001863e+04   3.399643132853159308e+07   5.249202000000001863e+04   3.994790010658907704e+02
  5.174213399999999092e+04   1.619165567056921244e+09   5.174213399999999092e+04   3.415710866216383874e+07   5.174213399999999092e+04  -1.103958413060579915e+03
  5.099224800000000687e+04   1.619123044349693060e+09   5.099224800000000687e+04   3.431282980349934846e+07   5.099224800000000687e+04  -1.155253173915887601e+03
  5.024236200000000827e+04   1.619080008026272297e+09   5.024236200000000827e+04   3.447643184224963188e+07   5.024236200000000827e+04  -1.146713395449187374e+03
  4.949247600000000966e+04   1.619036476852474928e+09   4.949247600000000966e+04   3.464769738298572600e+07   4.949247600000000966e+04  -1.154123178037611069e+03
  4.874259000000001106e+04   1.618992429526898861e+09   4.874259000000001106e+04   3.482717971821409464e+07   4.874259000000001106e+04  -1.181477498070948059e+03
  4.799270399999999790e+04   1.618948170613968611e+09   4.799270399999999790e+04   3.500349209407702088e+07   4.799270399999999790e+04  -2.672141297754569678e+02
  4.724281799999999930e+04   1.618903019012936115e+09   4.724281799999999930e+04   3.520052967501920462e+07   4.724281799999999930e+04   3.347842893827910302e+02
  4.649293200000000070e+04   1.618857282765864849e+09   4.649293200000000070e+04   3.540835217503087968e+07   4.649293200000000070e+04   4.434965485332504613e+02
  4.574304600000000210e+04   1.618810530215416670e+09   4.574304600000000210e+04   3.564099414558265358e+07   4.574304600000000210e+04  -1.209859887349506607e+03
  4.499316000000001804e+04   1.618763874555461168e+09   4.499316000000001804e+04   3.585819943489112705e+07   4.499316000000001804e+04   2.143906771396432305e+02
  4.424327399999999034e+04   1.618715689430684805e+09   4.424327399999999034e+04   3.611534018780313432e+07   4.424327399999999034e+04  -1.248199110369532718e+03
  4.349338800000000629e+04   1.618667607769263744e+09   4.349338800000000629e+04   3.635867787822301686e+07   4.349338800000000629e+04   4.420768444119894411e+02
  4.274350200000000768e+04   1.618618308956871748e+09   4.274350200000000768e+04   3.663022259162206948e+07   4.274350200000000768e+04   5.595117501104396069e+02
  4.199361600000000908e+04   1.618568149158250570e+09   4.199361600000000908e+04   3.691852185405684263e+07   4.199361600000000908e+04   6.681272211075556697e+02
  4.124373000000001048e+04   1.618517088058368683e+09   4.124373000000001048e+04   3.722437066486352682e+07   4.124373000000001048e+04   6.187034973959234776e+02
  4.049384399999999732e+04   1.618465079562182426e+09   4.049384399999999732e+04   3.754946635319250077e+07   4.049384399999999732e+04   5.900464512036414817e+02
  3.974395799999999872e+04   1.618412053425614357e+09   3.974395799999999872e+04   3.789567290255252272e+07   3.974395799999999872e+04   6.765906788941647392e+02
  3.899407200000000012e+04   1.618357922324630022e+09   3.899407200000000012e+04   3.826496887237403542e+07   3.899407200000000012e+04   7.939816060602897778e+02
  3.824418600000000151e+04   1.618302591235482216e+09   3.824418600000000151e+04   3.865952852222652733e+07   3.824418600000000151e+04   8.253981084063852904e+02
  3.749430000000001746e+04   1.618245935344281912e+09   3.749430000000001746e+04   3.908198545034337789e+07   3.749430000000001746e+04   8.290318858875398291e+02
  3.674441399999998976e+04   1.618187811765333891e+09   3.674441399999998976e+04   3.953537117435684800e+07   3.674441399999998976e+04   8.826428073772985954e+02
  3.599452800000000570e+04   1.618128072849257946e+09   3.599452800000000570e+04   4.002304621416467428e+07   3.599452800000000570e+04   9.648576752802327974e+02
  3.524464200000000710e+04   1.618066556775968790e+09   3.524464200000000710e+04   4.054882446124767512e+07   3.524464200000000710e+04   1.025854344324630802e+03
  3.449475600000000850e+04   1.618003080886320591e+09   3.449475600000000850e+04   4.111711650113571435e+07   3.449475600000000850e+04   1.032138694238092285e+03
  3.374487000000000990e+04   1.617937418720708132e+09   3.374487000000000990e+04   4.173323088367941976e+07   3.374487000000000990e+04   1.082304711054850486e+03
  3.299498399999999674e+04   1.617869284024899960e+09   3.299498399999999674e+04   4.240313579412304610e+07   3.299498399999999674e+04   1.116676162952455343e+03
  3.224509799999999814e+04   1.617798335089194536e+09   3.224509799999999814e+04   4.313334545306043327e+07   3.224509799999999814e+04   6.909393028172635240e+02
  3.149521199999999953e+04   1.573808771693953276e+09   3.149521199999999953e+04   2.648410789023279399e+07   3.149521199999999953e+04   4.338193797085841652e+01
  3.074532600000000093e+04   1.566316038527896404e+09   3.074532600000000093e+04   2.535135737667231262e+07   3.074532600000000093e+04  -3.938727207155898213e+01
  2.999544000000001688e+04   1.558742964287286282e+09   2.999544000000001688e+04   2.440502536172541603e+07   2.999544000000001688e+04   7.486297494164318778e+01
  2.924555400000000373e+04   1.551082065483747244e+09   2.924555400000000373e+04   2.361078116885612160e+07   2.924555400000000373e+04   4.079294743256468792e+01
  2.849566800000000512e+04   1.543281940136108637e+09   2.849566800000000512e+04   2.293577931995972618e+07   2.849566800000000512e+04   9.120011212973622605e+00
  2.774578200000000652e+04   1.535326097224510670e+09   2.774578200000000652e+04   2.235777429611638188e+07   2.774578200000000652e+04  -5.860905375776928850e+01
  2.699589600000000792e+04   1.527148970356785297e+09   2.699589600000000792e+04   2.185405954492405057e+07   2.699589600000000792e+04  -3.762565931871358771e+01
  2.624600999999999476e+04   1.518736385812005758e+09   2.624600999999999476e+04   2.141064160210889950e+07   2.624600999999999476e+04  -2.677685733273392543e+00
  2.549612399999999616e+04   1.510045834287538528e+09   2.549612399999999616e+04   2.101284502887457982e+07   2.549612399999999616e+04   3.865298264889861457e+01
  2.474623799999999756e+04   1.501085924730420589e+09   2.474623799999999756e+04   2.065033103934926167e+07   2.474623799999999756e+04   3.498722194769652560e+01
  2.399635199999999895e+04   1.491824900637341261e+09   2.399635199999999895e+04   2.031040330461583659e+07   2.399635199999999895e+04   1.482993926957715303e+01
  2.324646600000001490e+04   1.482249593834335566e+09   2.324646600000001490e+04   1.998151488629280403e+07   2.324646600000001490e+04   2.488843388765235431e+01
  2.249657999999998719e+04   1.472368812019644260e+09   2.249657999999998719e+04   1.965294289590436965e+07   2.249657999999998719e+04  -4.616638771430007182e+01
  2.174669400000000314e+04   1.462154022322869062e+09   2.174669400000000314e+04   1.931173160009172559e+07   2.174669400000000314e+04  -1.564918253480573185e+01
  2.099680800000000454e+04   1.451627065307623148e+09   2.099680800000000454e+04   1.894563071924168989e+07   2.099680800000000454e+04  -5.753364193333545700e+02
  2.024692200000000594e+04   1.440793647427023172e+09   2.024692200000000594e+04   1.854366497210264951e+07   2.024692200000000594e+04   6.231966622240724973e+01
  1.949703600000000733e+04   1.429702855987094641e+09   1.949703600000000733e+04   1.808826115002828464e+07   1.949703600000000733e+04  -5.240405819281877484e+02
  1.874714999999999418e+04   1.418382831372512341e+09   1.874714999999999418e+04   1.758363481925335899e+07   1.874714999999999418e+04   5.793561318113934249e+02
  1.799726399999999558e+04   1.406877865234911203e+09   1.799726399999999558e+04   1.700743936705485359e+07   1.799726399999999558e+04  -1.090315289548481815e+03
  1.724737799999999697e+04   1.395246786004959106e+09   1.724737799999999697e+04   1.637062390245637298e+07   1.724737799999999697e+04  -1.081365429380995920e+03
  1.649749199999999837e+04   1.383533989832471848e+09   1.649749199999999837e+04   1.567011301974642463e+07   1.649749199999999837e+04   1.756566739474859787e+03
  1.574760599999999977e+04   1.371794066922080040e+09   1.574760599999999977e+04   1.491815675431367941e+07   1.574760599999999977e+04   2.225227956296323100e+03
  1.499772000000000116e+04   1.360083723563245535e+09   1.499772000000000116e+04   1.409821605121592619e+07   1.499772000000000116e+04  -3.559902253783744527e+03
  1.424783400000000256e+04   1.348451010720077991e+09   1.424783400000000256e+04   1.326158389520160481e+07   1.424783400000000256e+04   1.165194628497285885e+04
  1.349794800000000396e+04   1.511036757015050054e+08   1.349794800000000396e+04   2.627897778612065129e+06   1.349794800000000396e+04   5.395410922423120588e+07
  1.274806200000000536e+04   1.427788658278566897e+08   1.274806200000000536e+04   2.481315648897201288e+06   1.274806200000000536e+04   5.391808868689037114e+07
  1.199817600000000675e+04   1.344414742476060987e+08   1.199817600000000675e+04   2.335820612478114665e+06   1.199817600000000675e+04   5.388458933236355335e+07
  1.124828999999997905e+04   1.260897855465620905e+08   1.124828999999997905e+04   2.190225551670080051e+06   1.124828999999997905e+04   5.385348516989456117e+07
  1.049840400000000955e+04   1.177226943172329962e+08   1.049840400000000955e+04   2.044536231023741420e+06   1.049840400000000955e+04   5.382461973687236011e+07
  9.748518000000010943e+03   1.093400786276679039e+08   9.748518000000010943e+03   1.898759526151143713e+06   9.748518000000010943e+03   5.379782175800352544e+07
  8.998632000000012340e+03   1.009428696963577121e+08   8.998632000000012340e+03   1.752908453023511684e+06   8.998632000000012340e+03   5.377292312281548977e+07
  8.248746000000013737e+03   9.253306544290353358e+07   8.248746000000013737e+03   1.606952302530228160e+06   8.248746000000013737e+03   5.374977718299368769e+07
  7.498859999999986030e+03   8.411345963774016500e+07   7.498859999999986030e+03   1.460920822169423569e+06   7.498859999999986030e+03   5.372827506467854232e+07
  6.748973999999987427e+03   7.568744082297050953e+07   6.748973999999987427e+03   1.314835247670992045e+06   6.748973999999987427e+03   5.370835819909976423e+07
  5.999087999999988824e+03   6.725864665549227595e+07   5.999087999999988824e+03   1.168715178819525754e+06   5.999087999999988824e+03   5.369002512390776724e+07
  5.249201999999990221e+03   5.883061267833130807e+07   5.249201999999990221e+03   1.022562303358317586e+06   5.249201999999990221e+03   5.367333163543561846e+07
  4.499316000000020722e+03   5.040638247041193396e+07   4.499316000000020722e+03   8.763839247836149298e+05   4.499316000000020722e+03   5.365838416507406533e+07
  3.749429999999993015e+03   4.198821580033434927e+07   3.749429999999993015e+03   7.301865646830460755e+05   3.749429999999993015e+03   5.364532737675198168e+07
  2.999543999999994412e+03   3.357739145494066179e+07   2.999543999999994412e+03   5.839714935750714503e+05   2.999543999999994412e+03   5.363432764420759678e+07
  2.249657999999995809e+03   2.517410691489283741e+07   2.249657999999995809e+03   4.377538253360309172e+05   2.249657999999995809e+03   5.362555452485890687e+07
  1.499771999999997206e+03   1.677753400491141155e+07   1.499771999999997206e+03   2.915506686166895088e+05   1.499771999999997206e+03   5.361916244552499801e+07
  7.498859999999986030e+02   8.385986374711425044e+06   7.498859999999986030e+02   1.453515658514837269e+05   7.498859999999986030e+02   5.361527449210238457e+07
  0.000000000000000000e+00  -2.882432255375199020e+03   0.000000000000000000e+00  -8.182484291414730251e+02   0.000000000000000000e+00   5.361396980384779721e+07
 -7.498859999999986030e+02  -8.391522918072301894e+06  -7.498859999999986030e+02  -1.474782102690235479e+05  -7.498859999999986030e+02   5.361527561639895290e+07
 -1.499771999999997206e+03  -1.678282773399792612e+07  -1.499771999999997206e+03  -2.941047619237517356e+05  -1.499771999999997206e+03   5.361916458193693310e+07
 -2.249657999999995809e+03  -2.517915192126088217e+07  -2.249657999999995809e+03  -4.406768893976252293e+05  -2.249657999999995809e+03   5.362555752146384865e+07
 -2.999543999999994412e+03  -3.358219372894880921e+07  -2.999543999999994412e+03  -5.872054870867533609e+05  -2.999543999999994412e+03   5.363433133349505067e+07
 -3.749429999999993015e+03  -4.199278739764133096e+07  -3.749429999999993015e+03  -7.336805135276926449e+05  -3.749429999999993015e+03   5.364533159471374005e+07
 -4.499315999999991618e+03  -5.041074699573737383e+07  -4.499315999999991618e+03  -8.800867416550097987e+05  -4.499315999999991618e+03   5.365838877226032317e+07
 -5.249201999999990221e+03  -5.883481680121879280e+07  -5.249201999999990221e+03  -1.026414023455075338e+06  -5.249201999999990221e+03   5.367333654034665972e+07
 -5.999087999999988824e+03  -6.726274389621524513e+07  -5.999087999999988824e+03  -1.172660366640986409e+06  -5.999087999999988824e+03   5.369003027893398702e+07
 -6.748973999999987427e+03  -7.569150250477677584e+07  -6.748973999999987427e+03  -1.318811185528358910e+06  -6.748973999999987427e+03   5.370836361164435744e+07
 -7.498860000000015134e+03  -8.411757414770740271e+07  -7.498860000000015134e+03  -1.464853729570986470e+06  -7.498860000000015134e+03   5.372828079670837522e+07
 -8.248746000000013737e+03  -9.253729890123990178e+07  -8.248746000000013737e+03  -1.610782325899369083e+06  -8.248746000000013737e+03   5.374978331554193795e+07
 -8.998632000000012340e+03  -1.009472429576500356e+08  -8.998632000000012340e+03  -1.756608110450034495e+06  -8.998632000000012340e+03   5.377292973465588689e+07
 -9.748517999999981839e+03  -1.093445767857802510e+08  -9.748517999999981839e+03  -1.902333236392497085e+06  -9.748517999999981839e+03   5.379782893092388660e+07
 -1.049840399999998044e+04  -1.177273672247338891e+08  -1.049840399999998044e+04  -2.047921954399156850e+06  -1.049840399999998044e+04   5.382462764120784402e+07
 -1.124829000000000815e+04  -1.260946562766036093e+08  -1.124829000000000815e+04  -2.193376797405559104e+06  -1.124829000000000815e+04   5.385349397373422235e+07
 -1.199817600000000675e+04  -1.344465582118674219e+08  -1.199817600000000675e+04  -2.338688696353220381e+06  -1.199817600000000675e+04   5.388459920548294485e+07
 -1.274806200000000536e+04  -1.427841673651998937e+08  -1.274806200000000536e+04  -2.483854211156819947e+06  -1.274806200000000536e+04   5.391809977947036922e+07
 -1.349794800000000396e+04  -1.511093928635396957e+08  -1.349794800000000396e+04  -2.628860050108339172e+06  -1.349794800000000396e+04   5.395412143314595520e+07
 -1.424783400000000256e+04  -1.594245126953271627e+08  -1.424783400000000256e+04  -2.774049724780815654e+06  -1.424783400000000256e+04   5.399274661375320703e+07
 -1.499772000000000116e+04  -1.677323459458937943e+08  -1.499772000000000116e+04  -2.919196283252953086e+06  -1.499772000000000116e+04   5.403400709813531488e+07
 -1.574760599999999977e+04  -1.760355999663572311e+08  -1.574760599999999977e+04  -3.064165286345807835e+06  -1.574760599999999977e+04   5.407788091370671242e+07
 -1.649749199999999837e+04  -1.843365234649299979e+08  -1.649749199999999837e+04  -3.208955529204167891e+06  -1.649749199999999837e+04   5.412429465111283213e+07
 -1.724737799999999697e+04  -1.926367191244005859e+08  -1.724737799999999697e+04  -3.353548611068210565e+06  -1.724737799999999697e+04   5.417313104442037642e+07
 -1.799726400000002468e+04  -2.009368932213128805e+08  -1.799726400000002468e+04  -3.497949497878591530e+06  -1.799726400000002468e+04   5.422424087032923847e+07
 -1.874714999999999418e+04  -2.092367816611157656e+08  -1.874714999999999418e+04  -3.642143988282689359e+06  -1.874714999999999418e+04   5.427745860102244467e+07
 -1.949703599999999278e+04  -2.175350984860466123e+08  -1.949703599999999278e+04  -3.786129857320822775e+06  -1.949703599999999278e+04   5.433262000921095908e+07
 -2.024692200000002049e+04  -2.258296731083996892e+08  -2.024692200000002049e+04  -3.929890798160503618e+06  -2.024692200000002049e+04   5.438958030239909142e+07
 -2.099680799999998999e+04  -2.341175935751526356e+08  -2.099680799999998999e+04  -4.073431292708724737e+06  -2.099680799999998999e+04   5.444823026236550510e+07
 -2.174669400000001770e+04  -2.423955556398916543e+08  -2.174669400000001770e+04  -4.216741225341769867e+06  -2.174669400000001770e+04   5.450850900830408931e+07
 -2.249657999999998719e+04  -2.506601681609979272e+08  -2.249657999999998719e+04  -4.359813530364597216e+06  -2.249657999999998719e+04   5.457041114417685568e+07
 -2.324646600000001490e+04  -2.589082998872109056e+08  -2.324646600000001490e+04  -4.502643140957831405e+06  -2.324646600000001490e+04   5.463398772916344553e+07
 -2.399635200000001350e+04  -2.671373882441073954e+08  -2.399635200000001350e+04  -4.645230571434760466e+06  -2.399635200000001350e+04   5.469934092286603153e+07
 -2.474623799999998300e+04  -2.753457073688417077e+08  -2.474623799999998300e+04  -4.787566898922848515e+06  -2.474623799999998300e+04   5.476661323152624816e+07
 -2.549612400000001071e+04  -2.835324779134470224e+08  -2.549612400000001071e+04  -4.929654235671275295e+06  -2.549612400000001071e+04   5.483597256491208076e+07
 -2.624600999999998021e+04  -2.916979022610687017e+08  -2.624600999999998021e+04  -5.071516498666594736e+06  -2.624600999999998021e+04   5.490759525824856013e+07
 -2.699589600000000792e+04  -2.998431588099424243e+08  -2.699589600000000792e+04  -5.213143320908352733e+06  -2.699589600000000792e+04   5.498164906269306690e+07
 -2.774578200000000652e+04  -3.079701957620068192e+08  -2.774578200000000652e+04  -5.354520678442372940e+06  -2.774578200000000652e+04   5.505827726796238124e+07
 -2.849566800000000512e+04  -3.160812119996115565e+08  -2.849566800000000512e+04  -5.495999737274687737e+06  -2.849566800000000512e+04   5.513758481892124563e+07
 -2.924555400000000373e+04  -3.241792222025012374e+08  -2.924555400000000373e+04  -5.637240198048791848e+06  -2.924555400000000373e+04   5.521963188864665478e+07
 -2.999544000000000233e+04  -3.322669899916167259e+08  -2.999544000000000233e+04  -5.778215386412215419e+06  -2.999544000000000233e+04   5.530442683169838786e+07
 -3.074532600000000093e+04  -3.403469730992090702e+08  -3.074532600000000093e+04  -5.918914745045854710e+06  -3.074532600000000093e+04   5.539192686898267269e+07
 -3.149521200000002864e+04  -3.484210598425573111e+08  -3.149521200000002864e+04  -6.059341053214607760e+06  -3.149521200000002864e+04   5.548204275843284279e+07
 -3.224509799999999814e+04  -3.564904097420998812e+08  -3.224509799999999814e+04  -6.199483432495230809e+06  -3.224509799999999814e+04   5.557464815505013615e+07
 -3.299498399999999674e+04  -3.645552970996868610e+08  -3.299498399999999674e+04  -6.339337827618300915e+06  -3.299498399999999674e+04   5.566959245087511837e+07
 -3.374486999999999534e+04  -3.726150566444284916e+08  -3.374486999999999534e+04  -6.478907354149913415e+06  -3.374486999999999534e+04   5.576671641614054143e+07
 -3.449475599999999395e+04  -3.806681741474977732e+08  -3.449475599999999395e+04  -6.618189537552823313e+06  -3.449475599999999395e+04   5.586586946896012872e+07
 -3.524464200000002165e+04  -3.887123987946301103e+08  -3.524464200000002165e+04  -6.757187593534135260e+06  -3.524464200000002165e+04   5.596692617004269361e+07
 -3.599452799999999115e+04  -3.967449917851938009e+08  -3.599452799999999115e+04  -6.895903884167839773e+06  -3.599452799999999115e+04   5.606980080392985791e+07
 -3.674441400000001886e+04  -4.047630027809509039e+08  -3.674441400000001886e+04  -7.034341153863657266e+06  -3.674441400000001886e+04   5.617445787754880637e+07
 -3.749429999999998836e+04  -4.127635733087604642e+08  -3.749429999999998836e+04  -7.172502227805746719e+06  -3.749429999999998836e+04   5.628091745246081054e+07
 -3.824418600000001607e+04  -4.207442470936157703e+08  -3.824418600000001607e+04  -7.310387410288268700e+06  -3.824418600000001607e+04   5.638925482420963049e+07
 -3.899407200000001467e+04  -4.287032077442386746e+08  -3.899407200000001467e+04  -7.447995753162443638e+06  -3.899407200000001467e+04   5.649959443203673512e+07
 -3.974395799999998417e+04  -4.366394530643741488e+08  -3.974395799999998417e+04  -7.585326761524112895e+06  -3.974395799999998417e+04   5.661209908959592134e+07
 -4.049384400000001187e+04  -4.445528964330872893e+08  -4.049384400000001187e+04  -7.722379320789312944e+06  -4.049384400000001187e+04   5.672695595418048650e+07
 -4.124372999999998137e+04  -4.524443512211781144e+08  -4.124372999999998137e+04  -7.859159822320312262e+06  -4.124372999999998137e+04   5.684436059264884889e+07
 -4.199361600000000908e+04  -4.603154870658265948e+08  -4.199361600000000908e+04  -7.995666308074079454e+06  -4.199361600000000908e+04   5.696450129048261791e+07
 -4.274350200000000768e+04  -4.681685665035009980e+08  -4.274350200000000768e+04  -8.131955648888185620e+06  -4.274350200000000768e+04   5.708754366723687947e+07
 -4.349338800000000629e+04  -4.760061129463050961e+08  -4.349338800000000629e+04  -8.268240272516023368e+06  -4.349338800000000629e+04   5.721361746080346406e+07
 -4.424327400000000489e+04  -4.838315266119709611e+08  -4.424327400000000489e+04  -8.404262140006564558e+06  -4.424327400000000489e+04   5.734281346127796918e+07
 -4.499315999999997439e+04  -4.916478403830772638e+08  -4.499315999999997439e+04  -8.540018638299467042e+06  -4.499315999999997439e+04   5.747517178569324315e+07
 -4.574304600000000210e+04  -4.994578116691716909e+08  -4.574304600000000210e+04  -8.675511233510773629e+06  -4.574304600000000210e+04   5.761068303733829409e+07
 -4.649293200000002980e+04  -5.072637294639365673e+08  -4.649293200000002980e+04  -8.810737463684042916e+06  -4.649293200000002980e+04   5.774929181876846403e+07
 -4.724281799999999930e+04  -5.150671824211316109e+08  -4.724281799999999930e+04  -8.945703676594194025e+06  -4.724281799999999930e+04   5.789090370586599410e+07
 -4.799270399999999790e+04  -5.228690107765424848e+08  -4.799270399999999790e+04  -9.080413720147933811e+06  -4.799270399999999790e+04   5.803539711903036386e+07
 -4.874258999999999651e+04  -5.306691724088058472e+08  -4.874258999999999651e+04  -9.214877474094176665e+06  -4.874258999999999651e+04   5.818263679224094003e+07
 -4.949247599999999511e+04  -5.384668391832232475e+08  -4.949247599999999511e+04  -9.349106192857628688e+06  -4.949247599999999511e+04   5.833249062044265866e+07
 -5.024236200000002282e+04  -5.462604787826013565e+08  -5.024236200000002282e+04  -9.483113659757565707e+06  -5.024236200000002282e+04   5.848484612525556982e+07
 -5.099224799999999232e+04  -5.540480481708233356e+08  -5.099224799999999232e+04  -9.616914700738398358e+06  -5.099224799999999232e+04   5.863962616679410636e+07
 -5.174213400000002002e+04  -5.618272363483492136e+08  -5.174213400000002002e+04  -9.750523811013111845e+06  -5.174213400000002002e+04   5.879680179900895059e+07
 -5.249201999999998952e+04  -5.695957509877444506e+08  -5.249201999999998952e+04  -9.883956739562243223e+06  -5.249201999999998952e+04   5.895640105142559856e+07
 -5.324190600000001723e+04  -5.773515927568304539e+08  -5.324190600000001723e+04  -1.001722861631068587e+07  -5.324190600000001723e+04   5.911851239346892387e+07
 -5.399179200000001583e+04  -5.850933172557567358e+08  -5.399179200000001583e+04  -1.015035524204855226e+07  -5.399179200000001583e+04   5.928328290758787841e+07
 -5.474167799999998533e+04  -5.928202105325679779e+08  -5.474167799999998533e+04  -1.028334661053548194e+07  -5.474167799999998533e+04   5.945091096306990087e+07
 -5.549156400000001304e+04  -6.005324760637537241e+08  -5.549156400000001304e+04  -1.041621815324084833e+07  -5.549156400000001304e+04   5.962163569985637069e+07
 -5.624144999999998254e+04  -6.082312100881586075e+08  -5.624144999999998254e+04  -1.054897563500096835e+07  -5.624144999999998254e+04   5.979572204113807529e+07
 -5.699133600000001024e+04  -6.159184496040594578e+08  -5.699133600000001024e+04  -1.068162669250606745e+07  -5.699133600000001024e+04   5.997344610765047371e+07
 -5.774122200000000885e+04  -6.235970204953830242e+08  -5.774122200000000885e+04  -1.081417633456356078e+07  -5.774122200000000885e+04   6.015507901921164244e+07
 -5.849110800000000745e+04  -6.312703055490056276e+08  -5.849110800000000745e+04  -1.094666100662974641e+07  -5.849110800000000745e+04   6.034087153999946266e+07
 -5.924099400000000605e+04  -6.389418342603998184e+08  -5.924099400000000605e+04  -1.107920828330729716e+07  -5.924099400000000605e+04   6.053103883957517147e+07
 -5.999087999999997555e+04  -6.466163282276024818e+08  -5.999087999999997555e+04  -1.121170149532964453e+07  -5.999087999999997555e+04   6.072576824858785421e+07
 -6.074076600000000326e+04  -6.542980084565414190e+08  -6.074076600000000326e+04  -1.134415749682345986e+07  -6.074076600000000326e+04   6.092519491234613210e+07
 -6.149065200000003097e+04  -6.619908760642142296e+08  -6.149065200000003097e+04  -1.147659933955667913e+07  -6.149065200000003097e+04   6.112940669387470931e+07
 -6.224053800000000047e+04  -6.696984561694911718e+08  -6.224053800000000047e+04  -1.160904994245575182e+07  -6.224053800000000047e+04   6.133844625067100674e+07
 -6.299042399999999907e+04  -6.774236820303716660e+08  -6.299042399999999907e+04  -1.174154311845607497e+07  -6.299042399999999907e+04   6.155231926783952117e+07
 -6.374030999999999767e+04  -6.851687277009922266e+08  -6.374030999999999767e+04  -1.187411997410696745e+07  -6.374030999999999767e+04   6.177100548376606405e+07
 -6.449019599999999627e+04  -6.929349538539488316e+08  -6.449019599999999627e+04  -1.200682552003085054e+07  -6.449019599999999627e+04   6.199447437461531907e+07
 -6.524008200000002398e+04  -7.007229259688533545e+08  -6.524008200000002398e+04  -1.213969817047735117e+07  -6.524008200000002398e+04   6.222270380321047455e+07
 -6.598996799999999348e+04  -7.085325504864494801e+08  -6.598996799999999348e+04  -1.227277720819894224e+07  -6.598996799999999348e+04   6.245570105059643835e+07
 -6.673985400000002119e+04  -7.163633016582531929e+08  -6.673985400000002119e+04  -1.240612018018200062e+07  -6.673985400000002119e+04   6.269352409081248939e+07
 -6.748973999999999069e+04  -7.242144531959807873e+08  -6.748973999999999069e+04  -1.253976501844367944e+07  -6.748973999999999069e+04   6.293629958307658881e+07
 -6.823962599999998929e+04  -7.320854731102186441e+08  -6.823962599999998929e+04  -1.267377573721330240e+07  -6.823962599999998929e+04   6.318423943617825955e+07
 -6.898951200000001700e+04  -7.399763425616754293e+08  -6.898951200000001700e+04  -1.280821144048269279e+07  -6.898951200000001700e+04   6.343765017641596496e+07
 -6.973939799999998650e+04  -7.478879116254932880e+08  -6.973939799999998650e+04  -1.294313179914463125e+07  -6.973939799999998650e+04   6.369693731778763980e+07
 -7.048928400000001420e+04  -7.558222372239468098e+08  -7.048928400000001420e+04  -1.307862190882898681e+07  -7.048928400000001420e+04   6.396260433829332888e+07
 -7.123916999999998370e+04  -7.637827787804206610e+08  -7.123916999999998370e+04  -1.321475247827983648e+07  -7.123916999999998370e+04   6.423524465666110814e+07
 -7.198905600000001141e+04  -7.717745971778150797e+08  -7.198905600000001141e+04  -1.335160753220644593e+07  -7.198905600000001141e+04   6.451553160180237144e+07
 -7.273894200000001001e+04  -7.798044569359691143e+08  -7.273894200000001001e+04  -1.348929279854070395e+07  -7.273894200000001001e+04   6.480420591245574504e+07
 -7.348882800000000861e+04  -7.878807851751217842e+08  -7.348882800000000861e+04  -1.362790216654619575e+07  -7.348882800000000861e+04   6.510206114680066705e+07
 -7.423871400000000722e+04  -7.960136566905863285e+08  -7.423871400000000722e+04  -1.376754522645909898e+07  -7.423871400000000722e+04   6.540993265709929168e+07
 -7.498859999999997672e+04  -8.042138775801132917e+08  -7.498859999999997672e+04  -1.390809183174534142e+07  -7.498859999999997672e+04   6.572866631687259674e+07
 -7.573848600000000442e+04  -8.124951797322448492e+08  -7.573848600000000442e+04  -1.404995750137283467e+07  -7.573848600000000442e+04   6.605917665133878589e+07
 -7.648837200000003213e+04  -8.208717354642602205e+08  -7.648837200000003213e+04  -1.419334028083060682e+07  -7.648837200000003213e+04   6.640238780681687593e+07
 -7.723825800000000163e+04  -8.293587990710110664e+08  -7.723825800000000163e+04  -1.433846331343675591e+07  -7.723825800000000163e+04   6.675926411441007257e+07
 -7.798814400000000023e+04  -8.379725866165522337e+08  -7.798814400000000023e+04  -1.448556352193035185e+07  -7.798814400000000023e+04   6.713083147759963572e+07
 -7.873802999999999884e+04  -8.467303268984102011e+08  -7.873802999999999884e+04  -1.463493313492485322e+07  -7.873802999999999884e+04   6.751821643808543682e+07
 -7.948791599999999744e+04  -8.556504332367227077e+08  -7.948791599999999744e+04  -1.478691595657909662e+07  -7.948791599999999744e+04   6.792270373313455284e+07
 -8.023780200000002515e+04  -8.647530094737892151e+08  -8.023780200000002515e+04  -1.494192375009833276e+07  -8.023780200000002515e+04   6.834582178216512501e+07
 -8.098768799999999464e+04  -8.740608158256468773e+08  -8.098768799999999464e+04  -1.510044890130297095e+07  -8.098768799999999464e+04   6.878946330447402596e+07
 -8.173757400000002235e+04  -8.836009725571933985e+08  -8.173757400000002235e+04  -1.526310937734207697e+07  -8.173757400000002235e+04   6.925605482969225943e+07
 -8.248745999999999185e+04  -8.934076583827801943e+08  -8.248745999999999185e+04  -1.543067602512816526e+07  -8.248745999999999185e+04   6.974879133754675090e+07
 -8.323734599999999045e+04  -9.035263803371350765e+08  -8.323734599999999045e+04  -1.560413612730602361e+07  -8.323734599999999045e+04   7.027197206381316483e+07
 -8.398723200000001816e+04  -9.140251104668892622e+08  -8.398723200000001816e+04  -1.578260501265809499e+07  -8.398723200000001816e+04   7.083167542494502664e+07
 -8.473711799999998766e+04  -9.249864702162773609e+08  -8.473711799999998766e+04  -1.597076796433602646e+07  -8.473711799999998766e+04   7.143582347722277045e+07
 -8.548700400000001537e+04  -9.365554392288266420e+08  -8.548700400000001537e+04  -1.617118047302559391e+07  -8.548700400000001537e+04   7.209671414048038423e+07
 -8.623688999999998487e+04  -9.489577798578830957e+08  -8.623688999999998487e+04  -1.638760359361614473e+07  -8.623688999999998487e+04   7.283304469987826049e+07
 -8.698677600000001257e+04  -9.625821265580354929e+08  -8.698677600000001257e+04  -1.663163635409726575e+07  -8.698677600000001257e+04   7.367606864564287663e+07
 -8.773666200000001118e+04  -9.782575946366138458e+08  -8.773666200000001118e+04  -1.690865533973896876e+07  -8.773666200000001118e+04   7.468940688432873785e+07
 -8.848654800000000978e+04  -9.981376003557609320e+08  -8.848654800000000978e+04  -1.726786538092617691e+07  -8.848654800000000978e+04   7.603747730005364120e+07
 -8.923643400000000838e+04  -1.620883935147153854e+09  -8.923643400000000838e+04  -3.060851572396313027e+07  -8.923643400000000838e+04  -1.544718373617652105e+02
 -8.998631999999997788e+04  -1.620912388860360146e+09  -8.998631999999997788e+04  -3.057796902392727137e+07  -8.998631999999997788e+04  -4.950165162393095670e+02
 -9.073620600000000559e+04  -1.620940666738634825e+09  -9.073620600000000559e+04  -3.054694034186653048e+07  -9.073620600000000559e+04  -6.265969836249714717e+02
 -9.148609200000000419e+04  -1.620968785248123646e+09  -9.148609200000000419e+04  -3.051674048836239427e+07  -9.148609200000000419e+04  -6.570933785471279407e+02
 -9.223597800000000279e+04  -1.620996736236031771e+09  -9.223597800000000279e+04  -3.048726904175310582e+07  -9.223597800000000279e+04  -6.693296023667935515e+02
 -9.298586400000000140e+04  -1.621024520304095268e+09  -9.298586400000000140e+04  -3.045860848164201528e+07  -9.298586400000000140e+04  -6.443989384853484808e+02
 -9.373575000000002910e+04  -1.621052136117939711e+09  -9.373575000000002910e+04  -3.043063953518226370e+07  -9.373575000000002910e+04  -6.031673963105859002e+02
 -9.448563599999999860e+04  -1.621079584894141197e+09  -9.448563599999999860e+04  -3.040327016469341144e+07  -9.448563599999999860e+04  -5.590169812394742621e+02
 -9.523552200000002631e+04  -1.621106868225724697e+09  -9.523552200000002631e+04  -3.037646854871296883e+07  -9.523552200000002631e+04  -5.160687564154068241e+02
 -9.598540799999999581e+04  -1.621133988454916716e+09  -9.598540799999999581e+04  -3.035023816594513133e+07  -9.598540799999999581e+04  -4.662551239333406556e+02
 -9.673529400000002352e+04  -1.621160946731665850e+09  -9.673529400000002352e+04  -3.032454328750696778e+07  -9.673529400000002352e+04  -4.193772412169491872e+02
 -9.748518000000002212e+04  -1.621187745501540422e+09  -9.748518000000002212e+04  -3.029938441617924348e+07  -9.748518000000002212e+04  -3.662922959046991309e+02
 -9.823506599999999162e+04  -1.621214386133006334e+09  -9.823506599999999162e+04  -3.027473764216538891e+07  -9.823506599999999162e+04  -3.121901734646671684e+02
 -9.898495200000001932e+04  -1.621240870299966335e+09  -9.898495200000001932e+04  -3.025058756341285259e+07  -9.898495200000001932e+04  -2.577435871605848661e+02
 -9.973483799999998882e+04  -1.621267199637531519e+09  -9.973483799999998882e+04  -3.022692001457717642e+07  -9.973483799999998882e+04  -2.035154672030766960e+02
 -1.004847240000000165e+05  -1.621293375748361349e+09  -1.004847240000000165e+05  -3.020372150825553760e+07  -1.004847240000000165e+05  -1.500352171232952969e+02
 -1.012346100000000151e+05  -1.621319400204379797e+09  -1.012346100000000151e+05  -3.018097917307345942e+07  -1.012346100000000151e+05  -9.779003792812000029e+01
 -1.019844960000000137e+05  -1.621345274547990322e+09  -1.019844960000000137e+05  -3.015868071411975473e+07  -1.019844960000000137e+05  -4.721965527141583152e+01
 -1.027343820000000123e+05  -1.621371001035454988e+09  -1.027343820000000123e+05  -3.013681394710273668e+07  -1.027343820000000123e+05   6.678737474081572145e+00
 -1.034842679999999818e+05  -1.621396579717690706e+09  -1.034842679999999818e+05  -3.011536740211082622e+07  -1.034842679999999818e+05   5.286517130711581558e+01
 -1.042341540000000095e+05  -1.621422011923225164e+09  -1.042341540000000095e+05  -3.009433330470848083e+07  -1.042341540000000095e+05   9.105630331937572919e+01
 -1.049840400000000373e+05  -1.621447300680196524e+09  -1.049840400000000373e+05  -3.007369776513667405e+07  -1.049840400000000373e+05   1.313612223922100384e+02
 -1.057339260000000068e+05  -1.621472446646524906e+09  -1.057339260000000068e+05  -3.005345180050542951e+07  -1.057339260000000068e+05   1.688028716328699375e+02
 -1.064838120000000054e+05  -1.621497450305776358e+09  -1.064838120000000054e+05  -3.003359051673175767e+07  -1.064838120000000054e+05   1.987382877453201218e+02
 -1.072336980000000040e+05  -1.621522313862554073e+09  -1.072336980000000040e+05  -3.001410168981774524e+07  -1.072336980000000040e+05   2.258401478054292966e+02
 -1.079835840000000026e+05  -1.621547038684211493e+09  -1.079835840000000026e+05  -2.999497585074752197e+07  -1.079835840000000026e+05   2.502929318625974702e+02
 -1.087334700000000303e+05  -1.621571626103391647e+09  -1.087334700000000303e+05  -2.997620408231589943e+07  -1.087334700000000303e+05   2.721399381618975895e+02
 -1.094833559999999998e+05  -1.621596076510483027e+09  -1.094833559999999998e+05  -2.995778419886718318e+07  -1.094833559999999998e+05   2.881690991265932098e+02
 -1.102332420000000275e+05  -1.621620392104922771e+09  -1.102332420000000275e+05  -2.993970247326208651e+07  -1.102332420000000275e+05   3.022557693520648172e+02
 -1.109831279999999970e+05  -1.621644574184268236e+09  -1.109831279999999970e+05  -2.992195021947528794e+07  -1.109831279999999970e+05   3.145532996138063027e+02
 -1.117330140000000247e+05  -1.621668623134705067e+09  -1.117330140000000247e+05  -2.990452655483680218e+07  -1.117330140000000247e+05   3.225696960377390496e+02
 -1.124829000000000233e+05  -1.621692602893120527e+09  -1.124829000000000233e+05  -2.988773398563924804e+07  -1.124829000000000233e+05  -1.967263255091093015e+02
 -1.132327860000000219e+05  -1.621716401308038235e+09  -1.132327860000000219e+05  -2.987094918466404825e+07  -1.132327860000000219e+05  -2.233754970338777639e+02
 -1.139826720000000205e+05  -1.621740071279445171e+09  -1.139826720000000205e+05  -2.985446803384272382e+07  -1.139826720000000205e+05  -2.283525352775031934e+02
 -1.147325580000000191e+05  -1.621763610540847540e+09  -1.147325580000000191e+05  -2.983828663344360143e+07  -1.147325580000000191e+05  -2.228960663893230958e+02
 -1.154824440000000177e+05  -1.621787020556391478e+09  -1.154824440000000177e+05  -2.982239700011830032e+07  -1.154824440000000177e+05  -2.074564172339451034e+02
 -1.162323300000000163e+05  -1.621810298722608805e+09  -1.162323300000000163e+05  -2.980679943596547469e+07  -1.162323300000000163e+05  -1.660122975523554487e+02
 -1.169822160000000149e+05  -1.621833453205026150e+09  -1.169822160000000149e+05  -2.979146622382951528e+07  -1.169822160000000149e+05  -1.238231455594068393e+02
 -1.177321020000000135e+05  -1.621856485107502699e+09  -1.177321020000000135e+05  -2.977638898644985259e+07  -1.177321020000000135e+05  -8.217337961262091994e+01
 -1.184819880000000121e+05  -1.621879394203816414e+09  -1.184819880000000121e+05  -2.976156176731601730e+07  -1.184819880000000121e+05  -3.620791336327965837e+01
 -1.192318740000000107e+05  -1.621902184266233444e+09  -1.192318740000000107e+05  -2.974697799366966635e+07  -1.192318740000000107e+05   3.500469657708890736e+00
 -1.199817600000000093e+05  -1.621924853700674057e+09  -1.199817600000000093e+05  -2.973263127134025842e+07  -1.199817600000000093e+05   4.638913171208696440e+01
 -1.207316460000000079e+05  -1.621947404913618565e+09  -1.207316460000000079e+05  -2.971851651131469756e+07  -1.207316460000000079e+05   8.736547039824654348e+01
 -1.214815320000000065e+05  -1.621969838939961910e+09  -1.214815320000000065e+05  -2.970462885365926847e+07  -1.214815320000000065e+05   1.258535680071508978e+02
 -1.222314180000000051e+05  -1.621992156805773735e+09  -1.222314180000000051e+05  -2.969096371150457487e+07  -1.222314180000000051e+05   1.615597264188836562e+02
 -1.229813040000000037e+05  -1.622014359521830559e+09  -1.229813040000000037e+05  -2.967751669046596810e+07  -1.229813040000000037e+05   1.942561905389447929e+02
 -1.237311900000000023e+05  -1.622036444530745029e+09  -1.237311900000000023e+05  -2.966426616184225678e+07  -1.237311900000000023e+05   2.344102938900759909e+02
 -1.244810760000000009e+05  -1.622058416626564264e+09  -1.244810760000000009e+05  -2.965122034077246487e+07  -1.244810760000000009e+05   2.689006142018770333e+02
 -1.252309619999999995e+05  -1.622080276805183172e+09  -1.252309619999999995e+05  -2.963837738289731368e+07  -1.252309619999999995e+05   2.969557672687951708e+02
 -1.259808479999999981e+05  -1.622102026066847324e+09  -1.259808479999999981e+05  -2.962573471438933909e+07  -1.259808479999999981e+05   3.184600747243093792e+02
 -1.267307339999999967e+05  -1.622123666304743052e+09  -1.267307339999999967e+05  -2.961329764677181467e+07  -1.267307339999999967e+05   3.321080803294898942e+02
 -1.274806200000000536e+05  -1.622145183527350903e+09  -1.274806200000000536e+05  -2.960088748748076707e+07  -1.274806200000000536e+05   3.479405773301405134e+02
 -1.282305059999999939e+05  -1.622166608196771860e+09  -1.282305059999999939e+05  -2.958883776166090369e+07  -1.282305059999999939e+05   3.377902169185108505e+02
 -1.289803919999999925e+05  -1.622187926642147541e+09  -1.289803919999999925e+05  -2.957700603668594360e+07  -1.289803919999999925e+05   3.301067306956247194e+02
 -1.297302779999999912e+05  -1.622209138372768402e+09  -1.297302779999999912e+05  -2.956536000022352859e+07  -1.297302779999999912e+05   3.214633804354816675e+02
 -1.304801639999999898e+05  -1.622230244517128944e+09  -1.304801639999999898e+05  -2.955390289023287594e+07  -1.304801639999999898e+05   3.128079416293039685e+02
 -1.312300500000000466e+05  -1.622251245387651682e+09  -1.312300500000000466e+05  -2.954261661120252311e+07  -1.312300500000000466e+05   3.018228204842162086e+02
 -1.319799359999999870e+05  -1.622272142361965179e+09  -1.319799359999999870e+05  -2.953151148735891655e+07  -1.319799359999999870e+05   2.913923281471943483e+02
 -1.327298220000000438e+05  -1.622292936283662558e+09  -1.327298220000000438e+05  -2.952058292979107797e+07  -1.327298220000000438e+05   2.824876699779561022e+02
 -1.334797079999999842e+05  -1.622313627518422127e+09  -1.334797079999999842e+05  -2.950981448769656569e+07  -1.334797079999999842e+05   2.712957713413634337e+02
 -1.342295939999999828e+05  -1.622334217130828857e+09  -1.342295939999999828e+05  -2.949920964920989797e+07  -1.342295939999999828e+05   2.594992615895462222e+02
 -1.349794800000000396e+05  -1.622354706189400434e+09  -1.349794800000000396e+05  -2.948877039971219748e+07  -1.349794800000000396e+05   2.497701460288080852e+02
 -1.357293659999999800e+05  -1.622375095295464754e+09  -1.357293659999999800e+05  -2.947848719561433792e+07  -1.357293659999999800e+05   2.400347289684723364e+02
 -1.364792520000000368e+05  -1.622395385247559547e+09  -1.364792520000000368e+05  -2.946835705730728805e+07  -1.364792520000000368e+05   2.302333268512011273e+02
 -1.372291379999999772e+05  -1.622415576844445705e+09  -1.372291379999999772e+05  -2.945837687216460332e+07  -1.372291379999999772e+05   2.204108026863978012e+02
 -1.379790240000000340e+05  -1.622435670875489235e+09  -1.379790240000000340e+05  -2.944854360194281116e+07  -1.379790240000000340e+05   2.106020358092937386e+02
 -1.387289100000000326e+05  -1.622455668120606184e+09  -1.387289100000000326e+05  -2.943885428505733237e+07  -1.387289100000000326e+05   2.008387497302610427e+02
 -1.394787960000000312e+05  -1.622475569671881437e+09  -1.394787960000000312e+05  -2.942931024153096601e+07  -1.394787960000000312e+05   1.941175252639950486e+02
 -1.402286820000000298e+05  -1.622495375671580791e+09  -1.402286820000000298e+05  -2.941989976693848893e+07  -1.402286820000000298e+05   1.845949854766804492e+02
 -1.409785679999999702e+05  -1.622515087896891594e+09  -1.409785679999999702e+05  -2.941063283776983619e+07  -1.409785679999999702e+05   1.813122884135227650e+02
 -1.417284540000000270e+05  -1.622534706498252153e+09  -1.417284540000000270e+05  -2.940149771293619648e+07  -1.417284540000000270e+05   1.783037063726660563e+02
 -1.424783400000000256e+05  -1.622554252086371422e+09  -1.424783400000000256e+05  -2.939264304622104764e+07  -1.424783400000000256e+05   2.567725418634508969e+02
 -1.432282260000000242e+05  -1.622573687637742281e+09  -1.432282260000000242e+05  -2.938376344356476143e+07  -1.432282260000000242e+05   2.588688695189193822e+02
 -1.439781120000000228e+05  -1.622593030397062302e+09  -1.439781120000000228e+05  -2.937500911204192042e+07  -1.439781120000000228e+05   2.568659809823875548e+02
 -1.447279980000000214e+05  -1.622612282301899195e+09  -1.447279980000000214e+05  -2.936637760859335214e+07  -1.447279980000000214e+05   2.551206201496534050e+02
 -1.454778840000000200e+05  -1.622631443198128700e+09  -1.454778840000000200e+05  -2.935786025867646188e+07  -1.454778840000000200e+05   2.512445445308549097e+02
 -1.462277700000000186e+05  -1.622650514627060175e+09  -1.462277700000000186e+05  -2.934946117273946851e+07  -1.462277700000000186e+05   2.474065639038235531e+02
 -1.469776560000000172e+05  -1.622669497286761999e+09  -1.469776560000000172e+05  -2.934117791370518133e+07  -1.469776560000000172e+05   2.437012792269233614e+02
 -1.477275420000000158e+05  -1.622688391858345270e+09  -1.477275420000000158e+05  -2.933300830191235989e+07  -1.477275420000000158e+05   2.401260707128312788e+02
 -1.484774280000000144e+05  -1.622707199015519142e+09  -1.484774280000000144e+05  -2.932495021389122307e+07  -1.484774280000000144e+05   2.366840438597646425e+02
 -1.492273140000000130e+05  -1.622725919424609900e+09  -1.492273140000000130e+05  -2.931700157637628913e+07  -1.492273140000000130e+05   2.333773129441324272e+02
 -1.499772000000000116e+05  -1.622744552851882458e+09  -1.499772000000000116e+05  -2.930915475763463601e+07  -1.499772000000000116e+05   2.277239506686819368e+02
