  0.000000000000000000e+00   8.598682900726491353e+05   0.000000000000000000e+00   1.505070521731482040e+04   0.000000000000000000e+00   0.000000000000000000e+00
  1.499772000000000116e+05   8.517485555442054756e+05   2.617900000000000091e+03   1.544624780549996649e+04   0.000000000000000000e+00   9.897983466253280904e-02
  1.489773520000000135e+05   8.517114172304321546e+05   2.600447333333333518e+03   1.545295647467143135e+04   0.000000000000000000e+00   9.637207293524178986e-02
  1.479775040000000154e+05   8.516740091004207497e+05   2.582994666666666944e+03   1.545971946791497976e+04   0.000000000000000000e+00   9.791262698776793949e-02
  1.469776560000000172e+05   8.516363116419730941e+05   2.565541999999999916e+03   1.546663719551861868e+04   0.000000000000000000e+00   1.013531998061352607e-01
  1.459778080000000191e+05   8.515983208896332653e+05   2.548089333333333343e+03   1.547371972392605494e+04   0.000000000000000000e+00   1.068696263424819964e-01
  1.449779600000000210e+05   8.515600334581549978e+05   2.530636666666666770e+03   1.548097029883700816e+04   0.000000000000000000e+00   1.127309300897461064e-01
  1.439781120000000228e+05   8.515214457421135157e+05   2.513184000000000196e+03   1.548839455177489435e+04   0.000000000000000000e+00   1.188703329196106884e-01
  1.429782640000000247e+05   8.514825535008448642e+05   2.495731333333333623e+03   1.549600172367925734e+04   0.000000000000000000e+00   1.266505110796838085e-01
  1.419784159999999974e+05   8.514433535252131987e+05   2.478278666666666595e+03   1.550379546595141437e+04   0.000000000000000000e+00   1.344186641334962629e-01
  1.409785679999999993e+05   8.514038414801078616e+05   2.460826000000000022e+03   1.551178588054474858e+04   0.000000000000000000e+00   1.432596587882671579e-01
  1.399787200000000012e+05   8.513640159400292905e+05   2.443373333333333449e+03   1.551996542491435866e+04   0.000000000000000000e+00   1.484046273150952389e-01
  1.389788720000000030e+05   8.513238712030582828e+05   2.425920666666666875e+03   1.552835123983624908e+04   0.000000000000000000e+00   1.537486578525006364e-01
  1.379790240000000049e+05   8.512834037648560479e+05   2.408467999999999847e+03   1.553694729333245232e+04   0.000000000000000000e+00   1.581718387399562442e-01
  1.369791760000000068e+05   8.512426125159682706e+05   2.391015333333333274e+03   1.554572543194838363e+04   0.000000000000000000e+00   1.525431428364323050e-01
  1.359793280000000086e+05   8.512014862780543044e+05   2.373562666666666701e+03   1.555474062377457449e+04   0.000000000000000000e+00   1.489467996288705298e-01
  1.349794800000000105e+05   8.511600223123648902e+05   2.356110000000000127e+03   1.556400592568406501e+04   0.000000000000000000e+00   1.490204581268642359e-01
  1.339796320000000123e+05   8.511182178026018664e+05   2.338657333333333554e+03   1.557352312813100434e+04   0.000000000000000000e+00   1.506370751828823851e-01
  1.329797840000000142e+05   8.510760689987000078e+05   2.321204666666666526e+03   1.558329805573293925e+04   0.000000000000000000e+00   1.526356567331250413e-01
  1.319799360000000161e+05   8.510335720446525374e+05   2.303751999999999953e+03   1.559334085682974182e+04   0.000000000000000000e+00   1.550829985590972127e-01
  1.309800880000000179e+05   8.509907231785932090e+05   2.286299333333333379e+03   1.560366626077048022e+04   0.000000000000000000e+00   1.593086276671300539e-01
  1.299802400000000198e+05   8.509475176171398489e+05   2.268846666666666806e+03   1.561427420432436702e+04   0.000000000000000000e+00   1.614044093179554940e-01
  1.289803920000000071e+05   8.509039243463245220e+05   2.251394000000000233e+03   1.562579986335042668e+04   0.000000000000000000e+00   1.144704283573630237e-02
  1.279805440000000090e+05   8.508599928737042937e+05   2.233941333333333205e+03   1.563700323525354725e+04   0.000000000000000000e+00  -4.490360584510677544e-02
  1.269806960000000108e+05   8.508156961503528291e+05   2.216488666666666631e+03   1.564856594686335848e+04   0.000000000000000000e+00  -2.478757432978531683e-02
  1.259808480000000127e+05   8.507710257773234043e+05   2.199036000000000058e+03   1.566046438384413705e+04   0.000000000000000000e+00  -1.804153368420807757e-02
  1.249810000000000000e+05   8.507259737122564111e+05   2.181583333333333485e+03   1.567271795074413239e+04   0.000000000000000000e+00  -2.071022859235415944e-02
  1.239811520000000019e+05   8.506805347156780772e+05   2.164130666666666912e+03   1.568534254551565755e+04   0.000000000000000000e+00  -2.722623628087376957e-02
  1.229813040000000037e+05   8.506347031165341614e+05   2.146677999999999884e+03   1.569835437692058804e+04   0.000000000000000000e+00  -3.799693962748912357e-02
  1.219814560000000056e+05   8.505884737245576689e+05   2.129225333333333310e+03   1.571177122877006514e+04   0.000000000000000000e+00  -5.016057891413241293e-02
  1.209816080000000075e+05   8.505418410211628070e+05   2.111772666666666737e+03   1.572561393573208443e+04   0.000000000000000000e+00  -5.785764612038375720e-02
  1.199817600000000093e+05   8.504947978247728897e+05   2.094320000000000164e+03   1.573990792904690716e+04   0.000000000000000000e+00  -4.617013601186917282e-02
  1.189819120000000112e+05   8.504473374328658683e+05   2.076867333333333590e+03   1.575466665879552238e+04   0.000000000000000000e+00  -3.988815453687979962e-02
  1.179820640000000130e+05   8.503994555924404413e+05   2.059414666666666562e+03   1.576991469782616514e+04   0.000000000000000000e+00  -3.794848748838555025e-02
  1.169822160000000149e+05   8.503511476020466071e+05   2.041961999999999989e+03   1.578567683454604048e+04   0.000000000000000000e+00  -4.053305479013657314e-02
  1.159823680000000168e+05   8.503024077267152024e+05   2.024509333333333416e+03   1.580197983381140875e+04   0.000000000000000000e+00  -4.474308490290043738e-02
  1.149825200000000186e+05   8.502532299720284063e+05   2.007056666666666843e+03   1.581885166097946603e+04   0.000000000000000000e+00  -5.085102958909473725e-02
  1.139826720000000205e+05   8.502036077193239471e+05   1.989604000000000042e+03   1.583632673241361772e+04   0.000000000000000000e+00  -4.070239093184312151e-02
  1.129828240000000078e+05   8.501535350673196372e+05   1.972151333333333241e+03   1.585443288939750346e+04   0.000000000000000000e+00  -3.050374635566660553e-02
  1.119829760000000097e+05   8.501030032390293200e+05   1.954698666666666668e+03   1.587320536086754328e+04   0.000000000000000000e+00  -2.285078100498615788e-02
  1.109831279999999970e+05   8.500520027996925637e+05   1.937246000000000095e+03   1.589268235832023493e+04   0.000000000000000000e+00  -2.068891943793543103e-02
  1.099832800000000134e+05   8.500005250273637939e+05   1.919793333333333521e+03   1.591290503159109176e+04   0.000000000000000000e+00  -1.799723978107396066e-02
  1.089834320000000007e+05   8.499485612647027010e+05   1.902340666666666721e+03   1.593391731422406338e+04   0.000000000000000000e+00  -2.094183012798902371e-02
  1.079835840000000026e+05   8.498961030808644136e+05   1.884887999999999920e+03   1.595576686297648484e+04   0.000000000000000000e+00  -1.468977343750055807e-02
  1.069837360000000044e+05   8.498431426379482727e+05   1.867435333333333347e+03   1.597850497895374792e+04   0.000000000000000000e+00  -1.153725862502277474e-02
  1.059838880000000063e+05   8.497896718029909534e+05   1.849982666666666773e+03   1.600218780376629729e+04   0.000000000000000000e+00  -1.111650946095419333e-02
  1.049840400000000081e+05   8.497356813806345453e+05   1.832530000000000200e+03   1.602687616581295333e+04   0.000000000000000000e+00  -1.648010283985552882e-02
  1.039841920000000100e+05   8.496811610353607684e+05   1.815077333333333399e+03   1.605263593167344152e+04   0.000000000000000000e+00  -1.332972936534266260e-02
  1.029843440000000119e+05   8.496260991694855038e+05   1.797624666666666599e+03   1.607953977783315167e+04   0.000000000000000000e+00  -1.670926875477972418e-02
  1.019844960000000137e+05   8.495704833619274432e+05   1.780172000000000025e+03   1.610766667218913972e+04   0.000000000000000000e+00  -2.345330616845394539e-02
  1.009846480000000156e+05   8.495143008453714428e+05   1.762719333333333452e+03   1.613710295126415440e+04   0.000000000000000000e+00  -3.382272392412541406e-02
  9.998480000000000291e+04   8.494575384654895170e+05   1.745266666666666879e+03   1.616794441234455553e+04   0.000000000000000000e+00  -4.219091517542574582e-02
  9.898495200000001932e+04   8.494001826178125339e+05   1.727814000000000078e+03   1.620029572296941842e+04   0.000000000000000000e+00  -5.181274511545753969e-02
  9.798510400000000664e+04   8.493422187491066288e+05   1.710361333333333278e+03   1.623427445714408532e+04   0.000000000000000000e+00  -5.699808191257045575e-02
  9.698525600000000850e+04   8.492836310501110274e+05   1.692908666666666704e+03   1.627000860766524602e+04   0.000000000000000000e+00  -6.114223855025582854e-02
  9.598540799999999581e+04   8.492244015804781811e+05   1.675456000000000131e+03   1.630764015885111621e+04   0.000000000000000000e+00  -6.751255722939877857e-02
  9.498555999999999767e+04   8.491645101852309890e+05   1.658003333333333558e+03   1.634733039618451221e+04   0.000000000000000000e+00  -7.066303090940427578e-02
  9.398571199999999953e+04   8.491039350316234631e+05   1.640550666666666757e+03   1.638925639086567753e+04   0.000000000000000000e+00  -7.407177923635778483e-02
  9.298586400000000140e+04   8.490426528213982238e+05   1.623097999999999956e+03   1.643361790620072861e+04   0.000000000000000000e+00  -7.812884011362590531e-02
  9.198601600000000326e+04   8.489806381022923160e+05   1.605645333333333383e+03   1.648064089642240651e+04   0.000000000000000000e+00  -8.056191110626162444e-02
  9.098616800000000512e+04   8.489178620205806801e+05   1.588192666666666810e+03   1.653057808716153886e+04   0.000000000000000000e+00  -8.479718188265848722e-02
  8.998632000000000698e+04   8.488542909573623911e+05   1.570740000000000009e+03   1.658371886548304974e+04   0.000000000000000000e+00  -8.858541067283501325e-02
  8.898647200000000885e+04   8.487898868878810899e+05   1.553287333333333436e+03   1.664038819503704144e+04   0.000000000000000000e+00  -9.773862537735167333e-02
  8.798662400000001071e+04   8.487246068794677267e+05   1.535834666666666635e+03   1.670096515199663918e+04   0.000000000000000000e+00  -1.045753902048517647e-01
  8.698677600000001257e+04   8.486584021885121474e+05   1.518382000000000062e+03   1.676587844867072272e+04   0.000000000000000000e+00  -1.125351521483051731e-01
  8.598692800000001444e+04   8.485912151965379016e+05   1.500929333333333489e+03   1.683562499253635178e+04   0.000000000000000000e+00  -1.223114098666718552e-01
  8.498708000000001630e+04   8.485229773436748656e+05   1.483476666666666688e+03   1.691078588235380448e+04   0.000000000000000000e+00  -1.297475124971775307e-01
  8.398723200000000361e+04   8.484536083540813997e+05   1.466024000000000115e+03   1.699203303192999010e+04   0.000000000000000000e+00  -1.383851425624794684e-01
  8.298738400000000547e+04   8.483830122337674256e+05   1.448571333333333314e+03   1.708016287957695022e+04   0.000000000000000000e+00  -1.446753022951140499e-01
  8.198753600000000733e+04   8.483110722337932093e+05   1.431118666666666741e+03   1.717611257460299748e+04   0.000000000000000000e+00  -1.504732691155616364e-01
  8.098768800000000920e+04   8.482376451863297261e+05   1.413665999999999940e+03   1.728099907077290118e+04   0.000000000000000000e+00  -1.570787037484252802e-01
  7.998784000000001106e+04   8.481625544177165721e+05   1.396213333333333367e+03   1.739616245489677021e+04   0.000000000000000000e+00  -1.656088808078229058e-01
  7.898799199999999837e+04   8.480855776830757968e+05   1.378760666666666793e+03   1.752322655059105455e+04   0.000000000000000000e+00  -1.752414284179450443e-01
  7.798814400000001478e+04   8.480064320721423719e+05   1.361307999999999993e+03   1.766417640866651709e+04   0.000000000000000000e+00  -1.837022476889219325e-01
  7.698829600000000210e+04   8.479247528141429648e+05   1.343855333333333419e+03   1.782145835746971352e+04   0.000000000000000000e+00  -1.896658774563015348e-01
  7.598844800000000396e+04   8.478400625585926464e+05   1.326402666666666619e+03   1.799810888524700567e+04   0.000000000000000000e+00  -1.974364729861445567e-01
  7.498860000000000582e+04   8.477517243043987546e+05   1.308950000000000045e+03   1.819796529191073569e+04   0.000000000000000000e+00  -2.040192266330390358e-01
  7.398875200000000768e+04   8.476591113172775367e+05   1.291497333333333472e+03   1.842326771544748044e+04   0.000000000000000000e+00   6.595359449689901232e-02
  7.298890400000000955e+04   8.475605625453210669e+05   1.274044666666666672e+03   1.868570152455370044e+04   0.000000000000000000e+00   1.012488439375503063e-01
  7.198905599999999686e+04   8.474546199365862412e+05   1.256592000000000098e+03   1.899077235296308936e+04   0.000000000000000000e+00   1.338729438740724476e-01
  7.098920800000001327e+04   8.473388565986874746e+05   1.239139333333333298e+03   1.934927881693511881e+04   0.000000000000000000e+00   1.622441242643059001e-01
  6.998936000000001513e+04   8.472096932902698172e+05   1.221686666666666724e+03   1.977561678155247864e+04   0.000000000000000000e+00   1.843395602293232405e-01
  6.898951200000000244e+04   8.470617426291565644e+05   1.204234000000000151e+03   2.028901758864518342e+04   0.000000000000000000e+00   2.023243496012742670e-01
  6.798966400000000431e+04   8.468867545520706335e+05   1.186781333333333350e+03   2.091499102683800811e+04   0.000000000000000000e+00   2.168954638338936314e-01
  6.698981600000000617e+04   8.466719877275885083e+05   1.169328666666666777e+03   2.168644073272467358e+04   0.000000000000000000e+00   2.293934552724039566e-01
  6.598996800000000803e+04   8.463979879905915586e+05   1.151875999999999976e+03   2.264273834878803973e+04   0.000000000000000000e+00   2.326653055927827285e-01
  6.499011999999999534e+04   8.460364320788211189e+05   1.134423333333333403e+03   2.382322972172228765e+04   0.000000000000000000e+00   2.312364034711496263e-01
  6.399027199999999721e+04   8.455501835100938333e+05   1.116970666666666830e+03   2.525136379806215700e+04   0.000000000000000000e+00   2.230570767882739114e-01
  6.299042400000001362e+04   8.448986778318078723e+05   1.099518000000000029e+03   2.691271188316231928e+04   0.000000000000000000e+00   2.052269507571130025e-01
  6.199057600000000093e+04   8.440466869711752515e+05   1.082065333333333456e+03   2.874825955824719495e+04   0.000000000000000000e+00   1.696481740370199831e-01
  6.099072800000000279e+04   8.429665020960398251e+05   1.064612666666666655e+03   3.067949520128615768e+04   0.000000000000000000e+00   1.617087979970583123e-01
  5.999088000000000466e+04   8.416277575508527225e+05   1.047160000000000082e+03   3.264418990977610883e+04   0.000000000000000000e+00   3.904020674854717932e-01
  5.899103200000000652e+04   8.399845026533891214e+05   1.029707333333333509e+03   3.460718642740380892e+04   0.000000000000000000e+00  -3.427583618515296360e-01
  5.799118400000000838e+04   8.379561643452923745e+05   1.012254666666666708e+03   3.656191236842830403e+04   0.000000000000000000e+00  -9.825292939033725137e-01
  5.699133599999999569e+04   7.490965800600785296e+05   9.948019999999999072e+02   2.824991496480960268e+04   0.000000000000000000e+00  -1.332799177844412770e+04
  5.599148800000001211e+04   7.391628899683707859e+05   9.773493333333333339e+02   2.784294791585707208e+04   0.000000000000000000e+00  -1.459897947029092757e+04
  5.499163999999999942e+04   7.302861117366236867e+05   9.598966666666667606e+02   2.752981276167980104e+04   0.000000000000000000e+00  -1.571761915642054919e+04
  5.399179200000000128e+04   7.220306174226937583e+05   9.424439999999999600e+02   2.722619872447568196e+04   0.000000000000000000e+00  -1.674286859844729406e+04
  5.299194400000000314e+04   3.165333693358067540e+05   9.249913333333333867e+02   5.528862301008234681e+03   0.000000000000000000e+00  -7.161291704568598107e+03
  5.199209600000000501e+04   3.110810878935570363e+05   9.075386666666665860e+02   5.434956374342151321e+03   0.000000000000000000e+00  -7.138323918776422943e+03
  5.099224800000000687e+04   3.056000576629435527e+05   8.900860000000000127e+02   5.339082742586952008e+03   0.000000000000000000e+00  -7.116062153785815099e+03
  4.999239999999999418e+04   3.000925995407981682e+05   8.726333333333334394e+02   5.242789121883492044e+03   0.000000000000000000e+00  -7.094457926029580449e+03
  4.899255200000001059e+04   2.945616427478457917e+05   8.551806666666666388e+02   5.146068394272708247e+03   0.000000000000000000e+00  -7.073524847493568814e+03
  4.799270400000001246e+04   2.890088251493425341e+05   8.377280000000000655e+02   5.048894536352340765e+03   0.000000000000000000e+00  -7.053319126322400734e+03
  4.699285599999999977e+04   2.834336159889976261e+05   8.202753333333332648e+02   4.951252794525094032e+03   0.000000000000000000e+00  -7.033892978734403187e+03
  4.599300800000000163e+04   2.778338373553471174e+05   8.028226666666664642e+02   4.853196662399582237e+03   0.000000000000000000e+00  -7.015250667233922286e+03
  4.499316000000000349e+04   2.722068083694375237e+05   7.853700000000001182e+02   4.754706472093353113e+03   0.000000000000000000e+00  -6.997339043009298621e+03
  4.399331200000000536e+04   2.665518933880081167e+05   7.679173333333333176e+02   4.655800269826438125e+03   0.000000000000000000e+00  -6.980069445020578314e+03
  4.299346400000000722e+04   2.608709096722282993e+05   7.504646666666667443e+02   4.556492688042147165e+03   0.000000000000000000e+00  -6.963369900005644922e+03
  4.199361599999999453e+04   2.551670598229994066e+05   7.330119999999999436e+02   4.456785821752381707e+03   0.000000000000000000e+00  -6.947225931606221820e+03
  4.099376800000001094e+04   2.494428757175965293e+05   7.155593333333331429e+02   4.356656817237591895e+03   0.000000000000000000e+00  -6.931681245943744216e+03
  3.999391999999999825e+04   2.436986323953894607e+05   6.981066666666667970e+02   4.256086877430230743e+03   0.000000000000000000e+00  -6.916796542427710847e+03
  3.899407200000000012e+04   2.379326097427274217e+05   6.806539999999999964e+02   4.155195095468979162e+03   0.000000000000000000e+00  -6.902594554987414995e+03
  3.799422400000000198e+04   2.321418477063308528e+05   6.632013333333334231e+02   4.053902312196370531e+03   0.000000000000000000e+00  -6.889037744863430817e+03
  3.699437600000000384e+04   2.263252807971184666e+05   6.457486666666666224e+02   3.952222976977570397e+03   0.000000000000000000e+00  -6.876039914355600558e+03
  3.599452800000000570e+04   2.204844969960685121e+05   6.282959999999998217e+02   3.850173142256022402e+03   0.000000000000000000e+00  -6.863520367010309201e+03
  3.499468000000000757e+04   2.146228757839137688e+05   6.108433333333334758e+02   3.747755077920300209e+03   0.000000000000000000e+00  -6.851453689901149119e+03
  3.399483199999999488e+04   2.087433183271162852e+05   5.933906666666666752e+02   3.644948073498600024e+03   0.000000000000000000e+00  -6.839878907246594281e+03
  3.299498399999999674e+04   2.028463866135046410e+05   5.759380000000001019e+02   3.541755607025222616e+03   0.000000000000000000e+00  -6.828859064471212150e+03
  3.199513599999999860e+04   1.969303299747241253e+05   5.584853333333335286e+02   3.438327003866646919e+03   0.000000000000000000e+00  -6.818421882667253158e+03
  3.099528800000000047e+04   1.909921996138984687e+05   5.410326666666665005e+02   3.334543202494469369e+03   0.000000000000000000e+00  -6.808531022985369418e+03
  2.999544000000001688e+04   1.850310741212744033e+05   5.235799999999999272e+02   3.230416405807033243e+03   0.000000000000000000e+00  -6.799099580370924741e+03
  2.899559199999998964e+04   1.790488940659821092e+05   5.061273333333333539e+02   3.125960676440131465e+03   0.000000000000000000e+00  -6.790048357689056502e+03
  2.799574399999999150e+04   1.730493210412422486e+05   4.886746666666667807e+02   3.021173905739990460e+03   0.000000000000000000e+00  -6.781358335286987312e+03
  2.699589600000000792e+04   1.670352081353467365e+05   4.712220000000002074e+02   2.916038743714449538e+03   0.000000000000000000e+00  -6.773075862802927986e+03
  2.599604800000000978e+04   1.610067983940553095e+05   4.537693333333331793e+02   2.810631504896930892e+03   0.000000000000000000e+00  -6.765264773175953451e+03
  2.499620000000001164e+04   1.549618385682949156e+05   4.363166666666666060e+02   2.705038247814674378e+03   0.000000000000000000e+00  -6.757945550726823058e+03
  2.399635199999999895e+04   1.488976632604915358e+05   4.188640000000000327e+02   2.599144858607812694e+03   0.000000000000000000e+00  -6.751069511137154223e+03
  2.299650400000000081e+04   1.428141094876553980e+05   4.014113333333334594e+02   2.492962643361282517e+03   0.000000000000000000e+00  -6.744546510889380443e+03
  2.199665600000000268e+04   1.367139534752237669e+05   3.839586666666668862e+02   2.386501422611610451e+03   0.000000000000000000e+00  -6.738309901942115175e+03
  2.099680800000000454e+04   1.306010797481353511e+05   3.665059999999998581e+02   2.279752893014158417e+03   0.000000000000000000e+00  -6.732362872248247186e+03
  1.999696000000000640e+04   1.244777217202690081e+05   3.490533333333332848e+02   2.172713110206994770e+03   0.000000000000000000e+00  -6.726766748417903727e+03
  1.899711199999999371e+04   1.183432515973928239e+05   3.316006666666667115e+02   2.065584945945533491e+03   0.000000000000000000e+00  -6.721579969955741035e+03
  1.799726399999999558e+04   1.121947899527025147e+05   3.141480000000001382e+02   1.958265626999756705e+03   0.000000000000000000e+00  -6.716802174537636347e+03
  1.699741599999999744e+04   1.060304928515629435e+05   2.966953333333335650e+02   1.850709350437640069e+03   0.000000000000000000e+00  -6.712364565775396841e+03
  1.599756799999999930e+04   9.985156899020668061e+04   2.792426666666665369e+02   1.742928454969405948e+03   0.000000000000000000e+00  -6.708179899345046579e+03
  1.499772000000000116e+04   9.366173514456023986e+04   2.617899999999999636e+02   1.634921495580301325e+03   0.000000000000000000e+00  -6.704209612946328889e+03
  1.399787200000000303e+04   8.746459273469407344e+04   2.443373333333333903e+02   1.526686985479256691e+03   0.000000000000000000e+00  -6.700489917221289033e+03
  1.299802400000000489e+04   8.126110592415678548e+04   2.268846666666668170e+02   1.418308717646086734e+03   0.000000000000000000e+00  -6.697093275340241235e+03
  1.199817600000000675e+04   7.504935688141423452e+04   2.094319999999997890e+02   1.309939372452232647e+03   0.000000000000000000e+00  -6.694059093184230733e+03
  1.099832800000000861e+04   6.882653351924552408e+04   1.919793333333332157e+02   1.201391840502949663e+03   0.000000000000000000e+00  -6.691354121633883551e+03
  9.998480000000010477e+03   6.259230600787491130e+04   1.745266666666666424e+02   1.092679282443510147e+03   0.000000000000000000e+00  -6.688894102851721073e+03
  8.998631999999983236e+03   5.634952167999360972e+04   1.570740000000000691e+02   9.838072897175321714e+02   0.000000000000000000e+00  -6.686612101224737671e+03
  7.998783999999985099e+03   5.010235190518932359e+04   1.396213333333334958e+02   8.747922664526912513e+02   0.000000000000000000e+00  -6.684512536767771962e+03
  6.998936000000016065e+03   4.385316404402550688e+04   1.221686666666664678e+02   7.656492026188487898e+02   0.000000000000000000e+00  -6.682662833001852050e+03
  5.999088000000017928e+03   3.760118308728191187e+04   1.047159999999998945e+02   6.565266058506280160e+02   0.000000000000000000e+00  -6.681129437593311195e+03
  4.999240000000019791e+03   3.134364002100072685e+04   8.726333333333332121e+01   5.474014899912375540e+02   0.000000000000000000e+00  -6.679916101475291725e+03
  3.999391999999992549e+03   2.507887063698163911e+04   6.981066666666674791e+01   4.381689990301170496e+02   0.000000000000000000e+00  -6.678957208694831934e+03
  2.999543999999994412e+03   1.880854004033519232e+04   5.235800000000017462e+01   3.288495882629055131e+02   0.000000000000000000e+00  -6.678172505756094324e+03
  1.999695999999996275e+03   1.253672807696821292e+04   3.490533333333314658e+01   2.194741114701102731e+02   0.000000000000000000e+00  -6.677536387054648003e+03
  9.998479999999981374e+02   6.266830848867712120e+03   1.745266666666657329e+01   1.100341970006028731e+02   0.000000000000000000e+00  -6.677099201202291624e+03
  0.000000000000000000e+00  -7.470218307096568866e-01   0.000000000000000000e+00   5.381171919390377312e-01   0.000000000000000000e+00  -6.676940817208510452e+03
 -9.998479999999981374e+02  -6.268091574630074319e+03  -1.745266666666657329e+01  -1.087447353674738082e+02   0.000000000000000000e+00  -6.677099046950013872e+03
 -1.999695999999996275e+03  -1.253781302329368373e+04  -3.490533333333314658e+01  -2.180645849374485294e+02   0.000000000000000000e+00  -6.677536123885094639e+03
 -2.999543999999994412e+03  -1.880954226862535506e+04  -5.235800000000017462e+01  -3.273919526050072477e+02   0.000000000000000000e+00  -6.678172130957899753e+03
 -3.999391999999992549e+03  -2.507985722503717625e+04  -6.981066666666674791e+01  -4.367053568293114836e+02   0.000000000000000000e+00  -6.678956700312513931e+03
 -4.999239999999990687e+03  -3.134475420066132574e+04  -8.726333333333332121e+01  -5.460119522312932077e+02   0.000000000000000000e+00  -6.679915339842929825e+03
 -5.999088000000017928e+03  -3.760252754324430134e+04  -1.047159999999998945e+02  -6.553092119726655937e+02   0.000000000000000000e+00  -6.681128271006810792e+03
 -6.998936000000016065e+03  -4.385453547844137938e+04  -1.221686666666664678e+02  -7.644535705284037022e+02   0.000000000000000000e+00  -6.682661466587363066e+03
 -7.998783999999985099e+03  -5.010350653720287664e+04  -1.396213333333334958e+02  -8.734273875333726664e+02   0.000000000000000000e+00  -6.684511326089877912e+03
 -8.998631999999983236e+03  -5.635048296562007454e+04  -1.570740000000000691e+02  -9.823313735182269966e+02   0.000000000000000000e+00  -6.686611056652325715e+03
 -9.998479999999981374e+03  -6.259316915375005919e+04  -1.745266666666666424e+02  -1.091160034560525219e+03   0.000000000000000000e+00  -6.688893106875946614e+03
 -1.099832800000000861e+04  -6.882747443126622238e+04  -1.919793333333332157e+02  -1.199910109198844339e+03   0.000000000000000000e+00  -6.691352857638886235e+03
 -1.199817600000000675e+04  -7.505049673243782308e+04  -2.094319999999997890e+02  -1.308571137608644449e+03   0.000000000000000000e+00  -6.694057272535585980e+03
 -1.299802400000000489e+04  -8.126248116748638859e+04  -2.268846666666668170e+02  -1.417121831065745255e+03   0.000000000000000000e+00  -6.697090740717160770e+03
 -1.399787200000000303e+04  -8.746580638863386412e+04  -2.443373333333333903e+02  -1.525366122535854174e+03   0.000000000000000000e+00  -6.700487660083340415e+03
 -1.499772000000000116e+04  -9.366265201594296377e+04  -2.617899999999999636e+02  -1.633428304209492580e+03   0.000000000000000000e+00  -6.704208029649108539e+03
 -1.599756799999999930e+04  -9.985229997298246599e+04  -2.792426666666665369e+02  -1.741362817848877512e+03   0.000000000000000000e+00  -6.708178737686462227e+03
 -1.699741599999999744e+04  -1.060312299313392286e+05  -2.966953333333331102e+02  -1.849147743389182551e+03   0.000000000000000000e+00  -6.712363304917016649e+03
 -1.799726399999999558e+04  -1.121956775848244288e+05  -3.141480000000001382e+02  -1.956764678335274539e+03   0.000000000000000000e+00  -6.716800355013410808e+03
 -1.899711199999999371e+04  -1.183443750453774555e+05  -3.316006666666667115e+02  -2.064213063469982444e+03   0.000000000000000000e+00  -6.721577250672468836e+03
 -1.999696000000002095e+04  -1.244789491243591619e+05  -3.490533333333332848e+02  -2.171409295817886232e+03   0.000000000000000000e+00  -6.726763542472712288e+03
 -2.099680800000001909e+04  -1.306019711287728715e+05  -3.665059999999998581e+02  -2.278252740835896020e+03   0.000000000000000000e+00  -6.732360822179212846e+03
 -2.199665600000001723e+04  -1.367145736592276953e+05  -3.839586666666664314e+02  -2.384907029863001753e+03   0.000000000000000000e+00  -6.738308799197518965e+03
 -2.299650399999998626e+04  -1.428146320404115831e+05  -4.014113333333334594e+02  -2.491347024817019246e+03   0.000000000000000000e+00  -6.744545737862151327e+03
 -2.399635199999998440e+04  -1.488982620550766587e+05  -4.188640000000000327e+02  -2.597548097322560807e+03   0.000000000000000000e+00  -6.751068395016520299e+03
 -2.499620000000001164e+04  -1.549626374286152131e+05  -4.363166666666666060e+02  -2.703506703906963139e+03   0.000000000000000000e+00  -6.757943542639010957e+03
 -2.599604800000000978e+04  -1.610078436105693108e+05  -4.537693333333331793e+02  -2.809217675763755778e+03   0.000000000000000000e+00  -6.765261598260681239e+03
 -2.699589600000000792e+04  -1.670361111501200940e+05  -4.712219999999997526e+02  -2.914549267238667198e+03   0.000000000000000000e+00  -6.773073288474291985e+03
 -2.799574400000000605e+04  -1.730498791136977670e+05  -4.886746666666667807e+02  -3.019568509883340994e+03   0.000000000000000000e+00  -6.781357316317838922e+03
 -2.899559200000000419e+04  -1.790492355633037805e+05  -5.061273333333333539e+02  -3.124322452700095710e+03   0.000000000000000000e+00  -6.790048324081023566e+03
 -2.999544000000000233e+04  -1.850313803773246764e+05  -5.235799999999999272e+02  -3.228776541991126578e+03   0.000000000000000000e+00  -6.799099715896456473e+03
 -3.099528800000000047e+04  -1.909926278485766961e+05  -5.410326666666669553e+02  -3.332917847204312238e+03   0.000000000000000000e+00  -6.808530568318215046e+03
 -3.199513599999999860e+04  -1.969309829676357040e+05  -5.584853333333330738e+02  -3.436752166670274164e+03   0.000000000000000000e+00  -6.818420272925754944e+03
 -3.299498399999999674e+04  -2.028472881493329478e+05  -5.759380000000001019e+02  -3.540272348405940193e+03   0.000000000000000000e+00  -6.828856100515351500e+03
 -3.399483199999999488e+04  -2.087439013994848065e+05  -5.933906666666666752e+02  -3.643352929635247619e+03   0.000000000000000000e+00  -6.839877659431425855e+03
 -3.499468000000002212e+04  -2.146231241833091190e+05  -6.108433333333332484e+02  -3.746114416502568474e+03   0.000000000000000000e+00  -6.851454229544294321e+03
 -3.599452800000002026e+04  -2.204845693459708127e+05  -6.282960000000002765e+02  -3.848536816475204887e+03   0.000000000000000000e+00  -6.863521863737207241e+03
 -3.699437599999998929e+04  -2.263253461384049151e+05  -6.457486666666663950e+02  -3.950587970332584973e+03   0.000000000000000000e+00  -6.876041492245110021e+03
 -3.799422399999998743e+04  -2.321420465397796361e+05  -6.632013333333334231e+02  -4.052263758613070422e+03   0.000000000000000000e+00  -6.889038630593892776e+03
 -3.899407199999998556e+04  -2.379330391334518790e+05  -6.806539999999999964e+02  -4.153575935071057756e+03   0.000000000000000000e+00  -6.902594149470643970e+03
 -3.999392000000001281e+04  -2.436993106638638128e+05  -6.981066666666665697e+02  -4.254522441406968028e+03   0.000000000000000000e+00  -6.916794668000326965e+03
 -4.099376800000001094e+04  -2.494431798010753701e+05  -7.155593333333335977e+02  -4.355022720640706211e+03   0.000000000000000000e+00  -6.931681635820281372e+03
 -4.199361600000000908e+04  -2.551670376750232244e+05  -7.330120000000001710e+02  -4.455162192773189417e+03   0.000000000000000000e+00  -6.947228248143595920e+03
 -4.299346400000000722e+04  -2.608707133886347583e+05  -7.504646666666667443e+02  -4.554903273951780648e+03   0.000000000000000000e+00  -6.963373258971565519e+03
 -4.399331200000000536e+04  -2.665516832252548775e+05  -7.679173333333333176e+02  -4.654214899210424846e+03   0.000000000000000000e+00  -6.980072953878343469e+03
 -4.499316000000000349e+04  -2.722067101813002373e+05  -7.853699999999998909e+02  -4.753096930457485541e+03   0.000000000000000000e+00  -6.997341972578726200e+03
 -4.599300800000000163e+04  -2.778339541928748367e+05  -8.028226666666669189e+02  -4.851564165261677772e+03   0.000000000000000000e+00  -7.015252360179447351e+03
 -4.699285599999999977e+04  -2.834339856156689348e+05  -8.202753333333334922e+02  -4.949627857746107111e+03   0.000000000000000000e+00  -7.033893135647660529e+03
 -4.799270399999999790e+04  -2.890089283492764225e+05  -8.377280000000000655e+02  -5.047261995909630059e+03   0.000000000000000000e+00  -7.053321005966362463e+03
 -4.899255199999999604e+04  -2.945613981592747150e+05  -8.551806666666666388e+02  -5.144494890602205487e+03   0.000000000000000000e+00  -7.073528872265585051e+03
 -4.999240000000002328e+04  -3.000921552030023304e+05  -8.726333333333332121e+02  -5.241288659258321786e+03   0.000000000000000000e+00  -7.094463163726069979e+03
 -5.099224800000002142e+04  -3.055995537101108930e+05  -8.900860000000002401e+02  -5.337610936573941217e+03   0.000000000000000000e+00  -7.116067804777992933e+03
 -5.199209599999999045e+04  -3.110806424020831473e+05  -9.075386666666668134e+02  -5.433457168961675052e+03   0.000000000000000000e+00  -7.138329319841974211e+03
 -5.299194399999998859e+04  -3.165330090866989922e+05  -9.249913333333338414e+02  -5.528840439665571466e+03   0.000000000000000000e+00  -7.161294086212261391e+03
 -5.399179199999998673e+04  -3.219562000661277561e+05  -9.424439999999999600e+02  -5.623781863470098870e+03   0.000000000000000000e+00  -7.185046521619798114e+03
 -5.499164000000001397e+04  -3.273517204278411227e+05  -9.598966666666665333e+02  -5.718300318990922278e+03   0.000000000000000000e+00  -7.209664755392172083e+03
 -5.599148800000001211e+04  -3.327220660040609655e+05  -9.773493333333335613e+02  -5.812417887102334134e+03   0.000000000000000000e+00  -7.235180130322819423e+03
 -5.699133600000001024e+04  -3.380693572599492036e+05  -9.948020000000001346e+02  -5.906085521495389003e+03   0.000000000000000000e+00  -7.261565055656118602e+03
 -5.799118400000000838e+04  -3.433935454727459000e+05  -1.012254666666667163e+03  -5.999257793521830536e+03   0.000000000000000000e+00  -7.288760534427906350e+03
 -5.899103200000000652e+04  -3.486926576663754531e+05  -1.029707333333333281e+03  -6.091921325260001140e+03   0.000000000000000000e+00  -7.316717775027854259e+03
 -5.999088000000000466e+04  -3.539640003900409793e+05  -1.047159999999999854e+03  -6.184081404583237600e+03   0.000000000000000000e+00  -7.345434800952471960e+03
 -6.099072800000000279e+04  -3.592057500719028176e+05  -1.064612666666666883e+03  -6.275753837401522105e+03   0.000000000000000000e+00  -7.374964547507219322e+03
 -6.199057600000000093e+04  -3.644179551568462630e+05  -1.082065333333333456e+03  -6.366966937382380820e+03   0.000000000000000000e+00  -7.405390478244236874e+03
 -6.299042399999999907e+04  -3.696021832937651197e+05  -1.099518000000000484e+03  -6.457830196072894978e+03   0.000000000000000000e+00  -7.436786977667829888e+03
 -6.399027199999999721e+04  -3.747612190868161852e+05  -1.116970666666666602e+03  -6.548263262946772556e+03   0.000000000000000000e+00  -7.469181056205797177e+03
 -6.499012000000002445e+04  -3.798969745117640123e+05  -1.134423333333333176e+03  -6.638190505447022588e+03   0.000000000000000000e+00  -7.502547721359908792e+03
 -6.598996800000002258e+04  -3.850095554466643371e+05  -1.151876000000000204e+03  -6.727619135384186848e+03   0.000000000000000000e+00  -7.536829572009211006e+03
 -6.698981599999999162e+04  -3.900973902910911711e+05  -1.169328666666666777e+03  -6.816533257330074775e+03   0.000000000000000000e+00  -7.571973942696033191e+03
 -6.798966399999998976e+04  -3.951581071292854613e+05  -1.186781333333333805e+03  -6.904954824494543573e+03   0.000000000000000000e+00  -7.607968241881321774e+03
 -6.898951199999998789e+04  -4.001899213748666225e+05  -1.204233999999999924e+03  -6.992883308452371239e+03   0.000000000000000000e+00  -7.644852769558430737e+03
 -6.998936000000001513e+04  -4.051926229307638714e+05  -1.221686666666666497e+03  -7.080321313959218969e+03   0.000000000000000000e+00  -7.682705071782145751e+03
 -7.098920800000001327e+04  -4.101676118136321893e+05  -1.239139333333333525e+03  -7.167375451198830888e+03   0.000000000000000000e+00  -7.721605905295376033e+03
 -7.198905600000001141e+04  -4.151173613375104615e+05  -1.256592000000000098e+03  -7.254062651093837303e+03   0.000000000000000000e+00  -7.761604034946596585e+03
 -7.298890400000000955e+04  -4.200442748621322098e+05  -1.274044666666667126e+03  -7.340264415654481127e+03   0.000000000000000000e+00  -7.802698530564308385e+03
 -7.398875200000000768e+04  -4.249494136748067685e+05  -1.291497333333333245e+03  -7.426029917179361291e+03   0.000000000000000000e+00  -7.844846276294974814e+03
 -7.498859999999997672e+04  -4.298322704740670160e+05  -1.308949999999999818e+03  -7.511276922722263407e+03   0.000000000000000000e+00  -7.887989403522769862e+03
 -7.598844800000000396e+04  -4.346910951083115069e+05  -1.326402666666666846e+03  -7.596012656084683840e+03   0.000000000000000000e+00  -7.932090762208648812e+03
 -7.698829600000003120e+04  -4.395239743025913485e+05  -1.343855333333333419e+03  -7.680241868446292756e+03   0.000000000000000000e+00  -7.977159401106064252e+03
 -7.798814400000000023e+04  -4.443299078011199017e+05  -1.361308000000000447e+03  -7.764044868169086840e+03   0.000000000000000000e+00  -8.023253527631729412e+03
 -7.898799200000002747e+04  -4.491094564251931151e+05  -1.378760666666666566e+03  -7.847420715945054326e+03   0.000000000000000000e+00  -8.070460640769262682e+03
 -7.998783999999999651e+04  -4.538645838960022666e+05  -1.396213333333333139e+03  -7.930431382896322248e+03   0.000000000000000000e+00  -8.118864996655658615e+03
 -8.098768799999999464e+04  -4.585979570998851559e+05  -1.413666000000000167e+03  -8.013169046411543604e+03   0.000000000000000000e+00  -8.168518240564325424e+03
 -8.198753600000002189e+04  -4.633120427930234582e+05  -1.431118666666666741e+03  -8.095545740804365778e+03   0.000000000000000000e+00  -8.219426011925503190e+03
 -8.298738399999999092e+04  -4.680080943124964833e+05  -1.448571333333333769e+03  -8.177425654209849199e+03   0.000000000000000000e+00  -8.271556107407523086e+03
 -8.398723200000001816e+04  -4.726858947259297711e+05  -1.466023999999999887e+03  -8.258838664397204411e+03   0.000000000000000000e+00  -8.324863238576517688e+03
 -8.498707999999998719e+04  -4.773441865306575783e+05  -1.483476666666666915e+03  -8.339813052714373043e+03   0.000000000000000000e+00  -8.379322117614208764e+03
 -8.598692800000001444e+04  -4.819815387736107223e+05  -1.500929333333333034e+03  -8.420374826270559424e+03   0.000000000000000000e+00  -8.434953153725366064e+03
 -8.698677600000004168e+04  -4.865973117910507717e+05  -1.518382000000000062e+03  -8.500514019528536664e+03   0.000000000000000000e+00  -8.491829449337974438e+03
 -8.798662400000001071e+04  -4.911923338627655176e+05  -1.535834666666667090e+03  -8.580135854774096515e+03   0.000000000000000000e+00  -8.550062489933237885e+03
 -8.898647200000000885e+04  -4.957688165271667531e+05  -1.553287333333333208e+03  -8.659673515379674427e+03   0.000000000000000000e+00  -8.609772682240067297e+03
 -8.998631999999997788e+04  -5.003298643834135146e+05  -1.570740000000000236e+03  -8.739290657565919901e+03   0.000000000000000000e+00  -8.671062308249660418e+03
 -9.098616800000000512e+04  -5.048787952942613629e+05  -1.588192666666666355e+03  -8.818450462103661266e+03   0.000000000000000000e+00  -8.733998022997735461e+03
 -9.198601600000003236e+04  -5.094179724771433976e+05  -1.605645333333333383e+03  -8.897234906119814696e+03   0.000000000000000000e+00  -8.798607042786388774e+03
 -9.298586400000000140e+04  -5.139485873959693126e+05  -1.623098000000000411e+03  -8.975708182038028099e+03   0.000000000000000000e+00  -8.864896673987814211e+03
 -9.398571200000002864e+04  -5.184706859822652186e+05  -1.640550666666666530e+03  -9.053917521141323959e+03   0.000000000000000000e+00  -8.932885838804668310e+03
 -9.498555999999999767e+04  -5.229837983958601253e+05  -1.658003333333333558e+03  -9.131904783713565848e+03   0.000000000000000000e+00  -9.002637886526817965e+03
 -9.598540799999999581e+04  -5.274878889160664985e+05  -1.675455999999999676e+03  -9.209706345922057153e+03   0.000000000000000000e+00  -9.074281945593122146e+03
 -9.698525600000002305e+04  -5.319842079330978449e+05  -1.692908666666666704e+03  -9.287312936845015429e+03   0.000000000000000000e+00  -9.148014880308972351e+03
 -9.798510399999999208e+04  -5.364758345804578857e+05  -1.710361333333333732e+03  -9.364556629943652297e+03   0.000000000000000000e+00  -9.224085117067641477e+03
 -9.898495200000001932e+04  -5.409673093950640177e+05  -1.727813999999999851e+03  -9.442209917013809900e+03   0.000000000000000000e+00  -9.302762079304517101e+03
 -9.998479999999998836e+04  -5.454641032040169230e+05  -1.745266666666666879e+03  -9.520127306121741640e+03   0.000000000000000000e+00  -9.384318123341996397e+03
