  0.000000000000000000e+00   8.598682900726491353e+05   0.000000000000000000e+00   1.505070521731482222e+04   0.000000000000000000e+00   0.000000000000000000e+00
  1.499772000000000116e+05   8.530798476320583140e+05   2.617900000000000091e+03   1.524785963594515488e+04   0.000000000000000000e+00  -1.753896615712266863e-02
  1.489773520000000135e+05   8.530388178364069900e+05   2.600447333333333518e+03   1.525051487272762461e+04   0.000000000000000000e+00   1.144180332758641021e-03
  1.479775040000000154e+05   8.529973554333050270e+05   2.582994666666666944e+03   1.525328483921074621e+04   0.000000000000000000e+00   3.077198766578799743e-03
  1.469776560000000172e+05   8.529554836530223256e+05   2.565541999999999916e+03   1.525610369393824476e+04   0.000000000000000000e+00   4.374441187298717081e-03
  1.459778080000000191e+05   8.529131971212613862e+05   2.548089333333333343e+03   1.525897244964434503e+04   0.000000000000000000e+00   5.631709712322565883e-03
  1.449779600000000210e+05   8.528704902455115225e+05   2.530636666666666770e+03   1.526189230984282767e+04   0.000000000000000000e+00   6.805941036428710990e-03
  1.439781120000000228e+05   8.528273577841427177e+05   2.513184000000000196e+03   1.526486472316694744e+04   0.000000000000000000e+00   7.971845643058738176e-03
  1.429782640000000247e+05   8.527837939808914671e+05   2.495731333333333623e+03   1.526789101022252362e+04   0.000000000000000000e+00   9.062102177206602521e-03
  1.419784159999999974e+05   8.527397929515828146e+05   2.478278666666666595e+03   1.527097241432852752e+04   0.000000000000000000e+00   1.005359422110977535e-02
  1.409785679999999993e+05   8.526953492419738322e+05   2.460826000000000022e+03   1.527411067161929714e+04   0.000000000000000000e+00   1.095434108603217729e-02
  1.399787200000000012e+05   8.526504567927964963e+05   2.443373333333333449e+03   1.527730715841604615e+04   0.000000000000000000e+00   1.172314681504979528e-02
  1.389788720000000030e+05   8.526051096167094074e+05   2.425920666666666875e+03   1.528056341637846526e+04   0.000000000000000000e+00   1.234237121405512214e-02
  1.379790240000000049e+05   8.525593018316511298e+05   2.408467999999999847e+03   1.528388126117135289e+04   0.000000000000000000e+00   1.273877685250339800e-02
  1.369791760000000068e+05   8.525130268600429408e+05   2.391015333333333274e+03   1.528726191842105800e+04   0.000000000000000000e+00   1.298092730137422567e-02
  1.359793280000000086e+05   8.524662790270444239e+05   2.373562666666666701e+03   1.529070774138435991e+04   0.000000000000000000e+00   1.284282247895284293e-02
  1.349794800000000105e+05   8.524190513414785964e+05   2.356110000000000127e+03   1.529421981849750227e+04   0.000000000000000000e+00   1.250937666152572396e-02
  1.339796320000000123e+05   8.523713377196866786e+05   2.338657333333333554e+03   1.529780038346895526e+04   0.000000000000000000e+00   1.178034240363407502e-02
  1.329797840000000142e+05   8.523231315621607937e+05   2.321204666666666526e+03   1.530145123919709113e+04   0.000000000000000000e+00   1.058315285805454947e-02
  1.319799360000000161e+05   8.522744259583827807e+05   2.303751999999999953e+03   1.530517408081639405e+04   0.000000000000000000e+00   9.022035066614182350e-03
  1.309800880000000179e+05   8.522252140927539440e+05   2.286299333333333379e+03   1.530897090085998934e+04   0.000000000000000000e+00   7.103406892089542471e-03
  1.299802400000000198e+05   8.521754892131631495e+05   2.268846666666666806e+03   1.531284380471391341e+04   0.000000000000000000e+00   4.647560690145395058e-03
  1.289803920000000071e+05   8.521252440839741612e+05   2.251394000000000233e+03   1.531679478810630826e+04   0.000000000000000000e+00   1.840667870544497207e-03
  1.279805440000000090e+05   8.520744715425129980e+05   2.233941333333333205e+03   1.532082609624069664e+04   0.000000000000000000e+00  -1.281439544261895420e-03
  1.269806960000000108e+05   8.520231643070725258e+05   2.216488666666666631e+03   1.532494007097788381e+04   0.000000000000000000e+00  -4.674492398253362289e-03
  1.259808480000000127e+05   8.519713150942617794e+05   2.199036000000000058e+03   1.532913892613792268e+04   0.000000000000000000e+00  -8.496040813845678191e-03
  1.249810000000000000e+05   8.519189161192156607e+05   2.181583333333333485e+03   1.533342564966707323e+04   0.000000000000000000e+00  -1.225017047900808960e-02
  1.239811520000000019e+05   8.518659598577647703e+05   2.164130666666666912e+03   1.533780279382853041e+04   0.000000000000000000e+00  -1.608182134718117232e-02
  1.229813040000000037e+05   8.518124385227656458e+05   2.146677999999999884e+03   1.534227321757398386e+04   0.000000000000000000e+00  -1.990305483142424184e-02
  1.219814560000000056e+05   8.517583441929018591e+05   2.129225333333333310e+03   1.534683994100161908e+04   0.000000000000000000e+00  -2.362004038101355244e-02
  1.209816080000000075e+05   8.517036687683988130e+05   2.111772666666666737e+03   1.535150677735672252e+04   0.000000000000000000e+00  -2.698829029443412103e-02
  1.199817600000000093e+05   8.516484041542293271e+05   2.094320000000000164e+03   1.535627591489380575e+04   0.000000000000000000e+00  -3.020928556305385593e-02
  1.189819120000000112e+05   8.515925419408446178e+05   2.076867333333333590e+03   1.536115224121717984e+04   0.000000000000000000e+00  -3.291593611477266340e-02
  1.179820640000000130e+05   8.515360736833786359e+05   2.059414666666666562e+03   1.536613810702463343e+04   0.000000000000000000e+00  -3.518681792716074619e-02
  1.169822160000000149e+05   8.514789906882495852e+05   2.041961999999999989e+03   1.537123744125920530e+04   0.000000000000000000e+00  -3.678764382884559120e-02
  1.159823680000000168e+05   8.514212841494260356e+05   2.024509333333333416e+03   1.537645530933920236e+04   0.000000000000000000e+00  -3.750383368196755912e-02
  1.149825200000000186e+05   8.513629449386837659e+05   2.007056666666666843e+03   1.538179471720698166e+04   0.000000000000000000e+00  -3.700597643748394089e-02
  1.139826720000000205e+05   8.513039640001402004e+05   1.989604000000000042e+03   1.538726232556209652e+04   0.000000000000000000e+00  -3.518079017030684152e-02
  1.129828240000000078e+05   8.512443311363233952e+05   1.972151333333333241e+03   1.539286016065201511e+04   0.000000000000000000e+00  -3.081558297938492494e-02
  1.119829760000000097e+05   8.511840275933268713e+05   1.954698666666666668e+03   1.539858574424495600e+04   0.000000000000000000e+00  -1.445394131481250559e-02
  1.109831279999999970e+05   8.511230526010221802e+05   1.937246000000000095e+03   1.540447688736167220e+04   0.000000000000000000e+00   4.402639920144909777e-03
  1.099832800000000134e+05   8.510614115956746973e+05   1.919793333333333521e+03   1.541052494393587403e+04   0.000000000000000000e+00   1.124371657071431170e-02
  1.089834320000000007e+05   8.509990871444683289e+05   1.902340666666666721e+03   1.541672569510660469e+04   0.000000000000000000e+00   1.232201034178100583e-02
  1.079835840000000026e+05   8.509360771591309458e+05   1.884887999999999920e+03   1.542308406903754621e+04   0.000000000000000000e+00  -2.952307302207136854e-03
  1.069837360000000044e+05   8.508723436795688467e+05   1.867435333333333347e+03   1.542961493264046840e+04   0.000000000000000000e+00  -7.110166954896551816e-03
  1.059838880000000063e+05   8.508078847232208354e+05   1.849982666666666773e+03   1.543631644780213355e+04   0.000000000000000000e+00  -2.055517855808853666e-03
  1.049840400000000081e+05   8.507426942541337339e+05   1.832530000000000200e+03   1.544320040966893430e+04   0.000000000000000000e+00   4.677406406418361043e-03
  1.039841920000000100e+05   8.506767617581537925e+05   1.815077333333333399e+03   1.545027543899925877e+04   0.000000000000000000e+00   1.174885040904928742e-02
  1.029843440000000119e+05   8.506100760179952485e+05   1.797624666666666599e+03   1.545755010442971070e+04   0.000000000000000000e+00   1.934275361768554233e-02
  1.019844960000000137e+05   8.505426258165129693e+05   1.780172000000000025e+03   1.546503301454968641e+04   0.000000000000000000e+00   2.686333991461576157e-02
  1.009846480000000156e+05   8.504743996138736838e+05   1.762719333333333452e+03   1.547273317898360619e+04   0.000000000000000000e+00   3.405771814211815129e-02
  9.998480000000000291e+04   8.504053855250140186e+05   1.745266666666666879e+03   1.548066076242093732e+04   0.000000000000000000e+00   4.095484564365677732e-02
  9.898495200000001932e+04   8.503355715309329098e+05   1.727814000000000078e+03   1.548882599203981954e+04   0.000000000000000000e+00   4.714550920703130393e-02
  9.798510400000000664e+04   8.502649455204049591e+05   1.710361333333333278e+03   1.549723844733055557e+04   0.000000000000000000e+00   5.197260004115785564e-02
  9.698525600000000850e+04   8.501934971755773295e+05   1.692908666666666704e+03   1.550589089805438925e+04   0.000000000000000000e+00   5.254128936401748773e-02
  9.598540799999999581e+04   8.501212103774314746e+05   1.675456000000000131e+03   1.551481657733001339e+04   0.000000000000000000e+00   5.372799655571239980e-02
  9.498555999999999767e+04   8.500480640307568246e+05   1.658003333333333558e+03   1.552397261475905179e+04   0.000000000000000000e+00   4.808145842045214585e-02
  9.398571199999999953e+04   8.499740447249840945e+05   1.640550666666666757e+03   1.553364737677875928e+04   0.000000000000000000e+00   4.174597889578705173e-02
  9.298586400000000140e+04   8.498991467308540596e+05   1.623097999999999956e+03   1.554347864672847754e+04   0.000000000000000000e+00   1.406911606437675176e-02
  9.198601600000000326e+04   8.498233734634988941e+05   1.605645333333333383e+03   1.555359758628071540e+04   0.000000000000000000e+00  -5.850644665407085665e-03
  9.098616800000000512e+04   8.497467060585694853e+05   1.588192666666666810e+03   1.556405117949118176e+04   0.000000000000000000e+00  -1.114151568998175690e-02
  8.998632000000000698e+04   8.496691229879527818e+05   1.570740000000000009e+03   1.557486484117858163e+04   0.000000000000000000e+00  -1.455256034411013533e-02
  8.898647200000000885e+04   8.495906271919164574e+05   1.553287333333333436e+03   1.558601873093432914e+04   0.000000000000000000e+00   3.635047706762510600e-02
  8.798662400000001071e+04   8.495111558473595651e+05   1.535834666666666635e+03   1.559765262534426620e+04   0.000000000000000000e+00   1.776420959609231742e-02
  8.698677600000001257e+04   8.494307170709017664e+05   1.518382000000000062e+03   1.560968466814938802e+04   0.000000000000000000e+00   2.431440039473952078e-05
  8.598692800000001444e+04   8.493492967798430473e+05   1.500929333333333489e+03   1.562215194519706529e+04   0.000000000000000000e+00  -1.621885872128582540e-02
  8.498708000000001630e+04   8.492668795847519068e+05   1.483476666666666688e+03   1.563508445320489045e+04   0.000000000000000000e+00  -3.178186306824616614e-02
  8.398723200000000361e+04   8.491834490914571797e+05   1.466024000000000115e+03   1.564851102288012225e+04   0.000000000000000000e+00  -4.713783220217455938e-02
  8.298738400000000547e+04   8.490989881039902102e+05   1.448571333333333314e+03   1.566246448049201172e+04   0.000000000000000000e+00  -6.129559278281115908e-02
  8.198753600000000733e+04   8.490134743789659115e+05   1.431118666666666741e+03   1.567701235897809784e+04   0.000000000000000000e+00  -6.543817196530347935e-02
  8.098768800000000920e+04   8.489268904466615058e+05   1.413665999999999940e+03   1.569217087223499220e+04   0.000000000000000000e+00  -6.815472407375197661e-02
  7.998784000000001106e+04   8.488392218621971551e+05   1.396213333333333367e+03   1.570797149653344422e+04   0.000000000000000000e+00  -7.229135126806784939e-02
  7.898799199999999837e+04   8.487504476998501923e+05   1.378760666666666793e+03   1.572447606986376741e+04   0.000000000000000000e+00  -7.358003135625407198e-02
  7.798814400000001478e+04   8.486605514032487990e+05   1.361307999999999993e+03   1.574174033837749266e+04   0.000000000000000000e+00  -7.093825616836689496e-02
  7.698829600000000210e+04   8.485695182899803622e+05   1.343855333333333419e+03   1.575979229492530249e+04   0.000000000000000000e+00  -7.159365590112543032e-02
  7.598844800000000396e+04   8.484773278836986283e+05   1.326402666666666619e+03   1.577816300466694520e+04   0.000000000000000000e+00   2.444969694169171065e-02
  7.498860000000000582e+04   8.483839552011144115e+05   1.308950000000000045e+03   1.579800362628431503e+04   0.000000000000000000e+00   3.562265252057338072e-02
  7.398875200000000768e+04   8.482893795550345676e+05   1.291497333333333472e+03   1.581885600301982777e+04   0.000000000000000000e+00   3.212410445756133659e-02
  7.298890400000000955e+04   8.481935609908479964e+05   1.274044666666666672e+03   1.584080235657545200e+04   0.000000000000000000e+00   3.228150400386430030e-02
  7.198905599999999686e+04   8.480964732170796487e+05   1.256592000000000098e+03   1.586394271905485039e+04   0.000000000000000000e+00   4.301770098346372612e-02
  7.098920800000001327e+04   8.479980955433832714e+05   1.239139333333333298e+03   1.588838407628339155e+04   0.000000000000000000e+00   5.844583375197368730e-02
  6.998936000000001513e+04   8.478983988715789746e+05   1.221686666666666724e+03   1.591422321851854031e+04   0.000000000000000000e+00   6.318523904925354984e-02
  6.898951200000000244e+04   8.477973587125175400e+05   1.204234000000000151e+03   1.594159807965901928e+04   0.000000000000000000e+00   6.245800475537068019e-02
  6.798966400000000431e+04   8.476949530583039159e+05   1.186781333333333350e+03   1.597068874957856133e+04   0.000000000000000000e+00   6.807754634079080103e-02
  6.698981600000000617e+04   8.475911479357259814e+05   1.169328666666666777e+03   1.600167090721248678e+04   0.000000000000000000e+00   7.523244233469456033e-02
  6.598996800000000803e+04   8.474859071491615614e+05   1.151875999999999976e+03   1.603474007699932008e+04   0.000000000000000000e+00   7.755030396361414780e-02
  6.499011999999999534e+04   8.473791867440834176e+05   1.134423333333333403e+03   1.607013829877143871e+04   0.000000000000000000e+00   7.679306729400187104e-02
  6.399027199999999721e+04   8.472708720638869563e+05   1.116970666666666830e+03   1.610944856754139801e+04   0.000000000000000000e+00  -2.214828143604714167e-02
  6.299042400000001362e+04   8.471611039798734710e+05   1.099518000000000029e+03   1.614914101165704596e+04   0.000000000000000000e+00   8.633797033217224803e-02
  6.199057600000000093e+04   8.470496100324925501e+05   1.082065333333333456e+03   1.619466619053197792e+04   0.000000000000000000e+00   1.462085136937982255e-02
  6.099072800000000279e+04   8.469364685939018382e+05   1.064612666666666655e+03   1.624268633897330619e+04   0.000000000000000000e+00  -5.445966126372261268e-02
  5.999088000000000466e+04   8.468215509645638522e+05   1.047160000000000082e+03   1.629510735892203957e+04   0.000000000000000000e+00  -4.371027716026472387e-02
  5.899103200000000652e+04   8.467048049843683839e+05   1.029707333333333509e+03   1.635255088729437557e+04   0.000000000000000000e+00  -5.795104086969956464e-02
  5.799118400000000838e+04   8.465861240299459314e+05   1.012254666666666708e+03   1.641588624930122751e+04   0.000000000000000000e+00  -7.555960158034814855e-02
  5.699133599999999569e+04   8.464653645279241027e+05   9.948019999999999072e+02   1.648619710644475344e+04   0.000000000000000000e+00  -7.581324023380280053e-02
  5.599148800000001211e+04   8.463423574866157724e+05   9.773493333333333339e+02   1.656478128343322896e+04   0.000000000000000000e+00  -7.389859340745354166e-02
  5.499163999999999942e+04   8.462169158222393598e+05   9.598966666666667606e+02   1.665336100192957383e+04   0.000000000000000000e+00  -8.124225319873221163e-02
  5.399179200000000128e+04   8.460887610459607095e+05   9.424439999999999600e+02   1.675424769566684699e+04   0.000000000000000000e+00  -8.691044699002486995e-02
  5.299194400000000314e+04   8.459574914796509547e+05   9.249913333333333867e+02   1.687047949429153959e+04   0.000000000000000000e+00  -8.586901902143842524e-02
  5.199209600000000501e+04   8.458227311311759986e+05   9.075386666666665860e+02   1.700377548807525091e+04   0.000000000000000000e+00   1.116081455474464412e-02
  5.099224800000000687e+04   8.456833049957805779e+05   8.900860000000000127e+02   1.716537105444362896e+04   0.000000000000000000e+00   6.004600977668101552e-02
  4.999239999999999418e+04   8.455380749077397631e+05   8.726333333333334394e+02   1.736156243327438642e+04   0.000000000000000000e+00   6.494360144852215355e-02
  4.899255200000001059e+04   8.453848130576735130e+05   8.551806666666666388e+02   1.760640852809763237e+04   0.000000000000000000e+00   8.474498775777140891e-02
  4.799270400000001246e+04   8.452194809707188979e+05   8.377280000000000655e+02   1.792346302023322642e+04   0.000000000000000000e+00   9.221604865077376312e-02
  4.699285599999999977e+04   8.450337597320636269e+05   8.202753333333332648e+02   1.835674238600963145e+04   0.000000000000000000e+00   9.692753485034916183e-02
  4.599300800000000163e+04   8.448068128383507719e+05   8.028226666666664642e+02   1.900582915326330112e+04   0.000000000000000000e+00  -8.529321169076756193e-02
  4.499316000000000349e+04   8.444682944276533090e+05   7.853700000000001182e+02   2.015718083173515697e+04   0.000000000000000000e+00   3.935293202668202484e-02
  4.399331200000000536e+04   8.418286774026710773e+05   7.679173333333333176e+02   2.774053280746538439e+04   0.000000000000000000e+00  -1.001581409979277471e-01
  4.299346400000000722e+04   8.380705987840414746e+05   7.504646666666667443e+02   3.317556543128555495e+04   0.000000000000000000e+00   6.777905994697054626e-02
  4.199361599999999453e+04   8.349438801747392863e+05   7.330119999999999436e+02   3.584533267351310496e+04   0.000000000000000000e+00  -9.875033129629143258e-02
  4.099376800000001094e+04   8.308728214836844709e+05   7.155593333333331429e+02   3.824780480269989494e+04   0.000000000000000000e+00  -1.056959429523259414e-01
  3.999391999999999825e+04   8.239233367820747662e+05   6.981066666666667970e+02   4.083208281701071974e+04   0.000000000000000000e+00   4.516807825624460232e-02
  3.899407200000000012e+04   8.077216522198134335e+05   6.806539999999999964e+02   4.282874395767039096e+04   0.000000000000000000e+00   1.156242936188410925e-01
  3.799422400000000198e+04   7.867594010131566320e+05   6.632013333333334231e+02   4.067121489246786950e+04   0.000000000000000000e+00   1.574460665490440003e-01
  3.699437600000000384e+04   7.755901133645619266e+05   6.457486666666666224e+02   3.719972738704173389e+04   0.000000000000000000e+00   2.640127057508243058e-01
  3.599452800000000570e+04   7.669058240684022894e+05   6.282959999999998217e+02   3.382890058659449278e+04   0.000000000000000000e+00  -4.094432533067136060e-01
  3.499468000000000757e+04   5.406272652396342019e+05   6.108433333333334758e+02   7.898511595670402130e+03   0.000000000000000000e+00  -1.277323456343428006e+03
  3.399483199999999488e+04   5.326188327700138325e+05   5.933906666666666752e+02   6.821990298075310420e+03   0.000000000000000000e+00  -1.263750311617400257e+03
  3.299498399999999674e+04   5.244695155160822906e+05   5.759380000000001019e+02   5.642702555959042002e+03   0.000000000000000000e+00  -1.256269596536599011e+03
  3.199513599999999860e+04   5.161704398315433646e+05   5.584853333333335286e+02   4.355805222234900612e+03   0.000000000000000000e+00  -1.254438106679033808e+03
  3.099528800000000047e+04   5.077125149534805096e+05   5.410326666666665005e+02   2.956867877542236783e+03   0.000000000000000000e+00  -1.257827659252343892e+03
  2.999544000000001688e+04   4.990883232123587513e+05   5.235799999999999272e+02   1.444049677779475587e+03   0.000000000000000000e+00  -1.266146823157274412e+03
  2.899559199999998964e+04   4.902907517687912914e+05   5.061273333333333539e+02  -1.838391725693394108e+02   0.000000000000000000e+00  -1.279220791239142272e+03
  2.799574399999999150e+04   4.813104466309598647e+05   4.886746666666667807e+02  -1.930367182372381649e+03   0.000000000000000000e+00  -1.296896275306140751e+03
  2.699589600000000792e+04   4.721360048536300892e+05   4.712220000000002074e+02  -3.803502331250195311e+03   0.000000000000000000e+00  -1.318888593345992376e+03
  2.599604800000000978e+04   4.627589004962401232e+05   4.537693333333331793e+02  -5.793880750436446760e+03   0.000000000000000000e+00  -1.345177043376498887e+03
  2.499620000000001164e+04   4.531710835161944269e+05   4.363166666666666060e+02  -7.913645414595051989e+03   0.000000000000000000e+00  -1.375512704763243391e+03
  2.399635199999999895e+04   4.433603206720615854e+05   4.188640000000000327e+02  -1.016466840679048437e+04   0.000000000000000000e+00  -1.409806050110721344e+03
  2.299650400000000081e+04   4.333124153033985640e+05   4.014113333333334594e+02  -1.255369114106833149e+04   0.000000000000000000e+00  -1.447784404182360504e+03
  2.199665600000000268e+04   4.230168806502809748e+05   3.839586666666668862e+02  -1.508411585478117922e+04   0.000000000000000000e+00  -1.489221628154953805e+03
  2.099680800000000454e+04   4.124590525815910078e+05   3.665059999999998581e+02  -1.776332408125239090e+04   0.000000000000000000e+00  -1.533950606530835557e+03
  1.999696000000000640e+04   1.848254466615857673e+05   3.490533333333332848e+02   3.223489193592769425e+03   0.000000000000000000e+00  -2.774103190200196423e+03
  1.899711199999999371e+04   1.759418217325633741e+05   3.316006666666667115e+02   3.067067317385836304e+03   0.000000000000000000e+00  -2.773158491731642698e+03
  1.799726399999999558e+04   1.669793841612187098e+05   3.141480000000001382e+02   2.910890363173672995e+03   0.000000000000000000e+00  -2.772230908461371655e+03
  1.699741599999999744e+04   1.579896629993878596e+05   2.966953333333335650e+02   2.754075569794134481e+03   0.000000000000000000e+00  -2.771189497206328269e+03
  1.599756799999999930e+04   1.489593618519082956e+05   2.792426666666665369e+02   2.596146194719121013e+03   0.000000000000000000e+00  -2.770504355392552498e+03
  1.499772000000000116e+04   1.398580921204857004e+05   2.617899999999999636e+02   2.437645912077865887e+03   0.000000000000000000e+00  -2.769783328871673348e+03
  1.399787200000000303e+04   1.307390199639246275e+05   2.443373333333333903e+02   2.278636816722488220e+03   0.000000000000000000e+00  -2.768974689865575783e+03
  1.299802400000000489e+04   1.215798413948851667e+05   2.268846666666668170e+02   2.118584363191170723e+03   0.000000000000000000e+00  -2.768510140910482278e+03
  1.199817600000000675e+04   1.123601450649453764e+05   2.094319999999997890e+02   1.958110879510952145e+03   0.000000000000000000e+00  -2.767937478118652507e+03
  1.099832800000000861e+04   1.031333779617525724e+05   1.919793333333332157e+02   1.797240277206413339e+03   0.000000000000000000e+00  -2.767339729858868395e+03
  9.998480000000010477e+03   9.386486790938652121e+04   1.745266666666666424e+02   1.635440537426953370e+03   0.000000000000000000e+00  -2.767056368655254118e+03
  8.998631999999983236e+03   8.455094153335488227e+04   1.570740000000000691e+02   1.473380788923105229e+03   0.000000000000000000e+00  -2.766590560770105185e+03
  7.998783999999985099e+03   7.523905891766691639e+04   1.396213333333334958e+02   1.310973310734312236e+03   0.000000000000000000e+00  -2.766195892997614465e+03
  6.998936000000016065e+03   6.588355958434825880e+04   1.221686666666664678e+02   1.147881890312575706e+03   0.000000000000000000e+00  -2.766047686499014162e+03
  5.999088000000017928e+03   5.650267428778784233e+04   1.047159999999998945e+02   9.846598927344051617e+02   0.000000000000000000e+00  -2.765670302774765787e+03
  4.999240000000019791e+03   4.712840543107697158e+04   8.726333333333332121e+01   8.211201562349463074e+02   0.000000000000000000e+00  -2.765475268318989038e+03
  3.999391999999992549e+03   3.771173402046914998e+04   6.981066666666674791e+01   6.571660776740163783e+02   0.000000000000000000e+00  -2.765413290349532872e+03
  2.999543999999994412e+03   2.829255833676359180e+04   5.235800000000017462e+01   4.932309621735740279e+02   0.000000000000000000e+00  -2.765132656379230866e+03
  1.999695999999996275e+03   1.887877668925595935e+04   3.490533333333314658e+01   3.289881013304195108e+02   0.000000000000000000e+00  -2.765125748947586089e+03
  9.998479999999981374e+02   9.430328210860756371e+03   1.745266666666657329e+01   1.646215288075575245e+02   0.000000000000000000e+00  -2.765110432421024598e+03
  0.000000000000000000e+00   8.471456435578288424e-01   0.000000000000000000e+00   4.363698220367884795e-01   0.000000000000000000e+00  -2.764955980718604678e+03
 -9.998479999999981374e+02  -9.428544233538585104e+03  -1.745266666666657329e+01  -1.640989314145887477e+02   0.000000000000000000e+00  -2.765110895959678601e+03
 -1.999695999999996275e+03  -1.887700678695737952e+04  -3.490533333333314658e+01  -3.283858925009319023e+02   0.000000000000000000e+00  -2.765126801565349524e+03
 -2.999543999999994412e+03  -2.829080889214496347e+04  -5.235800000000017462e+01  -4.925454750458153512e+02   0.000000000000000000e+00  -2.765134134268236267e+03
 -3.999391999999992549e+03  -3.770993903445871547e+04  -6.981066666666674791e+01  -6.567386469174199419e+02   0.000000000000000000e+00  -2.765415276281913975e+03
 -4.999239999999990687e+03  -4.712663751089949801e+04  -8.726333333333332121e+01  -8.205173188101385904e+02   0.000000000000000000e+00  -2.765477825735830265e+03
 -5.999088000000017928e+03  -5.650089024863926898e+04  -1.047159999999998945e+02  -9.841614972716242846e+02   0.000000000000000000e+00  -2.765673275423605446e+03
 -6.998936000000016065e+03  -6.588175860799191287e+04  -1.221686666666664678e+02  -1.147568205619320224e+03   0.000000000000000000e+00  -2.766051180365913751e+03
 -7.998783999999985099e+03  -7.523729008564913238e+04  -1.396213333333334958e+02  -1.310389869925632411e+03   0.000000000000000000e+00  -2.766199945712130102e+03
 -8.998631999999983236e+03  -8.454914285096661479e+04  -1.570740000000000691e+02  -1.473073555111636551e+03   0.000000000000000000e+00  -2.766594998490145372e+03
 -9.998479999999981374e+03  -9.386306984715018189e+04  -1.745266666666666424e+02  -1.635267829602048550e+03   0.000000000000000000e+00  -2.767061319307955273e+03
 -1.099832800000000861e+04  -1.031316039360314462e+05  -1.919793333333332157e+02  -1.796707251882349738e+03   0.000000000000000000e+00  -2.767345271284850241e+03
 -1.199817600000000675e+04  -1.123583531291202671e+05  -2.094319999999997890e+02  -1.958005558818723330e+03   0.000000000000000000e+00  -2.767943293282600280e+03
 -1.299802400000000489e+04  -1.215780614981602412e+05  -2.268846666666668170e+02  -2.118580800731641375e+03   0.000000000000000000e+00  -2.768516439674265712e+03
 -1.399787200000000303e+04  -1.307372301755619555e+05  -2.443373333333333903e+02  -2.278290263798530304e+03   0.000000000000000000e+00  -2.768981683560981764e+03
 -1.499772000000000116e+04  -1.398563328921821085e+05  -2.617899999999999636e+02  -2.437757215526402433e+03   0.000000000000000000e+00  -2.769790353746936944e+03
 -1.599756799999999930e+04  -1.489576235503364587e+05  -2.792426666666665369e+02  -2.596340386404570836e+03   0.000000000000000000e+00  -2.770511808256059339e+03
 -1.699741599999999744e+04  -1.579878801047675661e+05  -2.966953333333331102e+02  -2.753977488575554617e+03   0.000000000000000000e+00  -2.771197782271759024e+03
 -1.799726399999999558e+04  -1.669776879305291804e+05  -3.141480000000001382e+02  -2.911225846348723735e+03   0.000000000000000000e+00  -2.772238885622649377e+03
 -1.899711199999999371e+04  -1.759401559564835334e+05  -3.316006666666667115e+02  -3.067478303172185861e+03   0.000000000000000000e+00  -2.773166803504710970e+03
 -1.999696000000002095e+04  -1.848243602675220463e+05  -3.490533333333332848e+02  -3.222698021989577228e+03   0.000000000000000000e+00  -2.774109683267667151e+03
 -2.099680800000001909e+04  -1.936649924550369615e+05  -3.665059999999998581e+02  -3.377419052439247025e+03   0.000000000000000000e+00  -2.775422185292020004e+03
 -2.199665600000001723e+04  -2.024719016446534370e+05  -3.839586666666664314e+02  -3.531043672323356986e+03   0.000000000000000000e+00  -2.776628422879619848e+03
 -2.299650399999998626e+04  -2.111954655386885279e+05  -4.014113333333334594e+02  -3.683539444206763164e+03   0.000000000000000000e+00  -2.777867604514749019e+03
 -2.399635199999998440e+04  -2.198693691506956238e+05  -4.188640000000000327e+02  -3.835463336746941422e+03   0.000000000000000000e+00  -2.779504425484826243e+03
 -2.499620000000001164e+04  -2.285069707961268723e+05  -4.363166666666666060e+02  -3.986204995019539638e+03   0.000000000000000000e+00  -2.781076559408852518e+03
 -2.599604800000000978e+04  -2.370584599174496543e+05  -4.537693333333331793e+02  -4.135765271179257979e+03   0.000000000000000000e+00  -2.782662631990478530e+03
 -2.699589600000000792e+04  -2.455507483853173908e+05  -4.712219999999997526e+02  -4.284607658057790104e+03   0.000000000000000000e+00  -2.784682971904354417e+03
 -2.799574400000000605e+04  -2.540071263868131500e+05  -4.886746666666667807e+02  -4.432256346659201881e+03   0.000000000000000000e+00  -2.786727515925618263e+03
 -2.899559200000000419e+04  -2.623787822759507108e+05  -5.061273333333333539e+02  -4.578680039749605385e+03   0.000000000000000000e+00  -2.788735475965500882e+03
 -2.999544000000000233e+04  -2.706780686605485389e+05  -5.235799999999999272e+02  -4.724224879419808531e+03   0.000000000000000000e+00  -2.791195220101988525e+03
 -3.099528800000000047e+04  -2.789415917107361020e+05  -5.410326666666669553e+02  -4.868609078659244005e+03   0.000000000000000000e+00  -2.793832529295891163e+03
 -3.199513599999999860e+04  -2.871288703196630813e+05  -5.584853333333330738e+02  -5.011722225178488770e+03   0.000000000000000000e+00  -2.796383275531865365e+03
 -3.299498399999999674e+04  -2.952291926068659523e+05  -5.759380000000001019e+02  -5.153796280228254545e+03   0.000000000000000000e+00  -2.799335176743493321e+03
 -3.399483199999999488e+04  -3.032876652351198718e+05  -5.933906666666666752e+02  -5.294788773636655606e+03   0.000000000000000000e+00  -2.802672951085524346e+03
 -3.499468000000002212e+04  -3.112862303024747525e+05  -6.108433333333332484e+02  -5.434452345052995042e+03   0.000000000000000000e+00  -2.805953380048565577e+03
 -3.599452800000002026e+04  -3.191893047289560200e+05  -6.282960000000002765e+02  -5.572913195963498765e+03   0.000000000000000000e+00  -2.809480908826425093e+03
 -3.699437599999998929e+04  -3.270327075165121933e+05  -6.457486666666663950e+02  -5.710419057104519197e+03   0.000000000000000000e+00  -2.813571174755565607e+03
 -3.799422399999998743e+04  -3.348327908838404692e+05  -6.632013333333334231e+02  -5.846538613210360381e+03   0.000000000000000000e+00  -2.817809400008546163e+03
 -3.899407199999998556e+04  -3.425463418627296342e+05  -6.806539999999999964e+02  -5.981411933421515641e+03   0.000000000000000000e+00  -2.822104614330145978e+03
 -3.999392000000001281e+04  -3.501749088228553301e+05  -6.981066666666665697e+02  -6.115205920476898427e+03   0.000000000000000000e+00  -2.826951197140651857e+03
 -4.099376800000001094e+04  -3.577596913890325814e+05  -7.155593333333335977e+02  -6.247739379930415453e+03   0.000000000000000000e+00  -2.832296790766496542e+03
 -4.199361600000000908e+04  -3.652852033898553927e+05  -7.330120000000001710e+02  -6.378945962442247946e+03   0.000000000000000000e+00  -2.837710172556481211e+03
 -4.299346400000000722e+04  -3.727155107521374593e+05  -7.504646666666667443e+02  -6.508964315641072062e+03   0.000000000000000000e+00  -2.843418324485863195e+03
 -4.399331200000000536e+04  -3.800756334711782401e+05  -7.679173333333333176e+02  -6.637877708943755351e+03   0.000000000000000000e+00  -2.849829920966362806e+03
 -4.499316000000000349e+04  -3.873946852619580459e+05  -7.853699999999998909e+02  -6.765381658781359874e+03   0.000000000000000000e+00  -2.856685092545349107e+03
 -4.599300800000000163e+04  -3.946434512182101025e+05  -8.028226666666669189e+02  -6.891668671711979187e+03   0.000000000000000000e+00  -2.863664304055308548e+03
 -4.699285599999999977e+04  -4.017979831975948182e+05  -8.202753333333334922e+02  -7.016798810690354003e+03   0.000000000000000000e+00  -2.871125546603351268e+03
 -4.799270399999999790e+04  -4.088901322281326866e+05  -8.377280000000000655e+02  -7.140676829339551659e+03   0.000000000000000000e+00  -2.879385154497004351e+03
 -4.899255199999999604e+04  -4.159407698348385165e+05  -8.551806666666666388e+02  -7.263130866060088010e+03   0.000000000000000000e+00  -2.888130854076337528e+03
 -4.999240000000002328e+04  -4.229192565836178255e+05  -8.726333333333332121e+02  -7.384502019026383095e+03   0.000000000000000000e+00  -2.897093494270231986e+03
 -5.099224800000002142e+04  -4.298054941017650999e+05  -8.900860000000002401e+02  -7.504750126506573906e+03   0.000000000000000000e+00  -2.906639092420141878e+03
 -5.199209599999999045e+04  -4.366295810989875463e+05  -9.075386666666668134e+02  -7.623489975367672741e+03   0.000000000000000000e+00  -2.917084455814634111e+03
 -5.299194399999998859e+04  -4.434129027299741283e+05  -9.249913333333338414e+02  -7.740916460223518698e+03   0.000000000000000000e+00  -2.928165148627391318e+03
 -5.399179199999998673e+04  -4.501306218183663441e+05  -9.424439999999999600e+02  -7.857267739178064403e+03   0.000000000000000000e+00  -2.939562111489492963e+03
 -5.499164000000001397e+04  -4.567579708509722259e+05  -9.598966666666665333e+02  -7.972801924464662989e+03   0.000000000000000000e+00  -2.951553405312351970e+03
 -5.599148800000001211e+04  -4.633165174331918824e+05  -9.773493333333335613e+02  -8.086431463286670805e+03   0.000000000000000000e+00  -2.964531813760952900e+03
 -5.699133600000001024e+04  -4.698337208042759448e+05  -9.948020000000001346e+02  -8.198977976782069163e+03   0.000000000000000000e+00  -2.978387782561949280e+03
 -5.799118400000000838e+04  -4.762985423008126672e+05  -1.012254666666667163e+03  -8.310313971250321629e+03   0.000000000000000000e+00  -2.992726020863382473e+03
 -5.899103200000000652e+04  -4.826807407077171374e+05  -1.029707333333333281e+03  -8.420652535835923118e+03   0.000000000000000000e+00  -3.007594390866408503e+03
 -5.999088000000000466e+04  -4.889829751535818214e+05  -1.047159999999999854e+03  -8.529796607868052888e+03   0.000000000000000000e+00  -3.023433105370566409e+03
 -6.099072800000000279e+04  -4.952353157567762537e+05  -1.064612666666666883e+03  -8.637568961977071012e+03   0.000000000000000000e+00  -3.040400702893811740e+03
 -6.199057600000000093e+04  -5.014482323342394084e+05  -1.082065333333333456e+03  -8.744051173757454308e+03   0.000000000000000000e+00  -3.058174046051302867e+03
 -6.299042399999999907e+04  -5.075977778487128671e+05  -1.099518000000000484e+03  -8.849379715619654235e+03   0.000000000000000000e+00  -3.076486120926408148e+03
 -6.399027199999999721e+04  -5.136644201932557044e+05  -1.116970666666666602e+03  -8.953751976198440389e+03   0.000000000000000000e+00  -3.095570895957825542e+03
 -6.499012000000002445e+04  -5.196625424654668896e+05  -1.134423333333333176e+03  -9.056893722492917732e+03   0.000000000000000000e+00  -3.115833659400469969e+03
 -6.598996800000002258e+04  -5.256187108533286955e+05  -1.151876000000000204e+03  -9.158730741527206192e+03   0.000000000000000000e+00  -3.137300380440425670e+03
 -6.698981599999999162e+04  -5.315350885062688030e+05  -1.169328666666666777e+03  -9.259275271455579059e+03   0.000000000000000000e+00  -3.159617218609137581e+03
 -6.798966399999998976e+04  -5.373880525470029097e+05  -1.186781333333333805e+03  -9.358718783265730963e+03   0.000000000000000000e+00  -3.182569964632718893e+03
 -6.898951199999998789e+04  -5.431630118505578721e+05  -1.204233999999999924e+03  -9.457236837031749019e+03   0.000000000000000000e+00  -3.206402887952951005e+03
 -6.998936000000001513e+04  -5.488741868652000558e+05  -1.221686666666666497e+03  -9.554618567221787089e+03   0.000000000000000000e+00  -3.231499306444545255e+03
 -7.098920800000001327e+04  -5.545457172082422767e+05  -1.239139333333333525e+03  -9.650739516219991856e+03   0.000000000000000000e+00  -3.257908550626192664e+03
 -7.198905600000001141e+04  -5.601823413485542405e+05  -1.256592000000000098e+03  -9.745591785631155290e+03   0.000000000000000000e+00  -3.285307223999947837e+03
 -7.298890400000000955e+04  -5.657652726303258678e+05  -1.274044666666667126e+03  -9.839356126983995637e+03   0.000000000000000000e+00  -3.313416013101978024e+03
 -7.398875200000000768e+04  -5.712780140801941743e+05  -1.291497333333333245e+03  -9.932244526489110285e+03   0.000000000000000000e+00  -3.342361289850428875e+03
 -7.498859999999997672e+04  -5.767276000743014738e+05  -1.308949999999999818e+03  -1.002420364910953867e+04   0.000000000000000000e+00  -3.372520677305789832e+03
 -7.598844800000000396e+04  -5.821364171531551983e+05  -1.326402666666666846e+03  -1.011501641912539162e+04   0.000000000000000000e+00  -3.404089766920812508e+03
 -7.698829600000003120e+04  -5.875184163909192430e+05  -1.343855333333333419e+03  -1.020464844945999721e+04   0.000000000000000000e+00  -3.436876072681595360e+03
 -7.798814400000000023e+04  -5.928656764994476689e+05  -1.361308000000000447e+03  -1.029319649704913172e+04   0.000000000000000000e+00  -3.470518213342118543e+03
 -7.898799200000002747e+04  -5.981601528792037861e+05  -1.378760666666666566e+03  -1.038091170510611482e+04   0.000000000000000000e+00  -3.504899266216514206e+03
 -7.998783999999999651e+04  -6.033967744187798817e+05  -1.396213333333333139e+03  -1.046795235942783620e+04   0.000000000000000000e+00  -3.540283660471625353e+03
 -8.098768799999999464e+04  -6.085907248473409563e+05  -1.413666000000000167e+03  -1.055417833934178634e+04   0.000000000000000000e+00  -3.577036041223266693e+03
 -8.198753600000002189e+04  -6.137642054896909976e+05  -1.431118666666666741e+03  -1.063948282014766482e+04   0.000000000000000000e+00  -3.615262541360486921e+03
 -8.298738399999999092e+04  -6.189276320958535653e+05  -1.448571333333333769e+03  -1.072385608489556580e+04   0.000000000000000000e+00  -3.654723220851583847e+03
 -8.398723200000001816e+04  -6.240732441179112066e+05  -1.466023999999999887e+03  -1.080748414479347593e+04   0.000000000000000000e+00  -3.695089922481036865e+03
 -8.498707999999998719e+04  -6.291882156392389443e+05  -1.483476666666666915e+03  -1.089067681019254815e+04   0.000000000000000000e+00  -3.736322603277121289e+03
 -8.598692800000001444e+04  -6.342739128479359206e+05  -1.500929333333333034e+03  -1.097364371989311803e+04   0.000000000000000000e+00  -3.778766916114671403e+03
 -8.698677600000004168e+04  -6.393509958744317992e+05  -1.518382000000000062e+03  -1.105632077748122356e+04   0.000000000000000000e+00  -3.822886675392423513e+03
 -8.798662400000001071e+04  -6.444482367258820450e+05  -1.535834666666667090e+03  -1.113870685863296421e+04   0.000000000000000000e+00  -3.868923133456028154e+03
 -8.898647200000000885e+04  -6.495856107032623840e+05  -1.553287333333333208e+03  -1.122090726355516381e+04   0.000000000000000000e+00  -3.916788464389884211e+03
 -8.998631999999997788e+04  -6.547672406796691939e+05  -1.570740000000000236e+03  -1.130328888225855371e+04   0.000000000000000000e+00  -3.966308923676227096e+03
 -9.098616800000000512e+04  -6.599938475699796109e+05  -1.588192666666666355e+03  -1.138644097089007846e+04   0.000000000000000000e+00  -4.017677033170822142e+03
 -9.198601600000003236e+04  -6.652867554875627393e+05  -1.605645333333333383e+03  -1.147096561522759293e+04   0.000000000000000000e+00  -4.071703756726453776e+03
 -9.298586400000000140e+04  -6.707027297422918491e+05  -1.623098000000000411e+03  -1.155729845935412413e+04   0.000000000000000000e+00  -4.129672598599954654e+03
 -9.398571200000002864e+04  -6.763331953526635189e+05  -1.640550666666666530e+03  -1.164630107440976826e+04   0.000000000000000000e+00  -4.193074051485114069e+03
 -9.498555999999999767e+04  -6.822983470370233990e+05  -1.658003333333333558e+03  -1.173980253736706800e+04   0.000000000000000000e+00  -4.263727372164113149e+03
 -9.598540799999999581e+04  -6.887775869849901646e+05  -1.675455999999999676e+03  -1.184111845089394592e+04   0.000000000000000000e+00  -4.345152777564254393e+03
 -9.698525600000002305e+04  -6.962318303565358510e+05  -1.692908666666666704e+03  -1.195680179961434987e+04   0.000000000000000000e+00  -4.447948216943718762e+03
 -9.798510399999999208e+04  -8.502649203000878915e+05  -1.710361333333333732e+03  -1.549728751080722395e+04   0.000000000000000000e+00  -3.564712018235928481e-02
 -9.898495200000001932e+04  -8.503355195523924194e+05  -1.727813999999999851e+03  -1.548893928797506669e+04   0.000000000000000000e+00  -4.666547659796158043e-02
 -9.998479999999998836e+04  -8.504053322240604321e+05  -1.745266666666666879e+03  -1.548081964382008118e+04   0.000000000000000000e+00  -4.092093212223781723e-02
 -1.009846480000000156e+05  -8.504743452897354728e+05  -1.762719333333332997e+03  -1.547293053196459732e+04   0.000000000000000000e+00  -3.375624262981792578e-02
 -1.019844960000000137e+05  -8.505425708302758867e+05  -1.780172000000000025e+03  -1.546525997830308370e+04   0.000000000000000000e+00  -2.594612699730578995e-02
 -1.029843440000000119e+05  -8.506100206066526007e+05  -1.797624666666667054e+03  -1.545779838966451280e+04   0.000000000000000000e+00  -1.778030788076537250e-02
 -1.039841920000000100e+05  -8.506767062261225656e+05  -1.815077333333333172e+03  -1.545053678407415100e+04   0.000000000000000000e+00  -9.923081275838140786e-03
 -1.049840399999999790e+05  -8.507426389115020866e+05  -1.832530000000000200e+03  -1.544346739623586109e+04   0.000000000000000000e+00  -2.243998910565757430e-03
 -1.059838880000000063e+05  -8.508078297577444464e+05  -1.849982666666666319e+03  -1.543658260829005121e+04   0.000000000000000000e+00   5.065685417228757079e-03
 -1.069837360000000335e+05  -8.508722896517615300e+05  -1.867435333333333347e+03  -1.542987529839224044e+04   0.000000000000000000e+00   1.184328741148338825e-02
 -1.079835840000000026e+05  -8.509360294360227417e+05  -1.884888000000000375e+03  -1.542333961041791190e+04   0.000000000000000000e+00   1.728665147969214722e-02
 -1.089834320000000298e+05  -8.509990835016516503e+05  -1.902340666666666493e+03  -1.541698213928715813e+04   0.000000000000000000e+00  -9.963019341807873713e-03
 -1.099832799999999988e+05  -8.510614191084584454e+05  -1.919793333333333521e+03  -1.541077695372830931e+04   0.000000000000000000e+00  -9.477083087197590155e-03
 -1.109831279999999970e+05  -8.511230592129463330e+05  -1.937245999999999640e+03  -1.540472743432741845e+04   0.000000000000000000e+00  -2.758270362327418668e-03
 -1.119829760000000242e+05  -8.511840014899660600e+05  -1.954698666666666668e+03  -1.539881111084655822e+04   0.000000000000000000e+00   2.161441880849257480e-02
 -1.129828240000000224e+05  -8.512442857288030209e+05  -1.972151333333333696e+03  -1.539302320410084212e+04   0.000000000000000000e+00   3.376041647415833208e-02
 -1.139826720000000205e+05  -8.513039159860610962e+05  -1.989603999999999814e+03  -1.538738268354323191e+04   0.000000000000000000e+00   3.737383854261823457e-02
 -1.149825199999999604e+05  -8.513628963731128024e+05  -2.007056666666666843e+03  -1.538187820667238884e+04   0.000000000000000000e+00   3.877496620864875204e-02
 -1.159823680000000168e+05  -8.514212355000907555e+05  -2.024509333333332961e+03  -1.537650252091702714e+04   0.000000000000000000e+00   3.890779285130483572e-02
 -1.169822160000000149e+05  -8.514789424500535242e+05  -2.041961999999999989e+03  -1.537125251348004713e+04   0.000000000000000000e+00   3.790187120080248245e-02
 -1.179820640000000130e+05  -8.515360260603321949e+05  -2.059414666666667017e+03  -1.536612427540748286e+04   0.000000000000000000e+00   3.605106270721319256e-02
 -1.189819120000000112e+05  -8.515924950586350169e+05  -2.076867333333333136e+03  -1.536111314154462525e+04   0.000000000000000000e+00   3.352302101802676765e-02
 -1.199817600000000093e+05  -8.516483580623813905e+05  -2.094320000000000164e+03  -1.535621541672998137e+04   0.000000000000000000e+00   3.044946725018947073e-02
 -1.209816080000000075e+05  -8.517036234843984712e+05  -2.111772666666666282e+03  -1.535142812972084175e+04   0.000000000000000000e+00   2.711961259206608493e-02
 -1.219814560000000056e+05  -8.517582997520577628e+05  -2.129225333333333310e+03  -1.534674646693114482e+04   0.000000000000000000e+00   2.336735966768521341e-02
 -1.229813040000000037e+05  -8.518123950125083793e+05  -2.146678000000000338e+03  -1.534216776137046145e+04   0.000000000000000000e+00   1.943987761198879075e-02
 -1.239811520000000019e+05  -8.518659173155179014e+05  -2.164130666666666457e+03  -1.533768872927714438e+04   0.000000000000000000e+00   1.544299534514559716e-02
 -1.249810000000000000e+05  -8.519188745760687161e+05  -2.181583333333333485e+03  -1.533330620466356231e+04   0.000000000000000000e+00   1.147190244142334316e-02
 -1.259808479999999981e+05  -8.519712745770070469e+05  -2.199036000000000513e+03  -1.532901712709761341e+04   0.000000000000000000e+00   7.610530308700847769e-03
 -1.269806960000000545e+05  -8.520231251208147733e+05  -2.216488666666666631e+03  -1.532481839475814195e+04   0.000000000000000000e+00   3.712173737010353823e-03
 -1.279805439999999944e+05  -8.520744334490812616e+05  -2.233941333333333660e+03  -1.532070751417603242e+04   0.000000000000000000e+00   2.852737218140924424e-04
 -1.289803919999999925e+05  -8.521252070979995187e+05  -2.251393999999999778e+03  -1.531668152066778202e+04   0.000000000000000000e+00  -2.846724947909552630e-03
 -1.299802399999999907e+05  -8.521754533484475687e+05  -2.268846666666666806e+03  -1.531273775807208040e+04   0.000000000000000000e+00  -5.640062251525317441e-03
 -1.309800879999999888e+05  -8.522251793609578162e+05  -2.286299333333333834e+03  -1.530887367153666673e+04   0.000000000000000000e+00  -8.064379667187780709e-03
 -1.319799360000000452e+05  -8.522743921788597945e+05  -2.303751999999999953e+03  -1.530508680108120461e+04   0.000000000000000000e+00  -1.009870590368090217e-02
 -1.329797839999999851e+05  -8.523230985158361727e+05  -2.321204666666666981e+03  -1.530137458818426421e+04   0.000000000000000000e+00  -1.158736678519103717e-02
 -1.339796320000000414e+05  -8.523713051704437239e+05  -2.338657333333333099e+03  -1.529773468425358260e+04   0.000000000000000000e+00  -1.258060572875656369e-02
 -1.349794799999999814e+05  -8.524190190588226542e+05  -2.356110000000000127e+03  -1.529416509819183011e+04   0.000000000000000000e+00  -1.324623750837173979e-02
 -1.359793279999999795e+05  -8.524662465634886175e+05  -2.373562666666667155e+03  -1.529066352752152488e+04   0.000000000000000000e+00  -1.351158096458208481e-02
 -1.369791760000000359e+05  -8.525129943926872220e+05  -2.391015333333333274e+03  -1.528722822771205938e+04   0.000000000000000000e+00  -1.351349840548924514e-02
 -1.379790239999999758e+05  -8.525592689352979651e+05  -2.408468000000000302e+03  -1.528385731391383524e+04   0.000000000000000000e+00  -1.327385523884976395e-02
 -1.389788720000000321e+05  -8.526050762689580442e+05  -2.425920666666666420e+03  -1.528054876178849372e+04   0.000000000000000000e+00  -1.277662184322585388e-02
 -1.399787199999999721e+05  -8.526504229960365919e+05  -2.443373333333333449e+03  -1.527730128759967192e+04   0.000000000000000000e+00  -1.212811342361598543e-02
 -1.409785680000000284e+05  -8.526953147950139828e+05  -2.460826000000000477e+03  -1.527411281853689070e+04   0.000000000000000000e+00  -1.129824044057779926e-02
 -1.419784160000000265e+05  -8.527397578630411299e+05  -2.478278666666666595e+03  -1.527098197879366307e+04   0.000000000000000000e+00  -1.033701391712111943e-02
 -1.429782640000000247e+05  -8.527837579143553739e+05  -2.495731333333333623e+03  -1.526790710709926680e+04   0.000000000000000000e+00  -9.286100219943549741e-03
 -1.439781120000000228e+05  -8.528273211237390060e+05  -2.513183999999999742e+03  -1.526488703749073829e+04   0.000000000000000000e+00  -8.135869242097698226e-03
 -1.449779599999999627e+05  -8.528704528521108441e+05  -2.530636666666666770e+03  -1.526192012195183452e+04   0.000000000000000000e+00  -6.955138695431382218e-03
 -1.459778080000000191e+05  -8.529131590550497640e+05  -2.548089333333333798e+03  -1.525900519172670829e+04   0.000000000000000000e+00  -5.686804231192413468e-03
 -1.469776560000000172e+05  -8.529554449568615528e+05  -2.565541999999999916e+03  -1.525614081186162002e+04   0.000000000000000000e+00  -4.436794887596398271e-03
 -1.479775040000000154e+05  -8.529973162962162169e+05  -2.582994666666666944e+03  -1.525332579585742133e+04   0.000000000000000000e+00  -3.110706149852348387e-03
 -1.489773520000000135e+05  -8.530387784090634668e+05  -2.600447333333333063e+03  -1.525055885054119790e+04   0.000000000000000000e+00  -1.700984841275108390e-03
 -1.499772000000000116e+05  -8.530798363241022453e+05  -2.617900000000000091e+03  -1.524783884078695519e+04   0.000000000000000000e+00  -3.558647186220996049e-04
