 100    20 1.28699669e+05
 100    30 1.32822929e+05
 120    20 1.14348524e+05
 120    30 1.27172986e+05
 150    20 9.94790712e+04
 150    30 1.17979146e+05
 180    20 8.98289069e+04
 180    30 1.05084478e+05
 200    10 7.66179240e+01
 200    20 8.34819776e+04
 200    30 9.80317779e+04
 300    10 5.49316614e+03
 300    20 6.33054575e+04
 300    30 7.01238133e+04
 400    10 3.82911832e+04
 400    20 5.69738395e+04
 400    30 5.62294657e+04
 500    10 3.27586289e+04
 500    20 4.86504932e+04
 500    30 4.92438640e+04
 650    10 2.50026605e+04
 650    20 4.00065013e+04
 650    30 3.18630940e+04
