 100  20.00 1.29881784e+05
 100  30.00 1.32584557e+05
 120  20.00 1.14471467e+05
 120  30.00 1.26949392e+05
 150  20.00 9.97039665e+04
 150  30.00 1.17747001e+05
 180  20.00 9.00713317e+04
 180  30.00 1.05302418e+05
 200  10.00 1.29708033e+03
 200  12.50 2.67303036e+03
 200  15.00 7.20112859e+04
 200  17.50 7.73384703e+04
 200  20.00 8.31904580e+04
 200  25.00 9.19451220e+04
 200  30.00 9.81192545e+04
 300  10.00 6.82226649e+03
 300  20.00 6.35566586e+04
 300  30.00 7.01843820e+04
 400  10.00 3.87721053e+04
 400  20.00 5.70855440e+04
 400  30.00 5.63021784e+04
 500  10.00 3.33094455e+04
 500  20.00 4.90641075e+04
 500  30.00 4.95430801e+04
 650  10.00 2.52452090e+04
 650  20.00 4.04220282e+04
 650  30.00 3.16980363e+04
