  0.000000000000000000e+00   5.205997830810885062e+05   0.000000000000000000e+00   1.149641749577301724e-09   0.000000000000000000e+00  -4.687748766383034660e-09
  1.500000000000000000e+05   5.205997840308747254e+05   0.000000000000000000e+00   1.122591355469600655e-09   0.000000000000000000e+00  -4.690707403238564119e-09
  1.485000000000000000e+05   5.158886553633818403e+05   0.000000000000000000e+00   1.109066158415750017e-09   0.000000000000000000e+00  -4.724520395873191230e-09
  1.470000000000000000e+05   5.111764140746901976e+05   0.000000000000000000e+00   1.054965370200347467e-09   0.000000000000000000e+00  -4.841175220462652283e-09
  1.455000000000000000e+05   5.064626062204658519e+05   0.000000000000000000e+00   1.075253165781123527e-09   0.000000000000000000e+00  -4.799754304485234898e-09
  1.440000000000000000e+05   5.017472522998749046e+05   0.000000000000000000e+00   9.400011952426173563e-10   0.000000000000000000e+00  -4.842020545278517960e-09
  1.425000000000000000e+05   4.970303411781120230e+05   0.000000000000000000e+00   9.738141878772438472e-10   0.000000000000000000e+00  -4.910491855363637033e-09
  1.410000000000000000e+05   4.923119313344907714e+05   0.000000000000000000e+00   9.197133996618413997e-10   0.000000000000000000e+00  -4.941768873550666284e-09
  1.395000000000000000e+05   4.875920441191661521e+05   0.000000000000000000e+00   9.467637937695425717e-10   0.000000000000000000e+00  -5.088010066695426059e-09
  1.380000000000000000e+05   4.828706664687435841e+05   0.000000000000000000e+00   8.453248158656630991e-10   0.000000000000000000e+00  -5.037290577743486219e-09
  1.365000000000000000e+05   4.781478672360103228e+05   0.000000000000000000e+00   7.506484364887088419e-10   0.000000000000000000e+00  -5.042362526638680286e-09
  1.350000000000000000e+05   4.734236017947942019e+05   0.000000000000000000e+00   6.897850497463810756e-10   0.000000000000000000e+00  -5.190717031823103841e-09
  1.335000000000000000e+05   4.686979207774675451e+05   0.000000000000000000e+00   6.356842615309786282e-10   0.000000000000000000e+00  -5.165357287347134335e-09
  1.320000000000000000e+05   4.639708419393429067e+05   0.000000000000000000e+00   6.830224512194557568e-10   0.000000000000000000e+00  -5.182263783664447891e-09
  1.305000000000000000e+05   4.592423885783152655e+05   0.000000000000000000e+00   6.356842615309786282e-10   0.000000000000000000e+00  -5.241436520775043681e-09
  1.290000000000000000e+05   4.545125766923472402e+05   0.000000000000000000e+00   6.018712688963521373e-10   0.000000000000000000e+00  -5.236787234287782867e-09
  1.275000000000000000e+05   4.497813919424147462e+05   0.000000000000000000e+00   5.004322909924725613e-10   0.000000000000000000e+00  -5.315825104571222499e-09
  1.260000000000000000e+05   4.450487790008418960e+05   0.000000000000000000e+00   4.463315027770701138e-10   0.000000000000000000e+00  -5.325123677545744954e-09
  1.245000000000000000e+05   4.403148569454055396e+05   0.000000000000000000e+00   3.651803204539664427e-10   0.000000000000000000e+00  -5.358514007772437986e-09
  1.230000000000000000e+05   4.355796636240910157e+05   0.000000000000000000e+00   2.028779558077591521e-10   0.000000000000000000e+00  -5.339494199415460649e-09
  1.215000000000000000e+05   4.308431848507869872e+05   0.000000000000000000e+00   1.623023646462073165e-10   0.000000000000000000e+00  -5.531805595024899450e-09
  1.200000000000000000e+05   4.261054527037008083e+05   0.000000000000000000e+00   2.975543351847134092e-10   0.000000000000000000e+00  -5.273981526185871862e-09
  1.185000000000000000e+05   4.213664917541551986e+05   0.000000000000000000e+00   6.086338674232774045e-11   0.000000000000000000e+00  -5.428675967489288415e-09
  1.170000000000000000e+05   4.166262743801585166e+05   0.000000000000000000e+00   3.043169337116387281e-10   0.000000000000000000e+00  -5.454881036781123599e-09
  1.155000000000000000e+05   4.118847744105231832e+05   0.000000000000000000e+00   1.217267734846554809e-10   0.000000000000000000e+00  -5.317515754202953854e-09
  1.140000000000000000e+05   4.071420639051343896e+05   0.000000000000000000e+00  -5.410078821540243452e-11   0.000000000000000000e+00  -5.476014157177765543e-09
  1.125000000000000000e+05   4.023981572550316341e+05   0.000000000000000000e+00   1.420145690654313858e-10   0.000000000000000000e+00  -5.538568193551824872e-09
  1.110000000000000000e+05   3.976530488944784738e+05   0.000000000000000000e+00   1.623023646462073165e-10   0.000000000000000000e+00  -5.471787533098437154e-09
  1.095000000000000000e+05   3.929067874477521982e+05   0.000000000000000000e+00  -6.762598526925304638e-11   0.000000000000000000e+00  -5.442623826951071684e-09
  1.080000000000000000e+05   3.881593183174615260e+05   0.000000000000000000e+00  -9.467637937695427010e-11   0.000000000000000000e+00  -5.606194178821077440e-09
  1.065000000000000000e+05   3.834106727583683678e+05   0.000000000000000000e+00  -1.352519705385060863e-11   0.000000000000000000e+00  -5.594359631398957951e-09
  1.050000000000000000e+05   3.786608943091172259e+05   0.000000000000000000e+00  -4.057559116155182912e-11   0.000000000000000000e+00  -5.567731899699189515e-09
  1.035000000000000000e+05   3.739099803739022464e+05   0.000000000000000000e+00  -1.352519705385060928e-10   0.000000000000000000e+00  -5.646769769982629146e-09
  1.020000000000000000e+05   3.691579315647705807e+05   0.000000000000000000e+00  -1.352519705385060928e-10   0.000000000000000000e+00  -5.677624125761725972e-09
  1.005000000000000000e+05   3.644047595714796335e+05   0.000000000000000000e+00  -2.299283499154603499e-10   0.000000000000000000e+00  -5.697066596526636561e-09
  9.900000000000000000e+04   3.596504977689879597e+05   0.000000000000000000e+00  -4.328063057232194761e-10   0.000000000000000000e+00  -5.796392262390851632e-09
  9.750000000000000000e+04   3.548950937958201976e+05   0.000000000000000000e+00  -5.004322909924725613e-10   0.000000000000000000e+00  -5.936716181824551662e-09
  9.600000000000000000e+04   3.501386133546688943e+05   0.000000000000000000e+00  -5.545330792078750087e-10   0.000000000000000000e+00  -6.082112050153445759e-09
  9.450000000000000000e+04   3.453811009527942515e+05   0.000000000000000000e+00  -6.153964659502027750e-10   0.000000000000000000e+00  -6.067318865875796812e-09
  9.300000000000000000e+04   3.406225142047994887e+05   0.000000000000000000e+00  -6.221590644771279905e-10   0.000000000000000000e+00  -6.140016800040243446e-09
  9.150000000000000000e+04   3.358628871164940647e+05   0.000000000000000000e+00  -5.410078821540243710e-10   0.000000000000000000e+00  -6.061401592164737067e-09
  9.000000000000000000e+04   3.311022075251138886e+05   0.000000000000000000e+00  -7.371232394348582042e-10   0.000000000000000000e+00  -5.895295265847134278e-09
  8.850000000000000000e+04   3.263405087179903057e+05   0.000000000000000000e+00  -8.656126114464389523e-10   0.000000000000000000e+00  -5.780753753297337007e-09
  8.700000000000000000e+04   3.215777887628597673e+05   0.000000000000000000e+00  -1.271368523061957256e-09   0.000000000000000000e+00  -5.975601123354372013e-09
  8.550000000000000000e+04   3.168140584431198658e+05   0.000000000000000000e+00  -1.338994508331210238e-09   0.000000000000000000e+00  -6.148892710606833477e-09
  8.400000000000000000e+04   3.120493159127582912e+05   0.000000000000000000e+00  -1.406620493600463427e-09   0.000000000000000000e+00  -6.137058163184713988e-09
  8.250000000000000000e+04   3.072833634975044988e+05   0.000000000000000000e+00  -1.575685456773596088e-09   0.000000000000000000e+00  -6.181860378425594083e-09
  8.100000000000000000e+04   3.025166916235150420e+05   0.000000000000000000e+00  -1.846189397850608222e-09   0.000000000000000000e+00  -6.328946896386219536e-09
  7.950000000000000000e+04   2.977490522354776622e+05   0.000000000000000000e+00  -2.001729163969890245e-09   0.000000000000000000e+00  -6.508578419757673169e-09
  7.800000000000000000e+04   2.929804557332481490e+05   0.000000000000000000e+00  -2.035542156604516529e-09   0.000000000000000000e+00  -6.622697269899537188e-09
  7.650000000000000000e+04   2.882109031416297657e+05   0.000000000000000000e+00  -2.224894915358425044e-09   0.000000000000000000e+00  -6.588461614856978479e-09
  7.500000000000000000e+04   2.834404141071982449e+05   0.000000000000000000e+00  -2.502161454962362806e-09   0.000000000000000000e+00  -6.555493947038217045e-09
  7.350000000000000000e+04   2.786689933794966200e+05   0.000000000000000000e+00  -2.752377600458598880e-09   0.000000000000000000e+00  -6.542391412392299453e-09
  7.200000000000000000e+04   2.738966443284273264e+05   0.000000000000000000e+00  -2.934967760685582386e-09   0.000000000000000000e+00  -6.497166534743486105e-09
  7.050000000000000000e+04   2.691233785823212820e+05   0.000000000000000000e+00  -3.083744928277938780e-09   0.000000000000000000e+00  -6.515763680692531017e-09
  6.900000000000000000e+04   2.643492044408089714e+05   0.000000000000000000e+00  -3.151370913547192176e-09   0.000000000000000000e+00  -6.449828345055008977e-09
  6.750000000000000000e+04   2.595741301925462612e+05   0.000000000000000000e+00  -3.259572489977996864e-09   0.000000000000000000e+00  -6.438416460040822740e-09
  6.600000000000000000e+04   2.547981637373719714e+05   0.000000000000000000e+00  -3.543601628108859635e-09   0.000000000000000000e+00  -6.497166534743486105e-09
  6.450000000000000000e+04   2.500213129600333923e+05   0.000000000000000000e+00  -3.705903992755066874e-09   0.000000000000000000e+00  -6.515763680692531017e-09
  6.300000000000000000e+04   2.452435884932609915e+05   0.000000000000000000e+00  -3.874968955928199949e-09   0.000000000000000000e+00  -6.628191881202664507e-09
  6.150000000000000000e+04   2.404649954704379779e+05   0.000000000000000000e+00  -4.003458327939780490e-09   0.000000000000000000e+00  -6.600296162279097140e-09
  6.000000000000000000e+04   2.356855409043862601e+05   0.000000000000000000e+00  -4.125185101424435609e-09   0.000000000000000000e+00  -6.443065746528084382e-09
  5.850000000000000000e+04   2.309052381619219086e+05   0.000000000000000000e+00  -4.314537860178344124e-09   0.000000000000000000e+00  -6.378398398114360445e-09
  5.700000000000000000e+04   2.261240832092722703e+05   0.000000000000000000e+00  -4.774394560009265392e-09   0.000000000000000000e+00  -6.295979228567458929e-09
  5.550000000000000000e+04   2.213420881038235093e+05   0.000000000000000000e+00  -5.207200865732484972e-09   0.000000000000000000e+00  -6.361069239389114464e-09
  5.400000000000000000e+04   2.165601422150062572e+05   0.000000000000000000e+00  -5.511517799444123183e-09   0.000000000000000000e+00  -6.772742424715692926e-09
  5.250000000000000000e+04   2.117765003603943333e+05   0.000000000000000000e+00  -5.687345361144180853e-09   0.000000000000000000e+00  -6.775701061571222385e-09
  5.100000000000000000e+04   2.069920342362205265e+05   0.000000000000000000e+00  -5.667057565563405413e-09   0.000000000000000000e+00  -6.813318015877244633e-09
  4.950000000000000000e+04   2.022067602636950032e+05   0.000000000000000000e+00  -5.849647725790388505e-09   0.000000000000000000e+00  -6.734702808001737426e-09
  4.800000000000000000e+04   1.974206764817847870e+05   0.000000000000000000e+00  -5.991662294855819891e-09   0.000000000000000000e+00  -6.768093138228431285e-09
  4.650000000000000000e+04   1.926337886839033454e+05   0.000000000000000000e+00  -6.086338674232774148e-09   0.000000000000000000e+00  -6.794298207520267296e-09
  4.500000000000000000e+04   1.878461026777755469e+05   0.000000000000000000e+00  -6.140439462448176699e-09   0.000000000000000000e+00  -6.815431327916908413e-09
  4.350000000000000000e+04   1.830576167879990535e+05   0.000000000000000000e+00  -6.316267024148234369e-09   0.000000000000000000e+00  -6.695395204063984650e-09
  4.200000000000000000e+04   1.782683505503082415e+05   0.000000000000000000e+00  -6.492094585848292866e-09   0.000000000000000000e+00  -6.812472691061378955e-09
  4.050000000000000000e+04   1.734783017333849566e+05   0.000000000000000000e+00  -6.505619782902142883e-09   0.000000000000000000e+00  -7.015350646869138314e-09
  3.900000000000000000e+04   1.686874751745428948e+05   0.000000000000000000e+00  -6.525907578482919150e-09   0.000000000000000000e+00  -6.739352094488999067e-09
  3.750000000000000000e+04   1.638958755486323498e+05   0.000000000000000000e+00  -6.742310731344528526e-09   0.000000000000000000e+00  -6.508578419757673169e-09
  3.600000000000000000e+04   1.591035147428315249e+05   0.000000000000000000e+00  -7.154829241486972666e-09   0.000000000000000000e+00  -6.244837077207585837e-09
  3.450000000000000000e+04   1.543103830118668848e+05   0.000000000000000000e+00  -7.574110350156340574e-09   0.000000000000000000e+00  -6.020826001003185361e-09
  3.300000000000000000e+04   1.495164989285919874e+05   0.000000000000000000e+00  -8.027204451460337247e-09   0.000000000000000000e+00  -6.257939611853503429e-09
  3.150000000000000000e+04   1.447218525359301420e+05   0.000000000000000000e+00  -8.033967049987262670e-09   0.000000000000000000e+00  -6.358533264941517431e-09
  3.000000000000000000e+04   1.399264545668434585e+05   0.000000000000000000e+00  -8.006916655879560981e-09   0.000000000000000000e+00  -6.358533264941517431e-09
  2.850000000000000000e+04   1.351303162610770087e+05   0.000000000000000000e+00  -8.115118232310366082e-09   0.000000000000000000e+00  -6.183973690465258691e-09
  2.700000000000000000e+04   1.303334329027092463e+05   0.000000000000000000e+00  -8.331521385171974631e-09   0.000000000000000000e+00  -6.045763083071222442e-09
  2.550000000000000000e+04   1.255358082489066728e+05   0.000000000000000000e+00  -8.710226902679791660e-09   0.000000000000000000e+00  -6.135367513552982632e-09
  2.400000000000000000e+04   1.207374455104020453e+05   0.000000000000000000e+00  -8.933392654068327286e-09   0.000000000000000000e+00  -6.075772114034453589e-09
  2.250000000000000000e+04   1.159383475404056226e+05   0.000000000000000000e+00  -9.332385967156920581e-09   0.000000000000000000e+00  -6.121842316499131788e-09
  2.100000000000000000e+04   1.111385167915344500e+05   0.000000000000000000e+00  -9.454112740641576527e-09   0.000000000000000000e+00  -6.188622976952519505e-09
  1.950000000000000000e+04   1.063379637750278198e+05   0.000000000000000000e+00  -9.555551718545456207e-09   0.000000000000000000e+00  -6.476878739162710666e-09
  1.800000000000000000e+04   1.015366748833509773e+05   0.000000000000000000e+00  -9.812530462568617289e-09   0.000000000000000000e+00  -6.763021189333237218e-09
  1.650000000000000000e+04   9.673466830028407276e+04   0.000000000000000000e+00  -9.616415105287783353e-09   0.000000000000000000e+00  -6.988722915169369877e-09
  1.500000000000000000e+04   9.193193795826389396e+04   0.000000000000000000e+00  -9.345911164210771426e-09   0.000000000000000000e+00  -6.964631157917198474e-09
  1.350000000000000000e+04   8.712847667134754010e+04   0.000000000000000000e+00  -8.913104858487551019e-09   0.000000000000000000e+00  -6.803174118086856499e-09
  1.200000000000000000e+04   8.232430310391285457e+04   0.000000000000000000e+00  -8.798140683529822149e-09   0.000000000000000000e+00  -6.590997589304574685e-09
  1.050000000000000000e+04   7.751940955385428970e+04   0.000000000000000000e+00  -8.689939107099017048e-09   0.000000000000000000e+00  -6.245259739615519090e-09
  9.000000000000000000e+03   7.271380578944814624e+04   0.000000000000000000e+00  -8.750802493841344194e-09   0.000000000000000000e+00  -5.811608109076433832e-09
  7.500000000000000000e+03   6.790747409987574792e+04   0.000000000000000000e+00  -8.831953676164447606e-09   0.000000000000000000e+00  -5.356823358140706630e-09
  6.000000000000000000e+03   6.310043360205498902e+04   0.000000000000000000e+00  -9.237709587779966324e-09   0.000000000000000000e+00  -4.976427191001158246e-09
  4.500000000000000000e+03   5.829267543495949940e+04   0.000000000000000000e+00  -9.724616681718588454e-09   0.000000000000000000e+00  -4.668728958026057324e-09
  3.000000000000000000e+03   5.348418933777433995e+04   0.000000000000000000e+00  -1.023857416976491062e-08   0.000000000000000000e+00  -4.567289980122177644e-09
  1.500000000000000000e+03   4.867499456120487594e+04   0.000000000000000000e+00  -1.105008599299594805e-08   0.000000000000000000e+00  -4.268890320121598351e-09
  0.000000000000000000e+00   4.386506898293885752e+04   0.000000000000000000e+00  -1.167900765600000074e-08   0.000000000000000000e+00  -4.450212493124783340e-09
 -1.500000000000000000e+03   3.905443469590751192e+04   0.000000000000000000e+00  -1.227411632636942798e-08   0.000000000000000000e+00  -4.914718479442965422e-09
 -3.000000000000000000e+03   3.424307949758828181e+04   0.000000000000000000e+00  -1.286246239821192979e-08   0.000000000000000000e+00  -5.476014157177765543e-09
 -4.500000000000000000e+03   2.943100083701483527e+04   0.000000000000000000e+00  -1.309239074812738918e-08   0.000000000000000000e+00  -6.007723466357267769e-09
 -6.000000000000000000e+03   2.461819604405526479e+04   0.000000000000000000e+00  -1.309239074812738918e-08   0.000000000000000000e+00  -6.487022636953098799e-09
 -7.500000000000000000e+03   1.980466281536526367e+04   0.000000000000000000e+00  -1.287598759526578063e-08   0.000000000000000000e+00  -6.869954778540244217e-09
 -9.000000000000000000e+03   1.499039786576027655e+04   0.000000000000000000e+00  -1.230792931900405509e-08   0.000000000000000000e+00  -7.184415610042270561e-09
 -1.050000000000000000e+04   1.017539844252455441e+04   0.000000000000000000e+00  -1.190217340738853637e-08   0.000000000000000000e+00  -6.787535608993341874e-09
 -1.200000000000000000e+04   5.359642658887679318e+03   0.000000000000000000e+00  -1.176692143685002958e-08   0.000000000000000000e+00  -6.441375096896353026e-09
 -1.350000000000000000e+04   5.431620513133314034e+02   0.000000000000000000e+00  -1.199684978676549063e-08   0.000000000000000000e+00  -6.025475287490446175e-09
 -1.500000000000000000e+04  -4.274022037195874873e+03   0.000000000000000000e+00  -1.215915215141169745e-08   0.000000000000000000e+00  -5.686500036328315175e-09
 -1.650000000000000000e+04  -9.091857426632177521e+03   0.000000000000000000e+00  -1.256490806302721617e-08   0.000000000000000000e+00  -5.597318268254488237e-09
 -1.800000000000000000e+04  -1.391050583794977138e+04   0.000000000000000000e+00  -1.302476476285813661e-08   0.000000000000000000e+00  -5.433325253976549229e-09
 -1.950000000000000000e+04  -1.872989764252965688e+04   0.000000000000000000e+00  -1.350490925826983332e-08   0.000000000000000000e+00  -5.525888321313839705e-09
 -2.100000000000000000e+04  -2.355005533225903855e+04   0.000000000000000000e+00  -1.394447816251997749e-08   0.000000000000000000e+00  -6.079576075705848726e-09
 -2.250000000000000000e+04  -2.837099491362284607e+04   0.000000000000000000e+00  -1.426908289181239280e-08   0.000000000000000000e+00  -6.850512307775333628e-09
 -2.400000000000000000e+04  -3.319269954392340151e+04   0.000000000000000000e+00  -1.417440651243543854e-08   0.000000000000000000e+00  -7.770648369845108590e-09
 -2.550000000000000000e+04  -3.801519489243393764e+04   0.000000000000000000e+00  -1.382275138903532320e-08   0.000000000000000000e+00  -8.582160193076144371e-09
 -2.700000000000000000e+04  -4.283847040734851180e+04   0.000000000000000000e+00  -1.325469311277359766e-08   0.000000000000000000e+00  -8.831108351348582756e-09
 -2.850000000000000000e+04  -4.766254670132007595e+04   0.000000000000000000e+00  -1.255138286597336532e-08   0.000000000000000000e+00  -8.924939405909670508e-09
 -3.000000000000000000e+04  -5.248742425856866612e+04   0.000000000000000000e+00  -1.188864821033468552e-08   0.000000000000000000e+00  -9.203896595145339213e-09
 -3.150000000000000000e+04  -5.731311132254865515e+04   0.000000000000000000e+00  -1.109066158415749893e-08   0.000000000000000000e+00  -8.867457318430806073e-09
 -3.300000000000000000e+04  -6.213962172965556238e+04   0.000000000000000000e+00  -1.087425843129589038e-08   0.000000000000000000e+00  -8.010297955143023692e-09
 -3.450000000000000000e+04  -6.696695544497227820e+04   0.000000000000000000e+00  -1.073224386223045817e-08   0.000000000000000000e+00  -6.992104214432832588e-09
 -3.600000000000000000e+04  -7.179512819905845390e+04   0.000000000000000000e+00  -1.090807142393051584e-08   0.000000000000000000e+00  -6.006455479133468839e-09
 -3.750000000000000000e+04  -7.662415057620900916e+04   0.000000000000000000e+00  -1.144231670755761593e-08   0.000000000000000000e+00  -5.083783442616097670e-09
 -3.900000000000000000e+04  -8.145403394262310758e+04   0.000000000000000000e+00  -1.230792931900405509e-08   0.000000000000000000e+00  -4.766786636666474292e-09
 -4.050000000000000000e+04  -8.628478402676033147e+04   0.000000000000000000e+00  -1.306534035401968914e-08   0.000000000000000000e+00  -4.669151620433989749e-09
 -4.200000000000000000e+04  -9.111641979176345922e+04   0.000000000000000000e+00  -1.353872225090446043e-08   0.000000000000000000e+00  -4.984880439159815024e-09
 -4.350000000000000000e+04  -9.594895521628354618e+04   0.000000000000000000e+00  -1.416088131538158770e-08   0.000000000000000000e+00  -5.331463613664737124e-09
 -4.500000000000000000e+04  -1.007824049279155297e+05   0.000000000000000000e+00  -1.448548604467400300e-08   0.000000000000000000e+00  -5.847534413750724724e-09
 -4.650000000000000000e+04  -1.056167762559755793e+05   0.000000000000000000e+00  -1.434347147560857079e-08   0.000000000000000000e+00  -6.752877291542849912e-09
 -4.800000000000000000e+04  -1.104521021213499043e+05   0.000000000000000000e+00  -1.393095296546612830e-08   0.000000000000000000e+00  -7.588480872026057923e-09
 -4.950000000000000000e+04  -1.152883928748547332e+05   0.000000000000000000e+00  -1.324116791571974681e-08   0.000000000000000000e+00  -7.809110648966995688e-09
 -5.100000000000000000e+04  -1.201256559323827241e+05   0.000000000000000000e+00  -1.234850491016560597e-08   0.000000000000000000e+00  -7.955351842111755463e-09
 -5.250000000000000000e+04  -1.249652203662516549e+05   0.000000000000000000e+00  -1.159109387514997191e-08   0.000000000000000000e+00  -7.508597676926751787e-09
 -5.400000000000000000e+04  -1.298044825677821063e+05   0.000000000000000000e+00  -1.111771197826520062e-08   0.000000000000000000e+00  -6.438416460040822740e-09
 -5.550000000000000000e+04  -1.346447772613640700e+05   0.000000000000000000e+00  -1.126648914585755826e-08   0.000000000000000000e+00  -5.779063103665605651e-09
 -5.700000000000000000e+04  -1.394861329486810428e+05   0.000000000000000000e+00  -1.140174111639606339e-08   0.000000000000000000e+00  -4.690707403238564119e-09
 -5.850000000000000000e+04  -1.443285643588837411e+05   0.000000000000000000e+00  -1.202390018087319232e-08   0.000000000000000000e+00  -4.148854196268674587e-09
 -6.000000000000000000e+04  -1.491721032245322131e+05   0.000000000000000000e+00  -1.297066397464273489e-08   0.000000000000000000e+00  -4.273539606608859992e-09
 -6.150000000000000000e+04  -1.540167696784818836e+05   0.000000000000000000e+00  -1.376865060081991982e-08   0.000000000000000000e+00  -4.590959074966415795e-09
 -6.300000000000000000e+04  -1.588625928876999242e+05   0.000000000000000000e+00  -1.444491045351245047e-08   0.000000000000000000e+00  -5.133657606752171832e-09
 -6.450000000000000000e+04  -1.637096027458484750e+05   0.000000000000000000e+00  -1.491829235039722341e-08   0.000000000000000000e+00  -6.340781443808339024e-09
 -6.600000000000000000e+04  -1.685578301221346483e+05   0.000000000000000000e+00  -1.439080966529704874e-08   0.000000000000000000e+00  -7.601583406671974688e-09
 -6.750000000000000000e+04  -1.734073066808539152e+05   0.000000000000000000e+00  -1.355224744795831127e-08   0.000000000000000000e+00  -8.389003472650840720e-09
 -6.900000000000000000e+04  -1.782580662496533187e+05   0.000000000000000000e+00  -1.192246120296931264e-08   0.000000000000000000e+00  -8.743617232906486346e-09
 -7.050000000000000000e+04  -1.831101511149046710e+05   0.000000000000000000e+00  -1.069843086959583272e-08   0.000000000000000000e+00  -8.085531863755068187e-09
 -7.200000000000000000e+04  -1.879635950054181740e+05   0.000000000000000000e+00  -9.487925733276201984e-09   0.000000000000000000e+00  -7.406736036614939682e-09
 -7.350000000000000000e+04  -1.928184376622335112e+05   0.000000000000000000e+00  -8.994256040810654432e-09   0.000000000000000000e+00  -6.282454031513608085e-09
 -7.500000000000000000e+04  -1.976747324938064558e+05   0.000000000000000000e+00  -9.061882026079908654e-09   0.000000000000000000e+00  -5.656068342957151602e-09
 -7.650000000000000000e+04  -2.025325139118526131e+05   0.000000000000000000e+00  -9.359436361264622270e-09   0.000000000000000000e+00  -5.025033367913434305e-09
 -7.800000000000000000e+04  -2.073918322663816216e+05   0.000000000000000000e+00  -9.744904477299364721e-09   0.000000000000000000e+00  -4.780311833720325137e-09
 -7.950000000000000000e+04  -2.122527372593243781e+05   0.000000000000000000e+00  -1.041440173146496994e-08   0.000000000000000000e+00  -5.274826851001737540e-09
 -8.100000000000000000e+04  -2.171153749872394255e+05   0.000000000000000000e+00  -1.003569621395715291e-08   0.000000000000000000e+00  -5.981518397065431758e-09
 -8.250000000000000000e+04  -2.219797381003845658e+05   0.000000000000000000e+00  -9.494688331803127406e-09   0.000000000000000000e+00  -6.459549580437464685e-09
 -8.400000000000000000e+04  -2.268458775629968441e+05   0.000000000000000000e+00  -8.716989501206717082e-09   0.000000000000000000e+00  -6.557184596669948401e-09
 -8.550000000000000000e+04  -2.317138788890548749e+05   0.000000000000000000e+00  -8.115118232310366082e-09   0.000000000000000000e+00  -6.423623275763173793e-09
 -8.700000000000000000e+04  -2.365838092634069908e+05   0.000000000000000000e+00  -7.655261532479445641e-09   0.000000000000000000e+00  -5.979827747433700402e-09
 -8.850000000000000000e+04  -2.414557533489220368e+05   0.000000000000000000e+00  -7.722887517748698209e-09   0.000000000000000000e+00  -4.978540503040822854e-09
 -9.000000000000000000e+04  -2.463298120687688352e+05   0.000000000000000000e+00  -8.297708392537349174e-09   0.000000000000000000e+00  -4.994179012134337480e-09
 -9.150000000000000000e+04  -2.512060845790575258e+05   0.000000000000000000e+00  -8.696701705625942470e-09   0.000000000000000000e+00  -5.310753155676028432e-09
 -9.300000000000000000e+04  -2.560846682806580211e+05   0.000000000000000000e+00  -8.487061151291257689e-09   0.000000000000000000e+00  -5.926994946442096781e-09
 -9.450000000000000000e+04  -2.609656836547901330e+05   0.000000000000000000e+00  -7.939290670610308412e-09   0.000000000000000000e+00  -5.733838226016792303e-09
 -9.600000000000000000e+04  -2.658492718477799208e+05   0.000000000000000000e+00  -7.824326495652577889e-09   0.000000000000000000e+00  -5.549557416158077856e-09
 -9.750000000000000000e+04  -2.707355435711431783e+05   0.000000000000000000e+00  -7.885189882394905034e-09   0.000000000000000000e+00  -4.781157158536189987e-09
 -9.900000000000000000e+04  -2.756246885780491866e+05   0.000000000000000000e+00  -8.061017444094962704e-09   0.000000000000000000e+00  -5.177614497177186249e-09
 -1.005000000000000000e+05  -2.805168842368167825e+05   0.000000000000000000e+00  -8.297708392537349174e-09   0.000000000000000000e+00  -5.193675668678634127e-09
 -1.020000000000000000e+05  -2.854124045081023942e+05   0.000000000000000000e+00  -7.979866261771859292e-09   0.000000000000000000e+00  -6.049989707150550831e-09
 -1.035000000000000000e+05  -2.903114165724068298e+05   0.000000000000000000e+00  -7.303606409079328647e-09   0.000000000000000000e+00  -6.402490155366531848e-09
 -1.050000000000000000e+05  -2.952141312769345241e+05   0.000000000000000000e+00  -6.498857184375217461e-09   0.000000000000000000e+00  -6.187354989728720575e-09
 -1.065000000000000000e+05  -3.001208307827822282e+05   0.000000000000000000e+00  -5.829359930209612238e-09   0.000000000000000000e+00  -5.966725212787782810e-09
 -1.080000000000000000e+05  -3.050318567576751229e+05   0.000000000000000000e+00  -5.978137097801969046e-09   0.000000000000000000e+00  -4.471768275929357709e-09
 -1.095000000000000000e+05  -3.099475971581820631e+05   0.000000000000000000e+00  -6.404180804998263204e-09   0.000000000000000000e+00  -4.296363376637232465e-09
 -1.110000000000000000e+05  -3.148685025915500592e+05   0.000000000000000000e+00  -6.018712688963520753e-09   0.000000000000000000e+00  -4.691130065646497371e-09
 -1.125000000000000000e+05  -3.197951232916448498e+05   0.000000000000000000e+00  -5.274826851001737540e-09   0.000000000000000000e+00  -4.593495049414012828e-09
 -1.140000000000000000e+05  -3.247281040393877774e+05   0.000000000000000000e+00  -4.963747318763173907e-09   0.000000000000000000e+00  -3.741407635021424514e-09
 -1.155000000000000000e+05  -3.296682209999785991e+05   0.000000000000000000e+00  -4.869070939386219649e-09   0.000000000000000000e+00  -2.859311189665605465e-09
 -1.170000000000000000e+05  -3.346164669475478586e+05   0.000000000000000000e+00  -4.896121333493920511e-09   0.000000000000000000e+00  -3.014850955784887282e-09
 -1.185000000000000000e+05  -3.395741344615066191e+05   0.000000000000000000e+00  -4.645905187997684024e-09   0.000000000000000000e+00  -3.420184204992472747e-09
 -1.200000000000000000e+05  -3.445429043945495505e+05   0.000000000000000000e+00  -4.253674473436016978e-09   0.000000000000000000e+00  -3.123897857031558061e-09
 -1.215000000000000000e+05  -3.495252149375705631e+05   0.000000000000000000e+00  -4.030508722047481352e-09   0.000000000000000000e+00  -2.887206908589172419e-09
 -1.230000000000000000e+05  -3.545247404797085328e+05   0.000000000000000000e+00  -3.699141394228141452e-09   0.000000000000000000e+00  -2.533438473149392057e-09
 -1.245000000000000000e+05  -3.595467814631331712e+05   0.000000000000000000e+00  -3.455687847258830800e-09   0.000000000000000000e+00  -2.141630420995657436e-09
 -1.260000000000000000e+05  -3.646010197993845213e+05   0.000000000000000000e+00  -3.300148081139548570e-09   0.000000000000000000e+00  -1.539759152099305403e-09
 -1.275000000000000000e+05  -3.697083206302034669e+05   0.000000000000000000e+00  -3.313673278193399415e-09   0.000000000000000000e+00  -1.716009376207296118e-09
 -1.290000000000000000e+05  -4.545122398465448641e+05   0.000000000000000000e+00   4.104897305843660170e-09   0.000000000000000000e+00  -5.258765679500289662e-09
 -1.305000000000000000e+05  -4.592424005939679337e+05   0.000000000000000000e+00   1.974678769862188970e-09   0.000000000000000000e+00  -2.566406140968153077e-09
 -1.320000000000000000e+05  -4.639709275330167147e+05   0.000000000000000000e+00   3.719429189808917719e-09   0.000000000000000000e+00  -3.791704461565431928e-09
 -1.335000000000000000e+05  -4.686980771378945210e+05   0.000000000000000000e+00   2.326333893262304723e-09   0.000000000000000000e+00  -3.340301009893167851e-09
 -1.350000000000000000e+05  -4.734238231421420933e+05   0.000000000000000000e+00   3.022881541535611221e-09   0.000000000000000000e+00  -3.395669785332368505e-09
 -1.365000000000000000e+05  -4.781481474257307127e+05   0.000000000000000000e+00   2.535974447596989091e-09   0.000000000000000000e+00  -3.456955834482629317e-09
 -1.380000000000000000e+05  -4.828710455656754202e+05   0.000000000000000000e+00   2.711802009297047174e-09   0.000000000000000000e+00  -3.390175174029241600e-09
 -1.395000000000000000e+05  -4.875924634872539318e+05   0.000000000000000000e+00   2.495398856435437384e-09   0.000000000000000000e+00  -3.408349657570353672e-09
 -1.410000000000000000e+05  -4.923124178040174302e+05   0.000000000000000000e+00   2.502161454962362806e-09   0.000000000000000000e+00  -3.342414321932831632e-09
 -1.425000000000000000e+05  -4.970308594273853814e+05   0.000000000000000000e+00   2.326333893262304723e-09   0.000000000000000000e+00  -3.286200221677765300e-09
 -1.440000000000000000e+05  -5.017478005527818459e+05   0.000000000000000000e+00   2.380434681477707274e-09   0.000000000000000000e+00  -3.352980882131152604e-09
 -1.455000000000000000e+05  -5.064631893301408854e+05   0.000000000000000000e+00   2.353384287370005998e-09   0.000000000000000000e+00  -3.211388975473654057e-09
 -1.470000000000000000e+05  -5.111770442253628862e+05   0.000000000000000000e+00   2.184319324196873337e-09   0.000000000000000000e+00  -3.267603075728720803e-09
 -1.485000000000000000e+05  -5.158893059008377604e+05   0.000000000000000000e+00   2.109930740400694933e-09   0.000000000000000000e+00  -3.216460924368848124e-09
 -1.500000000000000000e+05  -5.205999617365249433e+05   0.000000000000000000e+00   2.164031528616097484e-09   0.000000000000000000e+00  -3.266335088504922286e-09
