  0.000000000000000000e+00   8.600000000000001164e+05   0.000000000000000000e+00   0.000000000000000000e+00   0.000000000000000000e+00   0.000000000000000000e+00
  1.500000000000000000e+05   5.205996311886830954e+05   0.000000000000000000e+00   7.021616784206964335e-01   0.000000000000000000e+00   1.245594435383707288e-01
  1.485000000000000000e+05   5.158888443206742522e+05   0.000000000000000000e+00  -2.185772614215227561e-01   0.000000000000000000e+00  -2.738905172058591075e-01
  1.470000000000000000e+05   5.111764678045206238e+05   0.000000000000000000e+00   2.988921570584599993e-02   0.000000000000000000e+00   1.771202575172277083e-01
  1.455000000000000000e+05   5.064626991002575378e+05   0.000000000000000000e+00   2.233024949282086391e-02   0.000000000000000000e+00  -9.116158180407198108e-02
  1.440000000000000000e+05   5.017473494818286272e+05   0.000000000000000000e+00  -2.631004866693623795e-02   0.000000000000000000e+00   4.238104336424457913e-02
  1.425000000000000000e+05   4.970304708240580512e+05   0.000000000000000000e+00   1.897554349781548771e-02   0.000000000000000000e+00  -1.914288400876824892e-02
  1.410000000000000000e+05   4.923120701294240425e+05   0.000000000000000000e+00  -1.177129459083343932e-02   0.000000000000000000e+00   8.967028992348557645e-03
  1.395000000000000000e+05   4.875921806626350153e+05   0.000000000000000000e+00   6.823980802650603424e-03   0.000000000000000000e+00  -4.638907593723696349e-03
  1.380000000000000000e+05   4.828708360895283986e+05   0.000000000000000000e+00  -3.783120331115284122e-03   0.000000000000000000e+00   2.743326648157263029e-03
  1.365000000000000000e+05   4.781480557629379909e+05   0.000000000000000000e+00   1.982064661489344164e-03   0.000000000000000000e+00  -1.815241953927413396e-03
  1.350000000000000000e+05   4.734238272045608028e+05   0.000000000000000000e+00  -9.301188175412631633e-04   0.000000000000000000e+00   1.263388455222729141e-03
  1.335000000000000000e+05   4.686981977264148300e+05   0.000000000000000000e+00   3.273575230527825267e-04   0.000000000000000000e+00  -8.697901189027160748e-04
  1.320000000000000000e+05   4.639711369309108122e+05   0.000000000000000000e+00  -5.328287793356514854e-06   0.000000000000000000e+00   5.581870379906950360e-04
  1.305000000000000000e+05   4.592426919463302474e+05   0.000000000000000000e+00  -1.370041286048392123e-04   0.000000000000000000e+00  -3.110555877629047217e-04
  1.290000000000000000e+05   4.545128776678689755e+05   0.000000000000000000e+00   1.657850404635874224e-04   0.000000000000000000e+00   1.284379964205217394e-04
  1.275000000000000000e+05   4.497816406150899129e+05   0.000000000000000000e+00  -1.303215732344783866e-04   0.000000000000000000e+00  -1.272639143797681956e-05
  1.260000000000000000e+05   4.450490531911322614e+05   0.000000000000000000e+00   7.147676493045031177e-05   0.000000000000000000e+00  -4.160191074961698863e-05
  1.245000000000000000e+05   4.403151463881436503e+05   0.000000000000000000e+00  -1.851522487088918384e-05   0.000000000000000000e+00   4.946588655550788159e-05
  1.230000000000000000e+05   4.355799347088406794e+05   0.000000000000000000e+00  -1.288673492492472266e-05   0.000000000000000000e+00  -3.159220209637405110e-05
  1.215000000000000000e+05   4.308434474029144039e+05   0.000000000000000000e+00   2.070397629812062649e-05   0.000000000000000000e+00   8.220449930991306122e-06
  1.200000000000000000e+05   4.261056705422722152e+05   0.000000000000000000e+00  -1.300936164421334526e-05   0.000000000000000000e+00   6.841451401124040194e-06
  1.185000000000000000e+05   4.213666599973310949e+05   0.000000000000000000e+00   1.617956899565745843e-06   0.000000000000000000e+00  -9.678693435721896727e-06
  1.170000000000000000e+05   4.166263878143218462e+05   0.000000000000000000e+00   4.792960493965107905e-06   0.000000000000000000e+00   4.547721360884745473e-06
  1.155000000000000000e+05   4.118848943881364539e+05   0.000000000000000000e+00  -4.334679999790847720e-06   0.000000000000000000e+00   1.205412054304038696e-06
  1.140000000000000000e+05   4.071421914329206338e+05   0.000000000000000000e+00   6.495007705213735810e-07   0.000000000000000000e+00  -3.033492968974158359e-06
  1.125000000000000000e+05   4.023982786034710007e+05   0.000000000000000000e+00   1.725825548069071288e-06   0.000000000000000000e+00   1.280489577825147576e-06
  1.110000000000000000e+05   3.976532004902106128e+05   0.000000000000000000e+00  -1.282542416627984428e-06   0.000000000000000000e+00   7.917513802853890199e-07
  1.095000000000000000e+05   3.929069292306284769e+05   0.000000000000000000e+00  -2.496855416118159535e-07   0.000000000000000000e+00  -1.047054105298632223e-06
  1.080000000000000000e+05   3.881594603682225570e+05   0.000000000000000000e+00   7.664521090462464221e-07   0.000000000000000000e+00   2.014018886292859987e-08
  1.065000000000000000e+05   3.834108323456419166e+05   0.000000000000000000e+00  -1.381130699152821765e-07   0.000000000000000000e+00   5.303109468591026696e-07
  1.050000000000000000e+05   3.786609406593349995e+05   0.000000000000000000e+00  -3.749704823214074758e-07   0.000000000000000000e+00  -1.609891850572529116e-07
  1.035000000000000000e+05   3.739099461474011769e+05   0.000000000000000000e+00   1.400534154926230464e-07   0.000000000000000000e+00  -2.715072766084588575e-07
  1.020000000000000000e+05   3.691578311494720401e+05   0.000000000000000000e+00   1.928328959958416078e-07   0.000000000000000000e+00   1.075799375662144178e-07
  1.005000000000000000e+05   3.644045892483525095e+05   0.000000000000000000e+00  -8.573934532367911397e-08   0.000000000000000000e+00   1.384645299637247604e-07
  9.900000000000000000e+04   3.596501952808581409e+05   0.000000000000000000e+00  -1.123579735254304859e-07   0.000000000000000000e+00  -6.623835207151663979e-08
  9.750000000000000000e+04   3.548948351265232777e+05   0.000000000000000000e+00   3.863004358534408321e-08   0.000000000000000000e+00  -9.531492473786199984e-08
  9.600000000000000000e+04   3.501384572999569355e+05   0.000000000000000000e+00   7.134541445906194745e-08   0.000000000000000000e+00   1.554487311391118487e-08
  9.450000000000000000e+04   3.453809667397948215e+05   0.000000000000000000e+00  -8.624914121263195680e-09   0.000000000000000000e+00   5.096398289868246188e-08
  9.300000000000000000e+04   3.406223931303798454e+05   0.000000000000000000e+00  -4.526779413946460932e-08   0.000000000000000000e+00  -4.325787182727940393e-09
  9.150000000000000000e+04   3.358624687416006345e+05   0.000000000000000000e+00  -1.039879573486437116e-08   0.000000000000000000e+00  -4.011814038619682461e-08
  9.000000000000000000e+04   3.311018176846646238e+05   0.000000000000000000e+00   2.301364298701349483e-08   0.000000000000000000e+00  -2.111133702638657298e-08
  8.850000000000000000e+04   3.263401438436885946e+05   0.000000000000000000e+00   1.617821647595207176e-08   0.000000000000000000e+00   8.028635001148723663e-09
  8.700000000000000000e+04   3.215774515381918754e+05   0.000000000000000000e+00  -7.178758436274553275e-09   0.000000000000000000e+00   1.037668723968019190e-08
  8.550000000000000000e+04   3.168137511285716901e+05   0.000000000000000000e+00  -1.546554263119148281e-08   0.000000000000000000e+00  -6.222240894629637498e-09
  8.400000000000000000e+04   3.120490529103872250e+05   0.000000000000000000e+00  -5.878258719558148253e-09   0.000000000000000000e+00  -1.709116727708698722e-08
  8.250000000000000000e+04   3.072833691448346362e+05   0.000000000000000000e+00   4.915888929188009380e-09   0.000000000000000000e+00  -1.362338478246269654e-08
  8.100000000000000000e+04   3.025167039166642353e+05   0.000000000000000000e+00   6.039520684430982763e-09   0.000000000000000000e+00  -4.674321106807937134e-09
  7.950000000000000000e+04   2.977490709085357375e+05   0.000000000000000000e+00  -9.363597960358112821e-11   0.000000000000000000e+00  -7.003190974517838270e-10
  7.800000000000000000e+04   2.929804766982805450e+05   0.000000000000000000e+00  -5.389270826072780666e-09   0.000000000000000000e+00  -3.463880995474143466e-09
  7.650000000000000000e+04   2.882109318250729702e+05   0.000000000000000000e+00  -5.659774767149792593e-09   0.000000000000000000e+00  -8.169088970554094509e-09
  7.500000000000000000e+04   2.834404453342176857e+05   0.000000000000000000e+00  -2.705039410770121338e-09   0.000000000000000000e+00  -1.026679501361765544e-08
  7.350000000000000000e+04   2.786690246599516831e+05   0.000000000000000000e+00  -6.242398640238741450e-11   0.000000000000000000e+00  -9.073261398601174912e-09
  7.200000000000000000e+04   2.738966769487901474e+05   0.000000000000000000e+00   2.028779558077591004e-10   0.000000000000000000e+00  -6.687494668284931113e-09
  7.050000000000000000e+04   2.691234120771114249e+05   0.000000000000000000e+00  -1.373327700852523300e-09   0.000000000000000000e+00  -5.221506362616364018e-09
  6.900000000000000000e+04   2.643492406755734119e+05   0.000000000000000000e+00  -3.303269280459667582e-09   0.000000000000000000e+00  -5.462098810208898943e-09
  6.750000000000000000e+04   2.595741666522356682e+05   0.000000000000000000e+00  -4.140791098025031910e-09   0.000000000000000000e+00  -6.796086394630751143e-09
  6.600000000000000000e+04   2.547982001999861386e+05   0.000000000000000000e+00  -3.937913142217273379e-09   0.000000000000000000e+00  -8.107640358939245798e-09
  6.450000000000000000e+04   2.500213492270165880e+05   0.000000000000000000e+00  -3.027563340515789946e-09   0.000000000000000000e+00  -8.550785637410359320e-09
  6.300000000000000000e+04   2.452436194050461636e+05   0.000000000000000000e+00  -2.413727474225646987e-09   0.000000000000000000e+00  -8.162586471970514026e-09
  6.150000000000000000e+04   2.404650226579068694e+05   0.000000000000000000e+00  -2.455343465160571835e-09   0.000000000000000000e+00  -7.388464015595073050e-09
  6.000000000000000000e+04   2.356855642054467171e+05   0.000000000000000000e+00  -2.892311369977283569e-09   0.000000000000000000e+00  -6.807790892081198989e-09
  5.850000000000000000e+04   2.309052513106446713e+05   0.000000000000000000e+00  -3.589379218137276638e-09   0.000000000000000000e+00  -6.798037144205825784e-09
  5.700000000000000000e+04   2.261240902209374181e+05   0.000000000000000000e+00  -4.265639070829807282e-09   0.000000000000000000e+00  -7.071792334574628779e-09
  5.550000000000000000e+04   2.213420898821922601e+05   0.000000000000000000e+00  -4.525739014173087790e-09   0.000000000000000000e+00  -7.473321622110819108e-09
  5.400000000000000000e+04   2.165592571873425914e+05   0.000000000000000000e+00  -4.484123023238162942e-09   0.000000000000000000e+00  -7.791293802847978979e-09
  5.250000000000000000e+04   2.117755988839233469e+05   0.000000000000000000e+00  -4.369679048167118989e-09   0.000000000000000000e+00  -7.899885529193799009e-09
  5.100000000000000000e+04   2.069911247785496525e+05   0.000000000000000000e+00  -4.416497037968909547e-09   0.000000000000000000e+00  -7.657667456955368550e-09
  4.950000000000000000e+04   2.022067090356262925e+05   0.000000000000000000e+00  -4.546547009640550628e-09   0.000000000000000000e+00  -7.388138890665893944e-09
  4.800000000000000000e+04   1.974206261259750754e+05   0.000000000000000000e+00  -4.869070939386218822e-09   0.000000000000000000e+00  -7.152098192081866514e-09
  4.650000000000000000e+04   1.926337409638136160e+05   0.000000000000000000e+00  -5.524522796611286629e-09   0.000000000000000000e+00  -7.243133172252014775e-09
  4.500000000000000000e+04   1.878460578743030201e+05   0.000000000000000000e+00  -5.888662717291879672e-09   0.000000000000000000e+00  -7.485351244490445234e-09
  4.350000000000000000e+04   1.830575755725274212e+05   0.000000000000000000e+00  -6.216388645904413575e-09   0.000000000000000000e+00  -7.793894802281411834e-09
  4.200000000000000000e+04   1.782683064809543430e+05   0.000000000000000000e+00  -6.294418628907398389e-09   0.000000000000000000e+00  -8.042940498032604364e-09
  4.050000000000000000e+04   1.734782556591403845e+05   0.000000000000000000e+00  -6.216388645904413575e-09   0.000000000000000000e+00  -8.198350214180214124e-09
  3.900000000000000000e+04   1.686874351390408992e+05   0.000000000000000000e+00  -6.289216630040532680e-09   0.000000000000000000e+00  -8.299789192084093804e-09
  3.750000000000000000e+04   1.638958356553650810e+05   0.000000000000000000e+00  -6.544114574516947479e-09   0.000000000000000000e+00  -8.286784194916929530e-09
  3.600000000000000000e+04   1.591034689961983822e+05   0.000000000000000000e+00  -6.778204523525900267e-09   0.000000000000000000e+00  -8.281582196050063821e-09
  3.450000000000000000e+04   1.543103394690447894e+05   0.000000000000000000e+00  -6.991486477067391044e-09   0.000000000000000000e+00  -8.299138942225735590e-09
  3.300000000000000000e+04   1.495164508468091954e+05   0.000000000000000000e+00  -7.183960435141418984e-09   0.000000000000000000e+00  -8.252646077353124139e-09
  3.150000000000000000e+04   1.447218075757455081e+05   0.000000000000000000e+00  -7.428454381884103192e-09   0.000000000000000000e+00  -8.203227088117901554e-09
  3.000000000000000000e+04   1.399264135959077976e+05   0.000000000000000000e+00  -7.730170316162308548e-09   0.000000000000000000e+00  -8.332951934860362701e-09
  2.850000000000000000e+04   1.351302649858978402e+05   0.000000000000000000e+00  -7.829008294632755373e-09   0.000000000000000000e+00  -8.351809180752749244e-09
  2.700000000000000000e+04   1.303333800240803830e+05   0.000000000000000000e+00  -8.109916233443498719e-09   0.000000000000000000e+00  -8.379769924662152432e-09
  2.550000000000000000e+04   1.255357549938921293e+05   0.000000000000000000e+00  -8.494864149591554599e-09   0.000000000000000000e+00  -8.545583638543493611e-09
  2.400000000000000000e+04   1.207373929430276476e+05   0.000000000000000000e+00  -8.937034053275131628e-09   0.000000000000000000e+00  -8.654175364889313641e-09
  2.250000000000000000e+04   1.159382966795357061e+05   0.000000000000000000e+00  -9.072286023813638419e-09   0.000000000000000000e+00  -9.035872031745578453e-09
  2.100000000000000000e+04   1.111384686893002072e+05   0.000000000000000000e+00  -9.082690021547369837e-09   0.000000000000000000e+00  -9.206562619564607062e-09
  1.950000000000000000e+04   1.063379116391232237e+05   0.000000000000000000e+00  -9.077488022680504128e-09   0.000000000000000000e+00  -9.303124723530799311e-09
  1.800000000000000000e+04   1.015366279325520445e+05   0.000000000000000000e+00  -9.093094019281101256e-09   0.000000000000000000e+00  -9.439677193786022529e-09
  1.650000000000000000e+04   9.673461944186527398e+04   0.000000000000000000e+00  -9.020266035144981324e-09   0.000000000000000000e+00  -9.416593323814306771e-09
  1.500000000000000000e+04   9.193188001356927271e+04   0.000000000000000000e+00  -9.108700015881696730e-09   0.000000000000000000e+00  -9.375302457808561029e-09
  1.350000000000000000e+04   8.712842739607482508e+04   0.000000000000000000e+00  -9.129508011349159568e-09   0.000000000000000000e+00  -9.456258565174156151e-09
  1.200000000000000000e+04   8.232424612032252480e+04   0.000000000000000000e+00  -9.228345989819606393e-09   0.000000000000000000e+00  -9.273863479904681350e-09
  1.050000000000000000e+04   7.751934565293737978e+04   0.000000000000000000e+00  -9.472839936562291427e-09   0.000000000000000000e+00  -9.199734996051846645e-09
  9.000000000000000000e+03   7.271373661965155043e+04   0.000000000000000000e+00  -9.696525887837511969e-09   0.000000000000000000e+00  -9.035221781887220239e-09
  7.500000000000000000e+03   6.790741053550258221e+04   0.000000000000000000e+00  -1.015950378698855184e-08   0.000000000000000000e+00  -9.024492659224310540e-09
  6.000000000000000000e+03   6.310036790855360596e+04   0.000000000000000000e+00  -1.050283571220168369e-08   0.000000000000000000e+00  -9.144138633162220203e-09
  4.500000000000000000e+03   5.829259903161260445e+04   0.000000000000000000e+00  -1.073692566121063566e-08   0.000000000000000000e+00  -9.245252486136919948e-09
  3.000000000000000000e+03   5.348411330118464684e+04   0.000000000000000000e+00  -1.099182360568705211e-08   0.000000000000000000e+00  -9.504051929763484029e-09
  1.500000000000000000e+03   4.867491039744182490e+04   0.000000000000000000e+00  -1.092419762041779789e-08   0.000000000000000000e+00  -9.544692545910871557e-09
  0.000000000000000000e+00   4.386498939200350287e+04   0.000000000000000000e+00  -1.095020761475212643e-08   0.000000000000000000e+00  -9.594436660075274076e-09
 -1.500000000000000000e+03   3.905434974518981471e+04   0.000000000000000000e+00  -1.079934964761302417e-08   0.000000000000000000e+00  -9.805117614183331999e-09
 -3.000000000000000000e+03   3.424299025124865875e+04   0.000000000000000000e+00  -1.065369367934078596e-08   0.000000000000000000e+00  -9.706279635712885174e-09
 -4.500000000000000000e+03   2.943090937623510399e+04   0.000000000000000000e+00  -1.035717974392944549e-08   0.000000000000000000e+00  -9.318080470273038226e-09
 -6.000000000000000000e+03   2.461810544051001125e+04   0.000000000000000000e+00  -1.000344382098258386e-08   0.000000000000000000e+00  -8.814787079903790765e-09
 -7.500000000000000000e+03   1.980456243707632893e+04   0.000000000000000000e+00  -1.010748379831989640e-08   0.000000000000000000e+00  -8.167138220979019868e-09
 -9.000000000000000000e+03   1.499029067426309666e+04   0.000000000000000000e+00  -1.021152377565720893e-08   0.000000000000000000e+00  -7.598819844773951039e-09
 -1.050000000000000000e+04   1.017528754544749245e+04   0.000000000000000000e+00  -1.039359373599750545e-08   0.000000000000000000e+00  -7.261015043356865651e-09
 -1.200000000000000000e+04   5.359533582921815650e+03   0.000000000000000000e+00  -1.077854165214556133e-08   0.000000000000000000e+00  -6.897525372534630822e-09
 -1.350000000000000000e+04   5.430575750992210260e+02   0.000000000000000000e+00  -1.121550955696227265e-08   0.000000000000000000e+00  -6.799012518993363104e-09
 -1.500000000000000000e+04  -4.274159671110425734e+03   0.000000000000000000e+00  -1.167848745611331252e-08   0.000000000000000000e+00  -7.009693473101420200e-09
 -1.650000000000000000e+04  -9.091967795798153020e+03   0.000000000000000000e+00  -1.184495141985301191e-08   0.000000000000000000e+00  -7.121536448739031299e-09
 -1.800000000000000000e+04  -1.391058327268531320e+04   0.000000000000000000e+00  -1.179813343005122218e-08   0.000000000000000000e+00  -7.117634949588882016e-09
 -1.950000000000000000e+04  -1.872997158916078843e+04   0.000000000000000000e+00  -1.198540538925838441e-08   0.000000000000000000e+00  -7.182334810495523450e-09
 -2.100000000000000000e+04  -2.355012319768995076e+04   0.000000000000000000e+00  -1.224550533260166492e-08   0.000000000000000000e+00  -7.047407964886196594e-09
 -2.250000000000000000e+04  -2.837105438870936996e+04   0.000000000000000000e+00  -1.237555530427330600e-08   0.000000000000000000e+00  -7.120235949022314871e-09
 -2.400000000000000000e+04  -3.319275888739826041e+04   0.000000000000000000e+00  -1.264605924535031793e-08   0.000000000000000000e+00  -7.142669569135673243e-09
 -2.550000000000000000e+04  -3.801524355121391272e+04   0.000000000000000000e+00  -1.226111132920226205e-08   0.000000000000000000e+00  -7.301330534575074072e-09
 -2.700000000000000000e+04  -4.283852199566475610e+04   0.000000000000000000e+00  -1.202702138019331009e-08   0.000000000000000000e+00  -7.141043944489777709e-09
 -2.850000000000000000e+04  -4.766259378697852662e+04   0.000000000000000000e+00  -1.189697140852166901e-08   0.000000000000000000e+00  -6.758371902845975577e-09
 -3.000000000000000000e+04  -5.248747194057700835e+04   0.000000000000000000e+00  -1.185015341871987762e-08   0.000000000000000000e+00  -6.583779815876797686e-09
 -3.150000000000000000e+04  -5.731315860227493977e+04   0.000000000000000000e+00  -1.175651743911629651e-08   0.000000000000000000e+00  -6.267108134856353415e-09
 -3.300000000000000000e+04  -6.213966821140699903e+04   0.000000000000000000e+00  -1.162126546857779137e-08   0.000000000000000000e+00  -5.867529596895238554e-09
 -3.450000000000000000e+04  -6.696700517206500808e+04   0.000000000000000000e+00  -1.174611344138256674e-08   0.000000000000000000e+00  -5.541754417857779292e-09
 -3.600000000000000000e+04  -7.179517925019217364e+04   0.000000000000000000e+00  -1.157964947764286569e-08   0.000000000000000000e+00  -5.280028849868602422e-09
 -3.750000000000000000e+04  -7.662420145935598703e+04   0.000000000000000000e+00  -1.152242749010734454e-08   0.000000000000000000e+00  -5.033584153550843574e-09
 -3.900000000000000000e+04  -8.145408329356473405e+04   0.000000000000000000e+00  -1.141318551390316630e-08   0.000000000000000000e+00  -4.633030240802191393e-09
 -4.050000000000000000e+04  -8.628482984748430317e+04   0.000000000000000000e+00  -1.168368945498017823e-08   0.000000000000000000e+00  -4.527039513889804218e-09
 -4.200000000000000000e+04  -9.111646689517478808e+04   0.000000000000000000e+00  -1.182934542325241644e-08   0.000000000000000000e+00  -4.307580186693911237e-09
 -4.350000000000000000e+04  -9.594900156941403111e+04   0.000000000000000000e+00  -1.183974942098614786e-08   0.000000000000000000e+00  -4.146318221821076727e-09
 -4.500000000000000000e+04  -1.007824550706274458e+05   0.000000000000000000e+00  -1.202702138019331009e-08   0.000000000000000000e+00  -3.694394570262126079e-09
 -4.650000000000000000e+04  -1.056168367467041826e+05   0.000000000000000000e+00  -1.240156529860763455e-08   0.000000000000000000e+00  -3.400481634284218873e-09
 -4.800000000000000000e+04  -1.104534055109373585e+05   0.000000000000000000e+00  -1.270848323175270479e-08   0.000000000000000000e+00  -3.199879552980713262e-09
 -4.950000000000000000e+04  -1.152896318052614079e+05   0.000000000000000000e+00  -1.308822914903389496e-08   0.000000000000000000e+00  -3.125100819269520343e-09
 -5.100000000000000000e+04  -1.201268711644194555e+05   0.000000000000000000e+00  -1.324949111390673029e-08   0.000000000000000000e+00  -3.163790685841833230e-09
 -5.250000000000000000e+04  -1.249651171960921201e+05   0.000000000000000000e+00  -1.340034908104583256e-08   0.000000000000000000e+00  -3.465181495190859893e-09
 -5.400000000000000000e+04  -1.298043768735971389e+05   0.000000000000000000e+00  -1.318186512863747607e-08   0.000000000000000000e+00  -3.785429550432274753e-09
 -5.550000000000000000e+04  -1.346446821728565847e+05   0.000000000000000000e+00  -1.256802926234733394e-08   0.000000000000000000e+00  -4.125185101424435609e-09
 -5.700000000000000000e+04  -1.394860426555261656e+05   0.000000000000000000e+00  -1.222989933600106779e-08   0.000000000000000000e+00  -4.233451702841075705e-09
 -5.850000000000000000e+04  -1.443284815278137685e+05   0.000000000000000000e+00  -1.164207346404525421e-08   0.000000000000000000e+00  -4.012041626070108084e-09
 -6.000000000000000000e+04  -1.491720158890541352e+05   0.000000000000000000e+00  -1.156924547990913427e-08   0.000000000000000000e+00  -3.742187934851454370e-09
 -6.150000000000000000e+04  -1.540166865290585265e+05   0.000000000000000000e+00  -1.152242749010734454e-08   0.000000000000000000e+00  -3.225564422385862288e-09
 -6.300000000000000000e+04  -1.588625142963778344e+05   0.000000000000000000e+00  -1.167848745611331252e-08   0.000000000000000000e+00  -2.858823502271836391e-09
 -6.450000000000000000e+04  -1.637095218062422646e+05   0.000000000000000000e+00  -1.180333542891808789e-08   0.000000000000000000e+00  -2.754458400005344750e-09
 -6.600000000000000000e+04  -1.685577497883152682e+05   0.000000000000000000e+00  -1.168368945498017823e-08   0.000000000000000000e+00  -2.762911648164001528e-09
 -6.750000000000000000e+04  -1.734072244878022757e+05   0.000000000000000000e+00  -1.148601349803928458e-08   0.000000000000000000e+00  -2.649443047880495309e-09
 -6.900000000000000000e+04  -1.782579831932686211e+05   0.000000000000000000e+00  -1.114268157282615437e-08   0.000000000000000000e+00  -2.502811704820720607e-09
 -7.050000000000000000e+04  -1.831100662264037237e+05   0.000000000000000000e+00  -1.134035752976704802e-08   0.000000000000000000e+00  -2.123065787539530436e-09
 -7.200000000000000000e+04  -1.879635075726727082e+05   0.000000000000000000e+00  -1.154323548557480738e-08   0.000000000000000000e+00  -2.024227809069083611e-09
 -7.350000000000000000e+04  -1.928183469566426065e+05   0.000000000000000000e+00  -1.154323548557480738e-08   0.000000000000000000e+00  -2.008296687539307790e-09
 -7.500000000000000000e+04  -1.976746255279200850e+05   0.000000000000000000e+00  -1.159005347537659711e-08   0.000000000000000000e+00  -2.117863788672664727e-09
 -7.650000000000000000e+04  -2.025324042554250336e+05   0.000000000000000000e+00  -1.128833754109839093e-08   0.000000000000000000e+00  -2.083400546179680229e-09
 -7.800000000000000000e+04  -2.073917193559845327e+05   0.000000000000000000e+00  -1.101783360002137900e-08   0.000000000000000000e+00  -1.929616454677965175e-09
 -7.950000000000000000e+04  -2.122526243108013005e+05   0.000000000000000000e+00  -1.071091566687630711e-08   0.000000000000000000e+00  -1.967330946462741155e-09
 -8.100000000000000000e+04  -2.171152785555425216e+05   0.000000000000000000e+00  -1.047682571786735515e-08   0.000000000000000000e+00  -1.951724949862144027e-09
 -8.250000000000000000e+04  -2.219796583044510044e+05   0.000000000000000000e+00  -1.016470578585541755e-08   0.000000000000000000e+00  -2.237509762610573975e-09
 -8.400000000000000000e+04  -2.268458051452393411e+05   0.000000000000000000e+00  -9.592485910500199435e-09   0.000000000000000000e+00  -2.045360929465725142e-09
 -8.550000000000000000e+04  -2.317137973328946682e+05   0.000000000000000000e+00  -9.327183968290053217e-09   0.000000000000000000e+00  -1.562875534563939278e-09
 -8.700000000000000000e+04  -2.365837345878471388e+05   0.000000000000000000e+00  -9.478041935429157136e-09   0.000000000000000000e+00  -1.155168873373346333e-09
 -8.850000000000000000e+04  -2.414556825387734571e+05   0.000000000000000000e+00  -9.571677915032738252e-09   0.000000000000000000e+00  -6.938165988682017936e-10
 -9.000000000000000000e+04  -2.463297425618808775e+05   0.000000000000000000e+00  -1.014909978925482042e-08   0.000000000000000000e+00  -5.683183762050688285e-10
 -9.150000000000000000e+04  -2.512060049484197225e+05   0.000000000000000000e+00  -1.002425181645004670e-08   0.000000000000000000e+00  -8.817388079337223413e-10
 -9.300000000000000000e+04  -2.560845933266878128e+05   0.000000000000000000e+00  -1.029995775639392434e-08   0.000000000000000000e+00  -1.277415846744688437e-09
 -9.450000000000000000e+04  -2.609656025211971719e+05   0.000000000000000000e+00  -9.816171861775421631e-09   0.000000000000000000e+00  -1.896778836830876212e-09
 -9.600000000000000000e+04  -2.658491794252487598e+05   0.000000000000000000e+00  -9.306375972822590380e-09   0.000000000000000000e+00  -2.000818814168188332e-09
 -9.750000000000000000e+04  -2.707354615283710882e+05   0.000000000000000000e+00  -8.661328113331253991e-09   0.000000000000000000e+00  -1.862315594337891301e-09
 -9.900000000000000000e+04  -2.756246047872014460e+05   0.000000000000000000e+00  -8.453248158656628923e-09   0.000000000000000000e+00  -1.259208850710658661e-09
 -1.005000000000000000e+05  -2.805167816807557829e+05   0.000000000000000000e+00  -8.593702128062001423e-09   0.000000000000000000e+00  -1.161346247027749363e-09
 -1.020000000000000000e+05  -2.854123067426427733e+05   0.000000000000000000e+00  -8.219158209647676962e-09   0.000000000000000000e+00  -1.240676729747449984e-09
 -1.035000000000000000e+05  -2.903113302520472789e+05   0.000000000000000000e+00  -7.522090361487683480e-09   0.000000000000000000e+00  -1.314805213600285103e-09
 -1.050000000000000000e+05  -2.952140537200847757e+05   0.000000000000000000e+00  -7.147546443073359846e-09   0.000000000000000000e+00  -7.035703467435748954e-10
 -1.065000000000000000e+05  -3.001207680392549373e+05   0.000000000000000000e+00  -7.074718458937240741e-09   0.000000000000000000e+00  -7.351074648739476384e-10
 -1.080000000000000000e+05  -3.050317950446301256e+05   0.000000000000000000e+00  -6.939466488398734777e-09   0.000000000000000000e+00  -4.811848951850696432e-10
 -1.095000000000000000e+05  -3.099475372612872161e+05   0.000000000000000000e+00  -6.460882592647097782e-09   0.000000000000000000e+00  -5.078451393777559904e-10
 -1.110000000000000000e+05  -3.148684607396168285e+05   0.000000000000000000e+00  -5.878258719558148253e-09   0.000000000000000000e+00  -6.336684869700681658e-10
 -1.125000000000000000e+05  -3.197950759793664329e+05   0.000000000000000000e+00  -5.368462830605317828e-09   0.000000000000000000e+00  -2.379914481591020186e-10
 -1.140000000000000000e+05  -3.247280576455806149e+05   0.000000000000000000e+00  -5.503714801143823792e-09   0.000000000000000000e+00  -2.666024419268629228e-11
 -1.155000000000000000e+05  -3.296681715881894925e+05   0.000000000000000000e+00  -5.326846839670392980e-09   0.000000000000000000e+00   1.300499716716404536e-12
 -1.170000000000000000e+05  -3.346159684863676084e+05   0.000000000000000000e+00  -4.634980990377266034e-09   0.000000000000000000e+00  -5.592148781880539404e-11
 -1.185000000000000000e+05  -3.395738470698875608e+05   0.000000000000000000e+00  -3.984731132019063936e-09   0.000000000000000000e+00   6.177373654402921698e-12
 -1.200000000000000000e+05  -3.445427031010740320e+05   0.000000000000000000e+00  -3.943115141084138261e-09   0.000000000000000000e+00   3.452826747882054143e-10
 -1.215000000000000000e+05  -3.495251770963153685e+05   0.000000000000000000e+00  -4.057559116155182214e-09   0.000000000000000000e+00   1.118429756376107881e-10
 -1.230000000000000000e+05  -3.545247157404237660e+05   0.000000000000000000e+00  -3.266855288391608443e-09   0.000000000000000000e+00  -1.749172118983564033e-10
 -1.245000000000000000e+05  -3.595467674802233814e+05   0.000000000000000000e+00  -3.225239297456683182e-09   0.000000000000000000e+00   1.417544691220881003e-10
 -1.260000000000000000e+05  -3.646010139140211395e+05   0.000000000000000000e+00  -2.699837411903256042e-09   0.000000000000000000e+00  -2.142573283290276588e-10
 -1.275000000000000000e+05  -3.697083204196883016e+05   0.000000000000000000e+00  -2.330495492355796877e-09   0.000000000000000000e+00   1.619122147311923624e-10
 -1.290000000000000000e+05  -4.545122035166979767e+05   0.000000000000000000e+00   4.650586986977862335e-09   0.000000000000000000e+00  -5.661075266866509020e-09
 -1.305000000000000000e+05  -4.592420887829609565e+05   0.000000000000000000e+00   2.127617536548037932e-09   0.000000000000000000e+00  -3.407309257796980116e-09
 -1.320000000000000000e+05  -4.639706537932440406e+05   0.000000000000000000e+00   3.792257173945035996e-09   0.000000000000000000e+00  -4.101125856665181703e-09
 -1.335000000000000000e+05  -4.686978173560712603e+05   0.000000000000000000e+00   2.559383442497884369e-09   0.000000000000000000e+00  -3.980829632868914654e-09
 -1.350000000000000000e+05  -4.734235922763745184e+05   0.000000000000000000e+00   3.162815311054295909e-09   0.000000000000000000e+00  -3.851429911055631787e-09
 -1.365000000000000000e+05  -4.781479597297367291e+05   0.000000000000000000e+00   2.725847406237583762e-09   0.000000000000000000e+00  -3.941164391509063620e-09
 -1.380000000000000000e+05  -4.828708702404445503e+05   0.000000000000000000e+00   2.861099376776090139e-09   0.000000000000000000e+00  -3.796808922953543492e-09
 -1.395000000000000000e+05  -4.875923203886968549e+05   0.000000000000000000e+00   2.705039410770121338e-09   0.000000000000000000e+00  -3.808188295474811404e-09
 -1.410000000000000000e+05  -4.923122777259637951e+05   0.000000000000000000e+00   2.705039410770121338e-09   0.000000000000000000e+00  -3.770798928619214945e-09
 -1.425000000000000000e+05  -4.970307228429815732e+05   0.000000000000000000e+00   2.600999433432809218e-09   0.000000000000000000e+00  -3.764946679893991022e-09
 -1.440000000000000000e+05  -5.017476640715065296e+05   0.000000000000000000e+00   2.569787440231615375e-09   0.000000000000000000e+00  -3.689842821253618996e-09
 -1.455000000000000000e+05  -5.064630533981021727e+05   0.000000000000000000e+00   2.548979444764152950e-09   0.000000000000000000e+00  -3.714877440800409809e-09
 -1.470000000000000000e+05  -5.111768842247900902e+05   0.000000000000000000e+00   2.439737468559975121e-09   0.000000000000000000e+00  -3.694719695191305185e-09
 -1.485000000000000000e+05  -5.158891350304660155e+05   0.000000000000000000e+00   2.413727474225646987e-09   0.000000000000000000e+00  -3.696345319837200720e-09
 -1.500000000000000000e+05  -5.205997830810895539e+05   0.000000000000000000e+00   2.351303487823259301e-09   0.000000000000000000e+00  -3.606285714454589780e-09
 -1.485000000000000000e+05  -5.158888235100454767e+05   0.000000000000000000e+00   2.496959456095496683e-09   0.000000000000000000e+00  -3.716828190375484037e-09
 -1.470000000000000000e+05  -5.111765722757467302e+05   0.000000000000000000e+00   2.507363453829228102e-09   0.000000000000000000e+00  -3.733084436834439379e-09
 -1.455000000000000000e+05  -5.064627490199826425e+05   0.000000000000000000e+00   2.507363453829228102e-09   0.000000000000000000e+00  -3.696670444766379826e-09
 -1.440000000000000000e+05  -5.017473751828091335e+05   0.000000000000000000e+00   2.569787440231615375e-09   0.000000000000000000e+00  -3.734059811621976699e-09
 -1.425000000000000000e+05  -4.970304842177388491e+05   0.000000000000000000e+00   2.684231415302658914e-09   0.000000000000000000e+00  -3.700897068845708215e-09
 -1.410000000000000000e+05  -4.923120839875802631e+05   0.000000000000000000e+00   2.798675390373702453e-09   0.000000000000000000e+00  -3.754867807089438710e-09
 -1.395000000000000000e+05  -4.875921949552204460e+05   0.000000000000000000e+00   2.819483385841164878e-09   0.000000000000000000e+00  -3.735360311338693127e-09
 -1.380000000000000000e+05  -4.828708361290807370e+05   0.000000000000000000e+00   2.855897377909224430e-09   0.000000000000000000e+00  -3.738286435701305088e-09
 -1.365000000000000000e+05  -4.781480557596430299e+05   0.000000000000000000e+00   2.892311369977283569e-09   0.000000000000000000e+00  -3.772099428335931372e-09
 -1.350000000000000000e+05  -4.734238272062865435e+05   0.000000000000000000e+00   3.037967338249520951e-09   0.000000000000000000e+00  -3.802661171678766588e-09
 -1.335000000000000000e+05  -4.686981977257494000e+05   0.000000000000000000e+00   3.001553346181461812e-09   0.000000000000000000e+00  -3.789005924653244928e-09
 -1.320000000000000000e+05  -4.639711369310346781e+05   0.000000000000000000e+00   3.194027304255489752e-09   0.000000000000000000e+00  -3.825745041650483174e-09
 -1.305000000000000000e+05  -4.592426919464674429e+05   0.000000000000000000e+00   3.162815311054295909e-09   0.000000000000000000e+00  -3.900198650432496985e-09
 -1.290000000000000000e+05  -4.545128776676721172e+05   0.000000000000000000e+00   3.266855288391608443e-09   0.000000000000000000e+00  -3.835173664596677272e-09
 -1.275000000000000000e+05  -4.497816406152794953e+05   0.000000000000000000e+00   3.318875277060264297e-09   0.000000000000000000e+00  -3.887518778194512646e-09
 -1.260000000000000000e+05  -4.450490531910099089e+05   0.000000000000000000e+00   3.391703261196382988e-09   0.000000000000000000e+00  -3.922957395475034464e-09
 -1.245000000000000000e+05  -4.403151463882019743e+05   0.000000000000000000e+00   3.448925248731904965e-09   0.000000000000000000e+00  -3.938888517004810699e-09
 -1.230000000000000000e+05  -4.355799347088347422e+05   0.000000000000000000e+00   3.495743238533695522e-09   0.000000000000000000e+00  -3.944090515871675581e-09
 -1.215000000000000000e+05  -4.308434474029010162e+05   0.000000000000000000e+00   3.630995209072201486e-09   0.000000000000000000e+00  -3.961972386976526458e-09
 -1.200000000000000000e+05  -4.261056705422925297e+05   0.000000000000000000e+00   3.729833187542648310e-09   0.000000000000000000e+00  -4.099175107090107062e-09
 -1.185000000000000000e+05  -4.213666599973239936e+05   0.000000000000000000e+00   3.646601205672798200e-09   0.000000000000000000e+00  -4.153470970263017077e-09
 -1.170000000000000000e+05  -4.166263878143242327e+05   0.000000000000000000e+00   3.771449178477573159e-09   0.000000000000000000e+00  -4.099825356948465276e-09
 -1.155000000000000000e+05  -4.118848943881421583e+05   0.000000000000000000e+00   3.875489155814885693e-09   0.000000000000000000e+00  -4.097224357515032421e-09
 -1.140000000000000000e+05  -4.071421914329199935e+05   0.000000000000000000e+00   3.901499150149213413e-09   0.000000000000000000e+00  -4.133963474512270667e-09
 -1.125000000000000000e+05  -4.023982786034733290e+05   0.000000000000000000e+00   3.880691154681751402e-09   0.000000000000000000e+00  -4.054307866863391146e-09
 -1.110000000000000000e+05  -3.976532004902136978e+05   0.000000000000000000e+00   4.052357117288316505e-09   0.000000000000000000e+00  -4.031223996891675387e-09
 -1.095000000000000000e+05  -3.929069292306300486e+05   0.000000000000000000e+00   4.073165112755779342e-09   0.000000000000000000e+00  -4.078041986693465945e-09
 -1.080000000000000000e+05  -3.881594603682245943e+05   0.000000000000000000e+00   4.208417083294285306e-09   0.000000000000000000e+00  -4.027972747599884319e-09
 -1.065000000000000000e+05  -3.834108323456443613e+05   0.000000000000000000e+00   4.286447066297269293e-09   0.000000000000000000e+00  -3.955144763463765214e-09
 -1.050000000000000000e+05  -3.786609406593370950e+05   0.000000000000000000e+00   4.442507032303238094e-09   0.000000000000000000e+00  -4.006839627203242374e-09
 -1.035000000000000000e+05  -3.739099461474033887e+05   0.000000000000000000e+00   4.546547009640550628e-09   0.000000000000000000e+00  -4.088771109356375643e-09
 -1.020000000000000000e+05  -3.691578311494740774e+05   0.000000000000000000e+00   4.567355005108012639e-09   0.000000000000000000e+00  -4.149894596042046902e-09
 -1.005000000000000000e+05  -3.644045892483544303e+05   0.000000000000000000e+00   4.660990984711593754e-09   0.000000000000000000e+00  -4.062761115022047923e-09
 -9.900000000000000000e+04  -3.596501952808602364e+05   0.000000000000000000e+00   4.817050950717562555e-09   0.000000000000000000e+00  -4.044879243917197047e-09
 -9.750000000000000000e+04  -3.548948351265254314e+05   0.000000000000000000e+00   4.827454948451293974e-09   0.000000000000000000e+00  -4.141116222954211017e-09
 -9.600000000000000000e+04  -3.501384572999590309e+05   0.000000000000000000e+00   5.066746896327112472e-09   0.000000000000000000e+00  -4.185008088393389613e-09
 -9.450000000000000000e+04  -3.453809667397968005e+05   0.000000000000000000e+00   5.129170882729499330e-09   0.000000000000000000e+00  -4.244831075362344445e-09
 -9.300000000000000000e+04  -3.406223931303817662e+05   0.000000000000000000e+00   5.207200865732484145e-09   0.000000000000000000e+00  -4.089746484143912964e-09
 -9.150000000000000000e+04  -3.358624687416026718e+05   0.000000000000000000e+00   5.389270826072780666e-09   0.000000000000000000e+00  -4.134288599441449774e-09
 -9.000000000000000000e+04  -3.311018176846666611e+05   0.000000000000000000e+00   5.493310803410093200e-09   0.000000000000000000e+00  -4.136239349016524415e-09
 -8.850000000000000000e+04  -3.263401438436906319e+05   0.000000000000000000e+00   5.576542785279942896e-09   0.000000000000000000e+00  -4.163549843067569389e-09
 -8.700000000000000000e+04  -3.215774515381939127e+05   0.000000000000000000e+00   5.805430735422029975e-09   0.000000000000000000e+00  -4.096574107656674207e-09
 -8.550000000000000000e+04  -3.168137511285737273e+05   0.000000000000000000e+00   5.951086703694267357e-09   0.000000000000000000e+00  -4.102426356381898131e-09
 -8.400000000000000000e+04  -3.120490529103892040e+05   0.000000000000000000e+00   6.107146669700236159e-09   0.000000000000000000e+00  -4.120308227486749007e-09
 -8.250000000000000000e+04  -3.072833691448366735e+05   0.000000000000000000e+00   6.315226624374860400e-09   0.000000000000000000e+00  -4.134288599441449774e-09
 -8.100000000000000000e+04  -3.025167039166662144e+05   0.000000000000000000e+00   6.564922569984410316e-09   0.000000000000000000e+00  -4.211993457515255481e-09
 -7.950000000000000000e+04  -2.977490709085376584e+05   0.000000000000000000e+00   6.590932564318738036e-09   0.000000000000000000e+00  -4.117382103124137045e-09
 -7.800000000000000000e+04  -2.929804766982825240e+05   0.000000000000000000e+00   6.819820514460825115e-09   0.000000000000000000e+00  -4.200614084993986742e-09
 -7.650000000000000000e+04  -2.882109318250749493e+05   0.000000000000000000e+00   6.939466488398734777e-09   0.000000000000000000e+00  -4.235077327486971239e-09
 -7.500000000000000000e+04  -2.834404453342197230e+05   0.000000000000000000e+00   7.043506465736047312e-09   0.000000000000000000e+00  -4.249707949300031047e-09
 -7.350000000000000000e+04  -2.786690246599536040e+05   0.000000000000000000e+00   7.199566431742015286e-09   0.000000000000000000e+00  -4.300427438251970887e-09
 -7.200000000000000000e+04  -2.738966769487920683e+05   0.000000000000000000e+00   7.386838390949177516e-09   0.000000000000000000e+00  -4.372930297458910058e-09
 -7.050000000000000000e+04  -2.691234120771133457e+05   0.000000000000000000e+00   7.501282366020222296e-09   0.000000000000000000e+00  -4.386910669413611652e-09
 -6.900000000000000000e+04  -2.643492406755753909e+05   0.000000000000000000e+00   7.636534336558727433e-09   0.000000000000000000e+00  -4.337491680178388239e-09
 -6.750000000000000000e+04  -2.595741666522376181e+05   0.000000000000000000e+00   7.787392303697829697e-09   0.000000000000000000e+00  -4.275392818705179660e-09
 -6.600000000000000000e+04  -2.547982001999880886e+05   0.000000000000000000e+00   8.016280253839917603e-09   0.000000000000000000e+00  -4.176554840234732836e-09
 -6.450000000000000000e+04  -2.500213492270185379e+05   0.000000000000000000e+00   8.312794189251258077e-09   0.000000000000000000e+00  -4.177855339951449263e-09
 -6.300000000000000000e+04  -2.452436194050481135e+05   0.000000000000000000e+00   8.624914121263195680e-09   0.000000000000000000e+00  -4.353422801708164474e-09
 -6.150000000000000000e+04  -2.404650226579088194e+05   0.000000000000000000e+00   8.687338107665582539e-09   0.000000000000000000e+00  -4.568005254966370852e-09
 -6.000000000000000000e+04  -2.356855642054486671e+05   0.000000000000000000e+00   8.546884138260210038e-09   0.000000000000000000e+00  -4.732518469130996431e-09
 -5.850000000000000000e+04  -2.309052513106466795e+05   0.000000000000000000e+00   8.479258152990957470e-09   0.000000000000000000e+00  -4.583611251566967981e-09
 -5.700000000000000000e+04  -2.261240902209393389e+05   0.000000000000000000e+00   8.468854155257226051e-09   0.000000000000000000e+00  -4.370329298025477203e-09
 -5.550000000000000000e+04  -2.213420898821942101e+05   0.000000000000000000e+00   8.609308124662598552e-09   0.000000000000000000e+00  -4.136889598874882628e-09
 -5.400000000000000000e+04  -2.165592571873444831e+05   0.000000000000000000e+00   8.957842048742594466e-09   0.000000000000000000e+00  -3.891095152415482821e-09
 -5.250000000000000000e+04  -2.117755988839252968e+05   0.000000000000000000e+00   9.540465921831543995e-09   0.000000000000000000e+00  -3.806562670828915870e-09
 -5.100000000000000000e+04  -2.069911247785516316e+05   0.000000000000000000e+00   9.862989851577211362e-09   0.000000000000000000e+00  -3.896947401140705917e-09
 -4.950000000000000000e+04  -2.022067090356282133e+05   0.000000000000000000e+00   1.015430178812168613e-08   0.000000000000000000e+00  -4.145342847033539406e-09
 -4.800000000000000000e+04  -1.974206261259769963e+05   0.000000000000000000e+00   1.026874576319273008e-08   0.000000000000000000e+00  -4.285796816438911079e-09
 -4.650000000000000000e+04  -1.926337409638155950e+05   0.000000000000000000e+00   1.028435175979332721e-08   0.000000000000000000e+00  -4.354073051566522688e-09
 -4.500000000000000000e+04  -1.878460578743050282e+05   0.000000000000000000e+00   1.029995775639392434e-08   0.000000000000000000e+00  -4.415196538252193119e-09
 -4.350000000000000000e+04  -1.830575755725293420e+05   0.000000000000000000e+00   1.023753376999153748e-08   0.000000000000000000e+00  -4.301402813039508207e-09
 -4.200000000000000000e+04  -1.782683064809562638e+05   0.000000000000000000e+00   1.031036175412765575e-08   0.000000000000000000e+00  -4.218821081028016725e-09
 -4.050000000000000000e+04  -1.734782556591423345e+05   0.000000000000000000e+00   1.042480572919869971e-08   0.000000000000000000e+00  -4.106978105390405626e-09
 -3.900000000000000000e+04  -1.686874351390427910e+05   0.000000000000000000e+00   1.071611766574317282e-08   0.000000000000000000e+00  -4.025696873095630571e-09
 -3.750000000000000000e+04  -1.638958356553669728e+05   0.000000000000000000e+00   1.083056164081421677e-08   0.000000000000000000e+00  -4.048455618138167222e-09
 -3.600000000000000000e+04  -1.591034689962003031e+05   0.000000000000000000e+00   1.113227757509242295e-08   0.000000000000000000e+00  -4.038051620404435804e-09
 -3.450000000000000000e+04  -1.543103394690466521e+05   0.000000000000000000e+00   1.122591355469600407e-08   0.000000000000000000e+00  -3.991883880461003460e-09
 -3.300000000000000000e+04  -1.495164508468110289e+05   0.000000000000000000e+00   1.156924547990913427e-08   0.000000000000000000e+00  -4.059509865730256855e-09
 -3.150000000000000000e+04  -1.447218075757473707e+05   0.000000000000000000e+00   1.174611344138256674e-08   0.000000000000000000e+00  -3.952218639101153252e-09
 -3.000000000000000000e+04  -1.399264135959096602e+05   0.000000000000000000e+00   1.213106135753062097e-08   0.000000000000000000e+00  -3.971726134851899663e-09
 -2.850000000000000000e+04  -1.351302649858997029e+05   0.000000000000000000e+00   1.226631332806912776e-08   0.000000000000000000e+00  -4.091372108789808498e-09
 -2.700000000000000000e+04  -1.303333800240822311e+05   0.000000000000000000e+00   1.237035330540644029e-08   0.000000000000000000e+00  -4.177205090093091049e-09
 -2.550000000000000000e+04  -1.255357549938940065e+05   0.000000000000000000e+00   1.258363525894793107e-08   0.000000000000000000e+00  -4.321560558648612004e-09
 -2.400000000000000000e+04  -1.207373929430295248e+05   0.000000000000000000e+00   1.259924125554852654e-08   0.000000000000000000e+00  -4.398290041934880391e-09
 -2.250000000000000000e+04  -1.159382966795375396e+05   0.000000000000000000e+00   1.252641327141240827e-08   0.000000000000000000e+00  -4.491275771680103293e-09
 -2.100000000000000000e+04  -1.111384686893020262e+05   0.000000000000000000e+00   1.253681726914613968e-08   0.000000000000000000e+00  -4.436654783578014171e-09
 -1.950000000000000000e+04  -1.063379116391250136e+05   0.000000000000000000e+00   1.260964525328225796e-08   0.000000000000000000e+00  -4.504931018705625780e-09
 -1.800000000000000000e+04  -1.015366279325538490e+05   0.000000000000000000e+00   1.271368523061957050e-08   0.000000000000000000e+00  -4.554350007940848365e-09
 -1.650000000000000000e+04  -9.673461944186710753e+04   0.000000000000000000e+00   1.269807923401897337e-08   0.000000000000000000e+00  -4.550448508790699910e-09
 -1.500000000000000000e+04  -9.193188001357106259e+04   0.000000000000000000e+00   1.270328123288583908e-08   0.000000000000000000e+00  -4.622626243068459974e-09
 -1.350000000000000000e+04  -8.712842739607661497e+04   0.000000000000000000e+00   1.278131121588882472e-08   0.000000000000000000e+00  -4.490625521821745079e-09
 -1.200000000000000000e+04  -8.232424612032430014e+04   0.000000000000000000e+00   1.269287723515210766e-08   0.000000000000000000e+00  -4.365777549016969707e-09
 -1.050000000000000000e+04  -7.751934565293915512e+04   0.000000000000000000e+00   1.275009922268763046e-08   0.000000000000000000e+00  -4.076416362047570411e-09
 -9.000000000000000000e+03  -7.271373661965335486e+04   0.000000000000000000e+00   1.306221915469956806e-08   0.000000000000000000e+00  -3.969125135418466808e-09
 -7.500000000000000000e+03  -6.790741053550440120e+04   0.000000000000000000e+00   1.326509711050732577e-08   0.000000000000000000e+00  -3.956770388109660748e-09
 -6.000000000000000000e+03  -6.310036790855543950e+04   0.000000000000000000e+00   1.363964102892165023e-08   0.000000000000000000e+00  -4.073815362614137556e-09
 -4.500000000000000000e+03  -5.829259903161445982e+04   0.000000000000000000e+00   1.393095296546612499e-08   0.000000000000000000e+00  -4.221096955532270472e-09
 -3.000000000000000000e+03  -5.348411330118652404e+04   0.000000000000000000e+00   1.388933697453120097e-08   0.000000000000000000e+00  -4.528665138535699752e-09
 -1.500000000000000000e+03  -4.867491039744365844e+04   0.000000000000000000e+00   1.392575096659925929e-08   0.000000000000000000e+00  -4.533542012473386355e-09
  0.000000000000000000e+00  -4.386498939200539462e+04   0.000000000000000000e+00   1.388933697453120097e-08   0.000000000000000000e+00  -4.591414249867266545e-09
  1.500000000000000000e+03  -3.905434974519170646e+04   0.000000000000000000e+00   1.385292298246314101e-08   0.000000000000000000e+00  -4.471118026070998669e-09
  3.000000000000000000e+03  -3.424299025125058688e+04   0.000000000000000000e+00   1.396736695753418496e-08   0.000000000000000000e+00  -4.426901035702640966e-09
  4.500000000000000000e+03  -2.943090937623701029e+04   0.000000000000000000e+00   1.407660893373836320e-08   0.000000000000000000e+00  -4.546221884711371521e-09
  6.000000000000000000e+03  -2.461810544051193210e+04   0.000000000000000000e+00   1.422226490201059976e-08   0.000000000000000000e+00  -4.650586986977862335e-09
  7.500000000000000000e+03  -1.980456243707821704e+04   0.000000000000000000e+00   1.424307289747806260e-08   0.000000000000000000e+00  -4.788765081878981087e-09
  9.000000000000000000e+03  -1.499029067426499569e+04   0.000000000000000000e+00   1.424307289747806260e-08   0.000000000000000000e+00  -4.995544536836888901e-09
  1.050000000000000000e+04  -1.017528754544943331e+04   0.000000000000000000e+00   1.423266889974433118e-08   0.000000000000000000e+00  -4.991968162615918726e-09
  1.200000000000000000e+04  -5.359533582923730137e+03   0.000000000000000000e+00   1.410782092693955746e-08   0.000000000000000000e+00  -5.244915357517259711e-09
  1.350000000000000000e+04  -5.430575751011731427e+02   0.000000000000000000e+00   1.409741692920582604e-08   0.000000000000000000e+00  -5.296935346185915978e-09
  1.500000000000000000e+04   4.274159671108442126e+03   0.000000000000000000e+00   1.408701293147209462e-08   0.000000000000000000e+00  -5.333999588112333330e-09
  1.650000000000000000e+04   9.091967795796153951e+03   0.000000000000000000e+00   1.399857895073537922e-08   0.000000000000000000e+00  -5.548582041370539708e-09
  1.800000000000000000e+04   1.391058327268331777e+04   0.000000000000000000e+00   1.396216495866731925e-08   0.000000000000000000e+00  -5.500138426922853616e-09
  1.950000000000000000e+04   1.872997158915878390e+04   0.000000000000000000e+00   1.387373097793060385e-08   0.000000000000000000e+00  -5.495586677914346948e-09
  2.100000000000000000e+04   2.355012319768797897e+04   0.000000000000000000e+00   1.381130699152821699e-08   0.000000000000000000e+00  -5.387970326356064238e-09
  2.250000000000000000e+04   2.837105438870736180e+04   0.000000000000000000e+00   1.385292298246314101e-08   0.000000000000000000e+00  -5.528099170832256804e-09
  2.400000000000000000e+04   3.319275888739626680e+04   0.000000000000000000e+00   1.352519705385060793e-08   0.000000000000000000e+00  -5.578168409925838430e-09
  2.550000000000000000e+04   3.801524355121191911e+04   0.000000000000000000e+00   1.323388511730613317e-08   0.000000000000000000e+00  -5.507941425223152180e-09
  2.700000000000000000e+04   4.283852199566277704e+04   0.000000000000000000e+00   1.279691721248942019e-08   0.000000000000000000e+00  -5.366512081030243187e-09
  2.850000000000000000e+04   4.766259378697655484e+04   0.000000000000000000e+00   1.246398928501002141e-08   0.000000000000000000e+00  -5.024480655533829410e-09
  3.000000000000000000e+04   5.248747194057504385e+04   0.000000000000000000e+00   1.253161527027927397e-08   0.000000000000000000e+00  -4.642783988677564598e-09
  3.150000000000000000e+04   5.731315860227298253e+04   0.000000000000000000e+00   1.244838328840942428e-08   0.000000000000000000e+00  -4.227274329186672675e-09
  3.300000000000000000e+04   6.213966821140501997e+04   0.000000000000000000e+00   1.252641327141240827e-08   0.000000000000000000e+00  -3.863134408506079633e-09
  3.450000000000000000e+04   6.696700517206305813e+04   0.000000000000000000e+00   1.279171521362255448e-08   0.000000000000000000e+00  -3.388452011904591920e-09
  3.600000000000000000e+04   7.179517925019022368e+04   0.000000000000000000e+00   1.317146113090374465e-08   0.000000000000000000e+00  -3.081859203688699547e-09
  3.750000000000000000e+04   7.662420145935397886e+04   0.000000000000000000e+00   1.378529699719388844e-08   0.000000000000000000e+00  -3.060726083292058016e-09
  3.900000000000000000e+04   8.145408329356272588e+04   0.000000000000000000e+00   1.437832486801656939e-08   0.000000000000000000e+00  -3.321476276493697152e-09
  4.050000000000000000e+04   8.628482984748226590e+04   0.000000000000000000e+00   1.463842481135984990e-08   0.000000000000000000e+00  -3.660906702556678901e-09
  4.200000000000000000e+04   9.111646689517270715e+04   0.000000000000000000e+00   1.474246478869716243e-08   0.000000000000000000e+00  -3.885242903690258898e-09
  4.350000000000000000e+04   9.594900156941193563e+04   0.000000000000000000e+00   1.467483880342790821e-08   0.000000000000000000e+00  -4.051381742500779184e-09
  4.500000000000000000e+04   1.007824550706253358e+05   0.000000000000000000e+00   1.448236484535388192e-08   0.000000000000000000e+00  -4.377482046467417553e-09
  4.650000000000000000e+04   1.056168367467020435e+05   0.000000000000000000e+00   1.425347689521179402e-08   0.000000000000000000e+00  -4.859967441369203831e-09
  4.800000000000000000e+04   1.104534055109352776e+05   0.000000000000000000e+00   1.389974097226493239e-08   0.000000000000000000e+00  -5.034884653267560001e-09
  4.950000000000000000e+04   1.152896318052593269e+05   0.000000000000000000e+00   1.346277306744821942e-08   0.000000000000000000e+00  -5.278728350151885995e-09
  5.100000000000000000e+04   1.201268711644173454e+05   0.000000000000000000e+00   1.292696718416106127e-08   0.000000000000000000e+00  -5.294659471681662230e-09
  5.250000000000000000e+04   1.249651171960899810e+05   0.000000000000000000e+00   1.197500139152465299e-08   0.000000000000000000e+00  -5.040736901992783925e-09
  5.400000000000000000e+04   1.298043768735950580e+05   0.000000000000000000e+00   1.150161949463988171e-08   0.000000000000000000e+00  -4.476645149867043485e-09
  5.550000000000000000e+04   1.346446821728544601e+05   0.000000000000000000e+00   1.118949956262794410e-08   0.000000000000000000e+00  -3.909302148449511977e-09
  5.700000000000000000e+04   1.394860426555240992e+05   0.000000000000000000e+00   1.091379362268406647e-08   0.000000000000000000e+00  -3.161189686408400375e-09
  5.850000000000000000e+04   1.443284815278117021e+05   0.000000000000000000e+00   1.100222760342078187e-08   0.000000000000000000e+00  -2.684881665161017128e-09
  6.000000000000000000e+04   1.491720158890520979e+05   0.000000000000000000e+00   1.120510555922854123e-08   0.000000000000000000e+00  -2.400722477058482713e-09
  6.150000000000000000e+04   1.540166865290565183e+05   0.000000000000000000e+00   1.149641749577301600e-08   0.000000000000000000e+00  -2.182238524650127053e-09
  6.300000000000000000e+04   1.588625142963758262e+05   0.000000000000000000e+00   1.180333542891808789e-08   0.000000000000000000e+00  -2.056090052128635668e-09
  6.450000000000000000e+04   1.637095218062402855e+05   0.000000000000000000e+00   1.209984936432942836e-08   0.000000000000000000e+00  -2.133794910202440962e-09
  6.600000000000000000e+04   1.685577497883132601e+05   0.000000000000000000e+00   1.222469733713420208e-08   0.000000000000000000e+00  -2.495658956378780256e-09
  6.750000000000000000e+04   1.734072244878001802e+05   0.000000000000000000e+00   1.212065735979689120e-08   0.000000000000000000e+00  -2.749906650996837255e-09
  6.900000000000000000e+04   1.782579831932664965e+05   0.000000000000000000e+00   1.177732543458375934e-08   0.000000000000000000e+00  -3.118923445615117313e-09
  7.050000000000000000e+04   1.831100662264015991e+05   0.000000000000000000e+00   1.139237751843570346e-08   0.000000000000000000e+00  -3.293840657513473484e-09
  7.200000000000000000e+04   1.879635075726706418e+05   0.000000000000000000e+00   1.073692566121063566e-08   0.000000000000000000e+00  -3.443723249865039255e-09
  7.350000000000000000e+04   1.928183469566404819e+05   0.000000000000000000e+00   9.810969862908555922e-09   0.000000000000000000e+00  -3.147209314453699195e-09
  7.500000000000000000e+04   1.976746255279180186e+05   0.000000000000000000e+00   9.249153985287069230e-09   0.000000000000000000e+00  -2.423156097171840672e-09
  7.650000000000000000e+04   2.025324042554229964e+05   0.000000000000000000e+00   9.269961980754532068e-09   0.000000000000000000e+00  -1.869468342779831651e-09
  7.800000000000000000e+04   2.073917193559824955e+05   0.000000000000000000e+00   9.457233939961694299e-09   0.000000000000000000e+00  -1.492323424932074128e-09
  7.950000000000000000e+04   2.122526243107992632e+05   0.000000000000000000e+00   9.800565865174824503e-09   0.000000000000000000e+00  -1.831103601136697664e-09
  8.100000000000000000e+04   2.171152785555404844e+05   0.000000000000000000e+00   9.467637937695425717e-09   0.000000000000000000e+00  -2.111361290089083003e-09
  8.250000000000000000e+04   2.219796583044489671e+05   0.000000000000000000e+00   8.822590078204089329e-09   0.000000000000000000e+00  -2.452092215868780767e-09
  8.400000000000000000e+04   2.268458051452372165e+05   0.000000000000000000e+00   8.224360208514542672e-09   0.000000000000000000e+00  -2.402022976775199141e-09
  8.550000000000000000e+04   2.317137973328926018e+05   0.000000000000000000e+00   7.522090361487683480e-09   0.000000000000000000e+00  -1.967330946462741155e-09
  8.700000000000000000e+04   2.365837345878451015e+05   0.000000000000000000e+00   7.220374427209478123e-09   0.000000000000000000e+00  -1.083316264024764963e-09
  8.850000000000000000e+04   2.414556825387714198e+05   0.000000000000000000e+00   7.594918345623803412e-09   0.000000000000000000e+00  -4.597266498592490054e-10
  9.000000000000000000e+04   2.463297425618787529e+05   0.000000000000000000e+00   8.078704240242304462e-09   0.000000000000000000e+00  -1.485820926348492147e-10
  9.150000000000000000e+04   2.512060049484175979e+05   0.000000000000000000e+00   8.312794189251258077e-09   0.000000000000000000e+00  -7.003190974517838270e-10
  9.300000000000000000e+04   2.560845933266856882e+05   0.000000000000000000e+00   8.047492247041111860e-09   0.000000000000000000e+00  -1.524835917849984399e-09
  9.450000000000000000e+04   2.609656025211950182e+05   0.000000000000000000e+00   7.022698470268584474e-09   0.000000000000000000e+00  -1.612294523799162484e-09
  9.600000000000000000e+04   2.658491794252466061e+05   0.000000000000000000e+00   6.263206635706204133e-09   0.000000000000000000e+00  -1.700403379606698990e-09
  9.750000000000000000e+04   2.707354615283688181e+05   0.000000000000000000e+00   5.378866828339049247e-09   0.000000000000000000e+00  -1.201336613316778677e-09
  9.900000000000000000e+04   2.756246047871991177e+05   0.000000000000000000e+00   4.952302921256068519e-09   0.000000000000000000e+00  -3.007405594906685529e-10
  1.005000000000000000e+05   2.805167816807533964e+05   0.000000000000000000e+00   5.326846839670392980e-09   0.000000000000000000e+00   1.541092164308939275e-10
  1.020000000000000000e+05   2.854123067426403286e+05   0.000000000000000000e+00   5.690986760350986022e-09   0.000000000000000000e+00   2.418929473092512490e-10
  1.035000000000000000e+05   2.903113302520449506e+05   0.000000000000000000e+00   6.200782649303817274e-09   0.000000000000000000e+00  -2.919621864028328233e-10
  1.050000000000000000e+05   2.952140537200824474e+05   0.000000000000000000e+00   5.711794755818448860e-09   0.000000000000000000e+00  -1.251080727481181196e-09
  1.065000000000000000e+05   3.001207680392526090e+05   0.000000000000000000e+00   4.874272938253084532e-09   0.000000000000000000e+00  -1.192883365158122106e-09
  1.080000000000000000e+05   3.050317950446277391e+05   0.000000000000000000e+00   4.140791098025031910e-09   0.000000000000000000e+00  -9.945571583588704499e-10
  1.095000000000000000e+05   3.099475372612848878e+05   0.000000000000000000e+00   4.145993096891897620e-09   0.000000000000000000e+00  -6.216388645904414195e-10
  1.110000000000000000e+05   3.148684607396143838e+05   0.000000000000000000e+00   4.218821081028016725e-09   0.000000000000000000e+00  -9.110000515598414398e-10
  1.125000000000000000e+05   3.197950759793639299e+05   0.000000000000000000e+00   3.620591211338470480e-09   0.000000000000000000e+00  -1.319356962608792392e-09
  1.140000000000000000e+05   3.247280576455779374e+05   0.000000000000000000e+00   2.777867394906240029e-09   0.000000000000000000e+00  -1.129809128897376413e-09
  1.155000000000000000e+05   3.296681715881868731e+05   0.000000000000000000e+00   2.538575447030421532e-09   0.000000000000000000e+00  -9.331085467440202913e-10
  1.170000000000000000e+05   3.346159684863648145e+05   0.000000000000000000e+00   2.403323476491915568e-09   0.000000000000000000e+00  -9.604190407950648522e-10
  1.185000000000000000e+05   3.395738470698846504e+05   0.000000000000000000e+00   2.574989439098481084e-09   0.000000000000000000e+00  -1.370726701419090445e-09
  1.200000000000000000e+05   3.445427031010709470e+05   0.000000000000000000e+00   2.304485498021468743e-09   0.000000000000000000e+00  -1.711782752127967522e-09
  1.215000000000000000e+05   3.495251770963121671e+05   0.000000000000000000e+00   1.820699603402966452e-09   0.000000000000000000e+00  -2.237834887539753082e-09
  1.230000000000000000e+05   3.545247157404204481e+05   0.000000000000000000e+00   1.175651743911629651e-09   0.000000000000000000e+00  -1.855813095754309371e-09
  1.245000000000000000e+05   3.595467674802198308e+05   0.000000000000000000e+00   1.659437638530132148e-09   0.000000000000000000e+00  -2.007971562610128683e-09
  1.260000000000000000e+05   3.646010139140171814e+05   0.000000000000000000e+00   7.282798413611866016e-10   0.000000000000000000e+00  -2.769414146747583665e-09
  1.275000000000000000e+05   3.697083204196834122e+05   0.000000000000000000e+00   2.705039410770121338e-10   0.000000000000000000e+00  -1.854512596037592943e-09
  1.290000000000000000e+05   4.545122035166955320e+05   0.000000000000000000e+00   6.034318685564117467e-10   0.000000000000000000e+00  -6.037244809926729015e-09
  1.305000000000000000e+05   4.592420887829599087e+05   0.000000000000000000e+00   6.866638504262616500e-10   0.000000000000000000e+00  -5.038461027488530177e-09
  1.320000000000000000e+05   4.639706537932430510e+05   0.000000000000000000e+00   7.022698470268584681e-10   0.000000000000000000e+00  -5.500138426922853616e-09
  1.335000000000000000e+05   4.686978173560702708e+05   0.000000000000000000e+00   7.855018288967083713e-10   0.000000000000000000e+00  -5.177939622106364529e-09
  1.350000000000000000e+05   4.734235922763734125e+05   0.000000000000000000e+00   8.219158209647677169e-10   0.000000000000000000e+00  -5.248166606809050779e-09
  1.365000000000000000e+05   4.781479597297357395e+05   0.000000000000000000e+00   8.947438051008863047e-10   0.000000000000000000e+00  -5.099259389245022328e-09
  1.380000000000000000e+05   4.828708702404435026e+05   0.000000000000000000e+00   8.739358096334238806e-10   0.000000000000000000e+00  -5.140875380179947177e-09
  1.395000000000000000e+05   4.875923203886958654e+05   0.000000000000000000e+00   9.155518005683488322e-10   0.000000000000000000e+00  -5.022529905958754769e-09
  1.410000000000000000e+05   4.923122777259628056e+05   0.000000000000000000e+00   9.155518005683488322e-10   0.000000000000000000e+00  -5.004322909924724786e-09
  1.425000000000000000e+05   4.970307228429806419e+05   0.000000000000000000e+00   9.987837824381986320e-10   0.000000000000000000e+00  -4.877199062615696493e-09
  1.440000000000000000e+05   5.017476640715054236e+05   0.000000000000000000e+00   1.019591777905661263e-09   0.000000000000000000e+00  -4.860617691227562044e-09
  1.455000000000000000e+05   5.064630533981010667e+05   0.000000000000000000e+00   1.050803771106854899e-09   0.000000000000000000e+00  -4.794942455533383290e-09
  1.470000000000000000e+05   5.111768842247891589e+05   0.000000000000000000e+00   1.144439750710436014e-09   0.000000000000000000e+00  -4.749424965448309160e-09
  1.485000000000000000e+05   5.158891350304650841e+05   0.000000000000000000e+00   1.118429756376107881e-09   0.000000000000000000e+00  -4.709434599159279846e-09
  1.500000000000000000e+05   5.205997830810886226e+05   0.000000000000000000e+00   1.165247746177898438e-09   0.000000000000000000e+00  -4.681148730320698378e-09
