  2.000000000000000000e+05   6.175513192836940289e+05   0.000000000000000000e+00   2.005809638653722679e-02   0.000000000000000000e+00   2.045662756338563759e-01
  1.980000000000000000e+05   6.114861183596629417e+05   0.000000000000000000e+00  -9.957830195359994307e-02   0.000000000000000000e+00  -8.224413534350880073e-02
  1.960000000000000000e+05   6.054191295010491740e+05   0.000000000000000000e+00   7.943868008499162248e-02   0.000000000000000000e+00  -1.628122737756708405e-02
  1.940000000000000000e+05   5.993506274197925813e+05   0.000000000000000000e+00  -2.083209796455574858e-02   0.000000000000000000e+00   4.765745190457453678e-02
  1.920000000000000000e+05   5.932806424270913703e+05   0.000000000000000000e+00  -1.885097472562513934e-02   0.000000000000000000e+00  -2.777146455007508882e-02
  1.900000000000000000e+05   5.872091126861141529e+05   0.000000000000000000e+00   2.182311409471644065e-02   0.000000000000000000e+00  -1.692242336537074518e-03
  1.880000000000000000e+05   5.811359766617423156e+05   0.000000000000000000e+00  -5.944268623075754134e-03   0.000000000000000000e+00   1.299752794953529765e-02
  1.860000000000000000e+05   5.750612046015481465e+05   0.000000000000000000e+00  -5.863684149133835573e-03   0.000000000000000000e+00  -7.357217660596725856e-03
  1.840000000000000000e+05   5.689852381150593283e+05   0.000000000000000000e+00   6.023586371992920019e-03   0.000000000000000000e+00  -1.960674686591387834e-03
  1.820000000000000000e+05   5.629076729444068624e+05   0.000000000000000000e+00   5.485697932897309821e-05   0.000000000000000000e+00   4.313141962095882499e-03
  1.800000000000000000e+05   5.568287144165955251e+05   0.000000000000000000e+00  -2.873907149247900260e-03   0.000000000000000000e+00  -7.213284597339162220e-04
  1.780000000000000000e+05   5.507483520822779974e+05   0.000000000000000000e+00   9.139600825437970040e-04   0.000000000000000000e+00  -1.839046423892742952e-03
  1.760000000000000000e+05   5.446666276964260032e+05   0.000000000000000000e+00   1.159099399168241886e-03   0.000000000000000000e+00   8.484123484402934312e-04
  1.740000000000000000e+05   5.385835819206828019e+05   0.000000000000000000e+00  -6.957203635678254087e-04   0.000000000000000000e+00   7.383673827120343456e-04
  1.720000000000000000e+05   5.324989835141153308e+05   0.000000000000000000e+00  -4.640041910235113650e-04   0.000000000000000000e+00  -5.480061874423783211e-04
  1.700000000000000000e+05   5.264132422257036669e+05   0.000000000000000000e+00   4.158313108952923901e-04   0.000000000000000000e+00  -2.983373973563435482e-04
  1.680000000000000000e+05   5.203262770859069424e+05   0.000000000000000000e+00   1.998769996844915815e-04   0.000000000000000000e+00   3.081771687793965738e-04
  1.660000000000000000e+05   5.142380903400660609e+05   0.000000000000000000e+00  -2.244574986821768067e-04   0.000000000000000000e+00   1.420240758312795771e-04
  1.640000000000000000e+05   5.081486848345877370e+05   0.000000000000000000e+00  -1.076648941542997874e-04   0.000000000000000000e+00  -1.608982356390129985e-04
  1.620000000000000000e+05   5.020580859547606087e+05   0.000000000000000000e+00   1.126091061097208012e-04   0.000000000000000000e+00  -8.715915878982088852e-05
  1.600000000000000000e+05   4.959662840613171575e+05   0.000000000000000000e+00   7.285412245369546249e-05   0.000000000000000000e+00   7.628820008687462557e-05
  1.580000000000000000e+05   4.898733016508341534e+05   0.000000000000000000e+00  -4.917585439520350162e-05   0.000000000000000000e+00   6.133912679486157381e-05
  1.560000000000000000e+05   4.837791786641566432e+05   0.000000000000000000e+00  -5.128602250815626469e-05   0.000000000000000000e+00  -2.907543685115253059e-05
  1.540000000000000000e+05   4.776839295320543461e+05   0.000000000000000000e+00   1.432590821875506918e-05   0.000000000000000000e+00  -4.211141198450349583e-05
  1.520000000000000000e+05   4.715875655235535232e+05   0.000000000000000000e+00   3.353369110650987592e-05   0.000000000000000000e+00   3.792687412150060137e-06
  1.500000000000000000e+05   4.654900838947126176e+05   0.000000000000000000e+00   3.365769133889554187e-06   0.000000000000000000e+00   2.552469733878638713e-05
  1.480000000000000000e+05   4.593914999554535607e+05   0.000000000000000000e+00  -1.817871844076789390e-05   0.000000000000000000e+00   7.760955403973002000e-06
  1.460000000000000000e+05   4.532918986222783569e+05   0.000000000000000000e+00  -9.793467365111004102e-06   0.000000000000000000e+00  -1.170428521407406016e-05
  1.440000000000000000e+05   4.471913919802833698e+05   0.000000000000000000e+00   6.386275953854392465e-06   0.000000000000000000e+00  -9.940360541204940103e-06
  1.420000000000000000e+05   4.410897189848790294e+05   0.000000000000000000e+00   8.889636827624671820e-06   0.000000000000000000e+00   2.257382776938933024e-06
  1.400000000000000000e+05   4.349867450815172633e+05   0.000000000000000000e+00   3.396166728903365713e-07   0.000000000000000000e+00   7.065038666191198614e-06
  1.380000000000000000e+05   4.288829333011605777e+05   0.000000000000000000e+00  -5.124637233478055962e-06   0.000000000000000000e+00   1.964334964771792462e-06
  1.360000000000000000e+05   4.227781169698595186e+05   0.000000000000000000e+00  -2.777718118259510960e-06   0.000000000000000000e+00  -3.271680997525974368e-06
  1.340000000000000000e+05   4.166723152541936142e+05   0.000000000000000000e+00   1.630340899484531756e-06   0.000000000000000000e+00  -2.956050784578984436e-06
  1.320000000000000000e+05   4.105655364287738339e+05   0.000000000000000000e+00   2.639065356411473751e-06   0.000000000000000000e+00   3.121054445268853011e-07
  1.300000000000000000e+05   4.044577929437840939e+05   0.000000000000000000e+00   5.902935897075881594e-07   0.000000000000000000e+00   2.004321981660607802e-06
  1.280000000000000000e+05   3.983490956919449382e+05   0.000000000000000000e+00  -1.259260232718334241e-06   0.000000000000000000e+00   1.067666354201815221e-06
  1.260000000000000000e+05   3.922394566805327777e+05   0.000000000000000000e+00  -1.199055744021160006e-06   0.000000000000000000e+00  -5.560049783801804757e-07
  1.240000000000000000e+05   3.861288900034849648e+05   0.000000000000000000e+00  -2.968666243911188993e-08   0.000000000000000000e+00  -1.070787955895274665e-06
  1.220000000000000000e+05   3.800174110332217533e+05   0.000000000000000000e+00   7.520464327879613345e-07   0.000000000000000000e+00  -4.335439019501298461e-07
  1.200000000000000000e+05   3.739052005647681071e+05   0.000000000000000000e+00   5.827922055554265532e-07   0.000000000000000000e+00   3.697468514002916219e-07
  1.180000000000000000e+05   3.677919292387256864e+05   0.000000000000000000e+00  -4.457965438998876722e-08   0.000000000000000000e+00   5.421818158023981966e-07
  1.160000000000000000e+05   3.616777887132623000e+05   0.000000000000000000e+00  -4.020637356650558441e-07   0.000000000000000000e+00   1.661288683126925249e-07
  1.140000000000000000e+05   3.555627783273060923e+05   0.000000000000000000e+00  -2.745872520869289366e-07   0.000000000000000000e+00  -2.323432856457120684e-07
  1.120000000000000000e+05   3.494468354418231756e+05   0.000000000000000000e+00   7.010527028894692469e-08   0.000000000000000000e+00  -2.922449092248960303e-07
  1.100000000000000000e+05   3.433301281441937317e+05   0.000000000000000000e+00   2.349945806106420189e-07   0.000000000000000000e+00  -6.845829827191528336e-08
  1.080000000000000000e+05   3.372125832599185524e+05   0.000000000000000000e+00   1.356208435147594518e-07   0.000000000000000000e+00   1.308820008999934377e-07
  1.060000000000000000e+05   3.310941932866053539e+05   0.000000000000000000e+00  -4.318915391300272161e-08   0.000000000000000000e+00   1.338074100332013953e-07
  1.040000000000000000e+05   3.249749867544053704e+05   0.000000000000000000e+00  -1.122332527853024011e-07   0.000000000000000000e+00   7.198845749509061795e-09
  1.020000000000000000e+05   3.188550368614883628e+05   0.000000000000000000e+00  -4.790953711119219693e-08   0.000000000000000000e+00  -8.944894192679334831e-08
  1.000000000000000000e+05   3.127343787718987442e+05   0.000000000000000000e+00   4.621584480087836510e-08   0.000000000000000000e+00  -7.938823317724686610e-08
  9.800000000000000000e+04   3.066128661778934184e+05   0.000000000000000000e+00   7.321560030325782298e-08   0.000000000000000000e+00  -6.521728212254930401e-09
  9.600000000000000000e+04   3.004906808968257974e+05   0.000000000000000000e+00   2.787273888454738471e-08   0.000000000000000000e+00   3.886654663838714037e-08
  9.400000000000000000e+04   2.943677699658069760e+05   0.000000000000000000e+00  -2.094637372662816427e-08   0.000000000000000000e+00   1.809545569040160354e-08
  9.200000000000000000e+04   2.882441389928521821e+05   0.000000000000000000e+00  -1.898608170080197143e-08   0.000000000000000000e+00  -2.356581394613841664e-08
  9.000000000000000000e+04   2.821198192015592940e+05   0.000000000000000000e+00   1.207539887908935921e-08   0.000000000000000000e+00  -3.367602006933701494e-08
  8.800000000000000000e+04   2.759948286218580906e+05   0.000000000000000000e+00   2.834320897074567390e-08   0.000000000000000000e+00  -1.371681673538115927e-08
  8.600000000000000000e+04   2.698691850515684346e+05   0.000000000000000000e+00   1.847379205138605815e-08   0.000000000000000000e+00   4.068586099602267063e-09
  8.400000000000000000e+04   2.637429073219818529e+05   0.000000000000000000e+00   2.514401238459732277e-09   0.000000000000000000e+00   2.256622837063587661e-09
  8.200000000000000000e+04   2.576160066772009886e+05   0.000000000000000000e+00  -1.035034189636230724e-09   0.000000000000000000e+00  -1.019106816926392916e-08
  8.000000000000000000e+04   2.514885180171370448e+05   0.000000000000000000e+00   6.926365157919221261e-09   0.000000000000000000e+00  -1.648997652124995052e-08
  7.800000000000000000e+04   2.453604531221840880e+05   0.000000000000000000e+00   1.400955367790453782e-08   0.000000000000000000e+00  -1.256318487818244375e-08
  7.600000000000000000e+04   2.392318350616951648e+05   0.000000000000000000e+00   1.325157409458507557e-08   0.000000000000000000e+00  -6.157113895451258592e-09
  7.400000000000000000e+04   2.331026843945106666e+05   0.000000000000000000e+00   8.290728407894251815e-09   0.000000000000000000e+00  -4.535135601748901309e-09
  7.200000000000000000e+04   2.269730225400904019e+05   0.000000000000000000e+00   5.478362781508938395e-09   0.000000000000000000e+00  -7.554312036858878127e-09
  7.000000000000000000e+04   2.208428715007283026e+05   0.000000000000000000e+00   6.691130114820077492e-09   0.000000000000000000e+00  -1.059113110020129186e-08
  6.800000000000000000e+04   2.147122535443613306e+05   0.000000000000000000e+00   9.304852815921670702e-09   0.000000000000000000e+00  -1.075367198067604632e-08
  6.600000000000000000e+04   2.085811911544920295e+05   0.000000000000000000e+00   1.028238510613366603e-08   0.000000000000000000e+00  -8.899235724244466725e-09
  6.400000000000000000e+04   2.024497055971930677e+05   0.000000000000000000e+00   9.294397925117264680e-09   0.000000000000000000e+00  -7.459074515937488788e-09
  6.200000000000000000e+04   1.963178218150015746e+05   0.000000000000000000e+00   7.862077884913591674e-09   0.000000000000000000e+00  -7.593027804368945806e-09
  6.000000000000000000e+04   1.901855539165836526e+05   0.000000000000000000e+00   7.517066488368181363e-09   0.000000000000000000e+00  -8.668411338203433219e-09
  5.800000000000000000e+04   1.840529439155818254e+05   0.000000000000000000e+00   8.144359936632562542e-09   0.000000000000000000e+00  -9.291947560084981475e-09
  5.600000000000000000e+04   1.779200037435356644e+05   0.000000000000000000e+00   8.771653384896945376e-09   0.000000000000000000e+00  -8.994636602834675606e-09
  5.400000000000000000e+04   1.717867572829977144e+05   0.000000000000000000e+00   8.766425939494741538e-09   0.000000000000000000e+00  -8.339735708539907629e-09
  5.200000000000000000e+04   1.656532270220386854e+05   0.000000000000000000e+00   8.327320525709675374e-09   0.000000000000000000e+00  -8.083590883831950988e-09
  5.000000000000000000e+04   1.595194357431572571e+05   0.000000000000000000e+00   7.835940657902575791e-09   0.000000000000000000e+00  -8.277986509726382131e-09
  4.800000000000000000e+04   1.533854058614309761e+05   0.000000000000000000e+00   7.825485767098168115e-09   0.000000000000000000e+00  -8.566149437522833352e-09
  4.600000000000000000e+04   1.472511593195942987e+05   0.000000000000000000e+00   8.034583583186296829e-09   0.000000000000000000e+00  -8.633452797076198463e-09
  4.400000000000000000e+04   1.411167176072223228e+05   0.000000000000000000e+00   8.212316726861204168e-09   0.000000000000000000e+00  -8.481530165074667923e-09
  4.200000000000000000e+04   1.349821016566686449e+05   0.000000000000000000e+00   8.102540373414938454e-09   0.000000000000000000e+00  -8.266714830577881707e-09
  4.000000000000000000e+04   1.288473318224948598e+05   0.000000000000000000e+00   7.872532775717997696e-09   0.000000000000000000e+00  -8.221138040977423041e-09
  3.800000000000000000e+04   1.227124278713940148e+05   0.000000000000000000e+00   7.830713212500371953e-09   0.000000000000000000e+00  -8.275209429356461497e-09
  3.600000000000000000e+04   1.165774088962516107e+05   0.000000000000000000e+00   7.862077884913591674e-09   0.000000000000000000e+00  -8.341205927559276890e-09
  3.400000000000000000e+04   1.104422932662774401e+05   0.000000000000000000e+00   7.767983867673934166e-09   0.000000000000000000e+00  -8.305103882750311957e-09
  3.200000000000000000e+04   1.043070985939597449e+05   0.000000000000000000e+00   7.762756422271730328e-09   0.000000000000000000e+00  -8.203822128082624378e-09
  3.000000000000000000e+04   9.817184170679135423e+04   0.000000000000000000e+00   7.788893649282746210e-09   0.000000000000000000e+00  -8.092412197948168207e-09
  2.800000000000000000e+04   9.203653859552138601e+04   0.000000000000000000e+00   7.642525178021056937e-09   0.000000000000000000e+00  -8.063007817560776373e-09
  2.600000000000000000e+04   8.590120444906972989e+04   0.000000000000000000e+00   7.632070287216650915e-09   0.000000000000000000e+00  -8.040791174601412956e-09
  2.400000000000000000e+04   7.976585352751934261e+04   0.000000000000000000e+00   7.537976269976993407e-09   0.000000000000000000e+00  -8.054349861113377042e-09
  2.200000000000000000e+04   7.363049930189020233e+04   0.000000000000000000e+00   7.501384152161571503e-09   0.000000000000000000e+00  -8.017757743297955137e-09
  2.000000000000000000e+04   6.749516444920978392e+04   0.000000000000000000e+00   7.470019479748351782e-09   0.000000000000000000e+00  -7.940652923615457209e-09
  1.800000000000000000e+04   6.135984367822845525e+04   0.000000000000000000e+00   7.381152907910898113e-09   0.000000000000000000e+00  -7.856197008836112976e-09
  1.600000000000000000e+04   5.522455158458281221e+04   0.000000000000000000e+00   7.339333344693272370e-09   0.000000000000000000e+00  -7.851132921102728680e-09
  1.400000000000000000e+04   4.908930091102058941e+04   0.000000000000000000e+00   7.349788235497679219e-09   0.000000000000000000e+00  -7.812417153592661001e-09
  1.200000000000000000e+04   4.295410085988317587e+04   0.000000000000000000e+00   7.328878453888866348e-09   0.000000000000000000e+00  -7.798858467080696915e-09
  1.000000000000000000e+04   3.681895969095250621e+04   0.000000000000000000e+00   7.255694218258021711e-09   0.000000000000000000e+00  -7.722243720404655958e-09
  8.000000000000000000e+03   3.068388484667064404e+04   0.000000000000000000e+00   7.224329545844802818e-09   0.000000000000000000e+00  -7.659351017909398629e-09
  6.000000000000000000e+03   2.454888298574989312e+04   0.000000000000000000e+00   7.192964873431583097e-09   0.000000000000000000e+00  -7.598418607439967532e-09
  4.000000000000000000e+03   1.841396008253834589e+04   0.000000000000000000e+00   7.004776838952268909e-09   0.000000000000000000e+00  -7.560192912936356825e-09
  2.000000000000000000e+03   1.227912126570439250e+04   0.000000000000000000e+00   6.978639611941253026e-09   0.000000000000000000e+00  -7.523274079783297491e-09
  0.000000000000000000e+00   6.144371080063839145e+03   0.000000000000000000e+00   6.994321948147862060e-09   0.000000000000000000e+00  -7.458911158268670901e-09
 -2.000000000000000000e+03   9.713254769651182841e+00   0.000000000000000000e+00   6.915910267114814412e-09   0.000000000000000000e+00  -7.414477872349943239e-09
 -4.000000000000000000e+03  -6.124849106755313187e+03   0.000000000000000000e+00   6.895000485506001541e-09   0.000000000000000000e+00  -7.365797287041926509e-09
 -6.000000000000000000e+03  -1.225931376374326828e+04   0.000000000000000000e+00   6.774769241255328150e-09   0.000000000000000000e+00  -7.326101373518945714e-09
 -8.000000000000000000e+03  -1.839367909445778059e+04   0.000000000000000000e+00   6.717267341831093374e-09   0.000000000000000000e+00  -7.253407210894558049e-09
 -1.000000000000000000e+04  -2.452794418369902633e+04   0.000000000000000000e+00   6.670220333211264621e-09   0.000000000000000000e+00  -7.149511733525769379e-09
 -1.200000000000000000e+04  -3.066210865534186087e+04   0.000000000000000000e+00   6.680675224015671470e-09   0.000000000000000000e+00  -7.088742680725156997e-09
 -1.400000000000000000e+04  -3.679617246014125703e+04   0.000000000000000000e+00   6.549989088960591230e-09   0.000000000000000000e+00  -7.088579323056338282e-09
 -1.600000000000000000e+04  -4.293013600226522976e+04   0.000000000000000000e+00   6.455895071720934550e-09   0.000000000000000000e+00  -7.036468226703125232e-09
 -1.800000000000000000e+04  -4.906399996230989927e+04   0.000000000000000000e+00   6.523851861949575348e-09   0.000000000000000000e+00  -6.948091727872127707e-09
 -2.000000000000000000e+04  -5.519776543471928744e+04   0.000000000000000000e+00   6.440212735514324689e-09   0.000000000000000000e+00  -6.866902966469159426e-09
 -2.200000000000000000e+04  -6.133143440231551358e+04   0.000000000000000000e+00   6.434985290112121678e-09   0.000000000000000000e+00  -6.754186174984153536e-09
 -2.400000000000000000e+04  -6.746500983074255055e+04   0.000000000000000000e+00   6.325208936665854310e-09   0.000000000000000000e+00  -6.659438727069221169e-09
 -2.600000000000000000e+04  -7.359849573795631295e+04   0.000000000000000000e+00   6.220660028621790780e-09   0.000000000000000000e+00  -6.639999164479777558e-09
 -2.800000000000000000e+04  -7.973189640520427201e+04   0.000000000000000000e+00   6.194522801610774898e-09   0.000000000000000000e+00  -6.632321354045291343e-09
 -3.000000000000000000e+04  -8.586521124052771484e+04   0.000000000000000000e+00   6.204977692415180920e-09   0.000000000000000000e+00  -6.599649820281521903e-09
 -3.200000000000000000e+04  -9.199845322990893328e+04   0.000000000000000000e+00   6.173613020001962027e-09   0.000000000000000000e+00  -6.504902372366588709e-09
 -3.400000000000000000e+04  -9.813161753478957689e+04   0.000000000000000000e+00   6.147475792990946144e-09   0.000000000000000000e+00  -6.432698282748657189e-09
 -3.600000000000000000e+04  -1.042647072315377445e+05   0.000000000000000000e+00   6.184067910806368876e-09   0.000000000000000000e+00  -6.372909375960958751e-09
 -3.800000000000000000e+04  -1.103977328679340862e+05   0.000000000000000000e+00   6.022017103338069743e-09   0.000000000000000000e+00  -6.289270249525708092e-09
 -4.000000000000000000e+04  -1.165307103532211186e+05   0.000000000000000000e+00   6.042926884946882614e-09   0.000000000000000000e+00  -6.209224991804471642e-09
 -4.200000000000000000e+04  -1.226636483362403087e+05   0.000000000000000000e+00   5.980197540120444000e-09   0.000000000000000000e+00  -6.129343091752053907e-09
 -4.400000000000000000e+04  -1.287965452131214552e+05   0.000000000000000000e+00   5.907013304489599364e-09   0.000000000000000000e+00  -6.046847468998535079e-09
 -4.600000000000000000e+04  -1.349293488856839831e+05   0.000000000000000000e+00   5.823374178054348705e-09   0.000000000000000000e+00  -5.975296810055879246e-09
 -4.800000000000000000e+04  -1.410621441653019574e+05   0.000000000000000000e+00   5.713597824608082164e-09   0.000000000000000000e+00  -5.945238998993210898e-09
 -5.000000000000000000e+04  -1.471949378955899738e+05   0.000000000000000000e+00   5.703142933803675315e-09   0.000000000000000000e+00  -5.910770530872433114e-09
 -5.200000000000000000e+04  -1.533277253989450110e+05   0.000000000000000000e+00   5.635186143575033690e-09   0.000000000000000000e+00  -5.834482499534030414e-09
 -5.400000000000000000e+04  -1.594605029350867553e+05   0.000000000000000000e+00   5.619503807368424657e-09   0.000000000000000000e+00  -5.752150234449330301e-09
 -5.600000000000000000e+04  -1.655932741830832674e+05   0.000000000000000000e+00   5.572456798748595903e-09   0.000000000000000000e+00  -5.667530962001166527e-09
 -5.800000000000000000e+04  -1.717260476834044966e+05   0.000000000000000000e+00   5.478362781508938395e-09   0.000000000000000000e+00  -5.596797091402604267e-09
 -6.000000000000000000e+04  -1.778588319714594400e+05   0.000000000000000000e+00   5.415633436682500608e-09   0.000000000000000000e+00  -5.550893586464507345e-09
 -6.200000000000000000e+04  -1.839916592582330341e+05   0.000000000000000000e+00   5.373813873464874865e-09   0.000000000000000000e+00  -5.458106430575401210e-09
 -6.400000000000000000e+04  -1.901245722066205053e+05   0.000000000000000000e+00   5.467907890704532373e-09   0.000000000000000000e+00  -5.410732706617935026e-09
 -6.600000000000000000e+04  -1.962574804451444943e+05   0.000000000000000000e+00   5.321539419442843100e-09   0.000000000000000000e+00  -5.270571826771361881e-09
 -6.800000000000000000e+04  -2.023904033000311465e+05   0.000000000000000000e+00   5.326766864845046111e-09   0.000000000000000000e+00  -5.184645692972646733e-09
 -7.000000000000000000e+04  -2.085234010466600885e+05   0.000000000000000000e+00   5.269264965420811335e-09   0.000000000000000000e+00  -5.083690653642598239e-09
 -7.200000000000000000e+04  -2.146565560062527657e+05   0.000000000000000000e+00   5.044484813126074415e-09   0.000000000000000000e+00  -5.010996491018209747e-09
 -7.400000000000000000e+04  -2.207898492117846909e+05   0.000000000000000000e+00   5.034029922321667566e-09   0.000000000000000000e+00  -4.976364665228614075e-09
 -7.600000000000000000e+04  -2.269232961741571198e+05   0.000000000000000000e+00   5.049712258528277426e-09   0.000000000000000000e+00  -4.942876343120749407e-09
 -7.800000000000000000e+04  -2.330569954769676551e+05   0.000000000000000000e+00   4.981755468299635801e-09   0.000000000000000000e+00  -4.857276924659672516e-09
 -8.000000000000000000e+04  -2.391906929493919597e+05   0.000000000000000000e+00   4.981755468299635801e-09   0.000000000000000000e+00  -4.793077360813864641e-09
 -8.200000000000000000e+04  -2.453245582264028781e+05   0.000000000000000000e+00   4.986982913701838812e-09   0.000000000000000000e+00  -4.647525677896269770e-09
 -8.400000000000000000e+04  -2.514586090647031087e+05   0.000000000000000000e+00   5.023575031517261544e-09   0.000000000000000000e+00  -4.554738522007162808e-09
 -8.600000000000000000e+04  -2.575928140142649645e+05   0.000000000000000000e+00   4.908571232668791164e-09   0.000000000000000000e+00  -4.442675161197432605e-09
 -8.800000000000000000e+04  -2.637272786434091395e+05   0.000000000000000000e+00   4.798794879222524624e-09   0.000000000000000000e+00  -4.428789759347830262e-09
 -9.000000000000000000e+04  -2.698621511857890291e+05   0.000000000000000000e+00   4.725610643591679987e-09   0.000000000000000000e+00  -4.382069466065638938e-09
 -9.200000000000000000e+04  -2.759977007263237610e+05   0.000000000000000000e+00   4.772657652211508741e-09   0.000000000000000000e+00  -4.377332093669892898e-09
 -9.400000000000000000e+04  -2.821332562798195868e+05   0.000000000000000000e+00   4.809249770026930646e-09   0.000000000000000000e+00  -4.286995302813069141e-09
 -9.600000000000000000e+04  -2.882692555135004222e+05   0.000000000000000000e+00   4.767430206809304903e-09   0.000000000000000000e+00  -4.183426540781917900e-09
 -9.800000000000000000e+04  -2.944057431576894014e+05   0.000000000000000000e+00   4.673336189569648222e-09   0.000000000000000000e+00  -4.104034713735957136e-09
 -1.000000000000000000e+05  -3.005427934003879782e+05   0.000000000000000000e+00   4.600151953938803586e-09   0.000000000000000000e+00  -4.006346827782285420e-09
 -1.020000000000000000e+05  -3.066805035181110725e+05   0.000000000000000000e+00   4.490375600492536218e-09   0.000000000000000000e+00  -4.048329748668729878e-09
 -1.040000000000000000e+05  -3.128190132133644656e+05   0.000000000000000000e+00   4.474693264285927185e-09   0.000000000000000000e+00  -4.041468726578338064e-09
 -1.060000000000000000e+05  -3.189585113431664649e+05   0.000000000000000000e+00   4.391054137850675699e-09   0.000000000000000000e+00  -3.997525513666067374e-09
 -1.080000000000000000e+05  -3.250994468941017985e+05   0.000000000000000000e+00   4.459010928079317324e-09   0.000000000000000000e+00  -3.945251059644035609e-09
 -1.100000000000000000e+05  -3.312420931534302072e+05   0.000000000000000000e+00   4.411963919459488570e-09   0.000000000000000000e+00  -3.894773539979011362e-09
 -1.120000000000000000e+05  -3.373869995337565779e+05   0.000000000000000000e+00   4.312642456817628052e-09   0.000000000000000000e+00  -3.844622735651624544e-09
 -1.140000000000000000e+05  -3.435355804668203928e+05   0.000000000000000000e+00   4.187183767164751650e-09   0.000000000000000000e+00  -3.843805947307530143e-09
 -1.160000000000000000e+05  -3.496912238537584781e+05   0.000000000000000000e+00   4.124454422338313036e-09   0.000000000000000000e+00  -3.860958502533509264e-09
 -1.180000000000000000e+05  -3.677918595668258495e+05   0.000000000000000000e+00   9.158484344659981429e-09   0.000000000000000000e+00  -2.404951600351103166e-09
 -1.200000000000000000e+05  -3.739051384312542505e+05   0.000000000000000000e+00   7.470019479748351782e-09   0.000000000000000000e+00  -4.471426110909549579e-09
 -1.220000000000000000e+05  -3.800176544431869988e+05   0.000000000000000000e+00   5.682233152194862444e-09   0.000000000000000000e+00  -4.274906835320473489e-09
 -1.240000000000000000e+05  -3.861290033252074500e+05   0.000000000000000000e+00   5.279719856225217357e-09   0.000000000000000000e+00  -2.790475698763587846e-09
 -1.260000000000000000e+05  -3.922397044897488086e+05   0.000000000000000000e+00   6.022017103338069743e-09   0.000000000000000000e+00  -2.077909547375766378e-09
 -1.280000000000000000e+05  -3.983493385245263926e+05   0.000000000000000000e+00   6.874090703897188669e-09   0.000000000000000000e+00  -2.592159488817504652e-09
 -1.300000000000000000e+05  -4.044580294395009405e+05   0.000000000000000000e+00   6.790451577461938011e-09   0.000000000000000000e+00  -3.456648272206856660e-09
 -1.320000000000000000e+05  -4.105657651227462338e+05   0.000000000000000000e+00   6.037699439544679603e-09   0.000000000000000000e+00  -3.758859959521728111e-09
 -1.340000000000000000e+05  -4.166725327896017698e+05   0.000000000000000000e+00   5.582911689553001925e-09   0.000000000000000000e+00  -3.437862140292688736e-09
 -1.360000000000000000e+05  -4.227783179778290796e+05   0.000000000000000000e+00   5.677005706792659433e-09   0.000000000000000000e+00  -3.128952788556244186e-09
 -1.380000000000000000e+05  -4.288831059721476631e+05   0.000000000000000000e+00   5.933150531500616073e-09   0.000000000000000000e+00  -3.253594689865026599e-09
 -1.400000000000000000e+05  -4.349868816593835945e+05   0.000000000000000000e+00   5.880876077478583481e-09   0.000000000000000000e+00  -3.592235137326501654e-09
 -1.420000000000000000e+05  -4.410894699058356928e+05   0.000000000000000000e+00   5.640413588977237528e-09   0.000000000000000000e+00  -3.753959229457162530e-09
 -1.440000000000000000e+05  -4.471912573452593642e+05   0.000000000000000000e+00   5.415633436682500608e-09   0.000000000000000000e+00  -3.709199228200797852e-09
 -1.460000000000000000e+05  -4.532921850610837573e+05   0.000000000000000000e+00   5.316311974040640089e-09   0.000000000000000000e+00  -3.661335431236875110e-09
 -1.480000000000000000e+05  -4.593918558062386001e+05   0.000000000000000000e+00   5.342449201051655971e-09   0.000000000000000000e+00  -3.754285944794799960e-09
 -1.500000000000000000e+05  -4.654904103554894100e+05   0.000000000000000000e+00   5.316311974040640089e-09   0.000000000000000000e+00  -3.904084927101685553e-09
 -1.520000000000000000e+05  -4.715878933991710655e+05   0.000000000000000000e+00   5.122896494159122062e-09   0.000000000000000000e+00  -3.975635586044341386e-09
 -1.540000000000000000e+05  -4.776842758405412897e+05   0.000000000000000000e+00   5.039257367723870577e-09   0.000000000000000000e+00  -3.994095002620871881e-09
 -1.560000000000000000e+05  -4.837795348635817645e+05   0.000000000000000000e+00   4.934708459679807047e-09   0.000000000000000000e+00  -4.055680843765577837e-09
 -1.580000000000000000e+05  -4.898736505400852766e+05   0.000000000000000000e+00   4.861524224048962411e-09   0.000000000000000000e+00  -4.133929167129806769e-09
 -1.600000000000000000e+05  -4.959666012063733069e+05   0.000000000000000000e+00   4.699473416580664105e-09   0.000000000000000000e+00  -4.219201870253246230e-09
 -1.620000000000000000e+05  -5.020584037365844706e+05   0.000000000000000000e+00   4.589697063134396737e-09   0.000000000000000000e+00  -4.270169462924727449e-09
 -1.640000000000000000e+05  -5.081490081992496271e+05   0.000000000000000000e+00   4.558332390721177843e-09   0.000000000000000000e+00  -4.321627128602664813e-09
 -1.660000000000000000e+05  -5.142384068833364872e+05   0.000000000000000000e+00   4.453783482677114313e-09   0.000000000000000000e+00  -4.388440415149574607e-09
 -1.680000000000000000e+05  -5.203265708073675050e+05   0.000000000000000000e+00   4.265595448197799298e-09   0.000000000000000000e+00  -4.453783482677114313e-09
 -1.700000000000000000e+05  -5.264134648115535965e+05   0.000000000000000000e+00   4.181956321762548639e-09   0.000000000000000000e+00  -4.499850345284029951e-09
 -1.720000000000000000e+05  -5.324990472951922566e+05   0.000000000000000000e+00   4.119226976936110025e-09   0.000000000000000000e+00  -4.563396478454562139e-09
 -1.740000000000000000e+05  -5.385831794831100851e+05   0.000000000000000000e+00   3.962403614870014730e-09   0.000000000000000000e+00  -4.636744071754225491e-09
 -1.760000000000000000e+05  -5.446662476779029239e+05   0.000000000000000000e+00   3.836944925217138329e-09   0.000000000000000000e+00  -4.695879547866649069e-09
 -1.780000000000000000e+05  -5.507479771207659505e+05   0.000000000000000000e+00   3.753305798781887671e-09   0.000000000000000000e+00  -4.758608892693087684e-09
 -1.800000000000000000e+05  -5.568283508152076975e+05   0.000000000000000000e+00   3.586027545911385526e-09   0.000000000000000000e+00  -4.812680281072126966e-09
 -1.820000000000000000e+05  -5.629073612337020459e+05   0.000000000000000000e+00   3.533753091889353348e-09   0.000000000000000000e+00  -4.868385246139354225e-09
 -1.840000000000000000e+05  -5.689850036718398333e+05   0.000000000000000000e+00   3.376929729823258053e-09   0.000000000000000000e+00  -4.916902473778552239e-09
 -1.860000000000000000e+05  -5.750610692021456780e+05   0.000000000000000000e+00   3.277608267181397534e-09   0.000000000000000000e+00  -4.982245541306092773e-09
 -1.880000000000000000e+05  -5.811357640631812392e+05   0.000000000000000000e+00   3.146922132126317708e-09   0.000000000000000000e+00  -5.035826856678675083e-09
 -1.900000000000000000e+05  -5.872090246793655679e+05   0.000000000000000000e+00   3.042373224082254179e-09   0.000000000000000000e+00  -5.089244814382438680e-09
 -1.920000000000000000e+05  -5.932807855043315794e+05   0.000000000000000000e+00   2.864640080407345599e-09   0.000000000000000000e+00  -5.139558976378644212e-09
 -1.940000000000000000e+05  -5.993509706519615138e+05   0.000000000000000000e+00   2.733953945352266186e-09   0.000000000000000000e+00  -5.202615036542720256e-09
 -1.960000000000000000e+05  -6.054194419581937836e+05   0.000000000000000000e+00   2.629405037308202243e-09   0.000000000000000000e+00  -5.247211680130266633e-09
 -1.980000000000000000e+05  -6.114863037192804040e+05   0.000000000000000000e+00   2.514401238459732277e-09   0.000000000000000000e+00  -5.304223506548045264e-09
 -2.000000000000000000e+05  -6.175514972538015572e+05   0.000000000000000000e+00   2.388942548806855876e-09   0.000000000000000000e+00  -5.372833727451961749e-09
 -1.980000000000000000e+05  -6.114859485955762211e+05   0.000000000000000000e+00   2.545765910872951584e-09   0.000000000000000000e+00  -5.260116935966955859e-09
 -1.960000000000000000e+05  -6.054190579180640634e+05   0.000000000000000000e+00   2.697361827536843868e-09   0.000000000000000000e+00  -5.244271242091527284e-09
 -1.940000000000000000e+05  -5.993505561394699616e+05   0.000000000000000000e+00   2.791455844776500962e-09   0.000000000000000000e+00  -5.215520292379409482e-09
 -1.920000000000000000e+05  -5.932806035571933025e+05   0.000000000000000000e+00   2.969188988451409542e-09   0.000000000000000000e+00  -5.123876640172035179e-09
 -1.900000000000000000e+05  -5.872090983425023733e+05   0.000000000000000000e+00   3.136467241321911273e-09   0.000000000000000000e+00  -5.074869339526380192e-09
 -1.880000000000000000e+05  -5.811359994154308224e+05   0.000000000000000000e+00   3.167831913735130580e-09   0.000000000000000000e+00  -5.021778097160254026e-09
 -1.860000000000000000e+05  -5.750612176714632660e+05   0.000000000000000000e+00   3.314200384996819852e-09   0.000000000000000000e+00  -4.958885394664996697e-09
 -1.840000000000000000e+05  -5.689852359096013242e+05   0.000000000000000000e+00   3.423976738443086393e-09   0.000000000000000000e+00  -4.893869042475094420e-09
 -1.820000000000000000e+05  -5.629076729432729771e+05   0.000000000000000000e+00   3.523298201084946912e-09   0.000000000000000000e+00  -4.823298529545351703e-09
 -1.800000000000000000e+05  -5.568287144167677034e+05   0.000000000000000000e+00   3.643529445335620302e-09   0.000000000000000000e+00  -4.759262323368362543e-09
 -1.780000000000000000e+05  -5.507483520812875358e+05   0.000000000000000000e+00   3.847399816021544351e-09   0.000000000000000000e+00  -4.703067285294678313e-09
 -1.760000000000000000e+05  -5.446666276954403147e+05   0.000000000000000000e+00   3.941493833261201859e-09   0.000000000000000000e+00  -4.635437210403674945e-09
 -1.740000000000000000e+05  -5.385835819216828095e+05   0.000000000000000000e+00   4.040815295903062378e-09   0.000000000000000000e+00  -4.557188887039446012e-09
 -1.720000000000000000e+05  -5.324989835148178972e+05   0.000000000000000000e+00   4.155819094751532757e-09   0.000000000000000000e+00  -4.502464067985131043e-09
 -1.700000000000000000e+05  -5.264132422249213560e+05   0.000000000000000000e+00   4.265595448197799298e-09   0.000000000000000000e+00  -4.444798810892077552e-09
 -1.680000000000000000e+05  -5.203262770858273143e+05   0.000000000000000000e+00   4.396281583252878710e-09   0.000000000000000000e+00  -4.374064940293515293e-09
 -1.660000000000000000e+05  -5.142380903401674586e+05   0.000000000000000000e+00   4.521740272905755939e-09   0.000000000000000000e+00  -4.305454719389598808e-09
 -1.640000000000000000e+05  -5.081486848346060724e+05   0.000000000000000000e+00   4.621061735547616457e-09   0.000000000000000000e+00  -4.250239827328827694e-09
 -1.620000000000000000e+05  -5.020580859546431457e+05   0.000000000000000000e+00   4.715155752787273138e-09   0.000000000000000000e+00  -4.163660262854837687e-09
 -1.600000000000000000e+05  -4.959662840612785658e+05   0.000000000000000000e+00   4.777885097613711752e-09   0.000000000000000000e+00  -4.103871356067138422e-09
 -1.580000000000000000e+05  -4.898733016508564469e+05   0.000000000000000000e+00   4.871979114853369260e-09   0.000000000000000000e+00  -4.037548142526685599e-09
 -1.560000000000000000e+05  -4.837791786641443614e+05   0.000000000000000000e+00   4.929481014277604036e-09   0.000000000000000000e+00  -3.974002009356153411e-09
 -1.540000000000000000e+05  -4.776839295320904348e+05   0.000000000000000000e+00   5.075849485539293309e-09   0.000000000000000000e+00  -3.897387262680112454e-09
 -1.520000000000000000e+05  -4.715875655235977028e+05   0.000000000000000000e+00   5.248355183811998464e-09   0.000000000000000000e+00  -3.833024341165485864e-09
 -1.500000000000000000e+05  -4.654900838947033626e+05   0.000000000000000000e+00   5.337221755649452133e-09   0.000000000000000000e+00  -3.761963755229286175e-09
 -1.480000000000000000e+05  -4.593914999554326641e+05   0.000000000000000000e+00   5.462680445302329362e-09   0.000000000000000000e+00  -3.680774993826317894e-09
 -1.460000000000000000e+05  -4.532918986222813837e+05   0.000000000000000000e+00   5.483590226911141406e-09   0.000000000000000000e+00  -3.625886817103184623e-09
 -1.440000000000000000e+05  -4.471913919803100871e+05   0.000000000000000000e+00   5.572456798748595903e-09   0.000000000000000000e+00  -3.546658347726042574e-09
 -1.420000000000000000e+05  -4.410897189848914277e+05   0.000000000000000000e+00   5.724052715412488186e-09   0.000000000000000000e+00  -3.480171776516770623e-09
 -1.400000000000000000e+05  -4.349867450815261109e+05   0.000000000000000000e+00   5.786782060238926801e-09   0.000000000000000000e+00  -3.415155424326868761e-09
 -1.380000000000000000e+05  -4.288829333011694835e+05   0.000000000000000000e+00   5.901785859087396353e-09   0.000000000000000000e+00  -3.346218488085314019e-09
 -1.360000000000000000e+05  -4.227781169698646409e+05   0.000000000000000000e+00   6.027244548740272754e-09   0.000000000000000000e+00  -3.286429581297615167e-09
 -1.340000000000000000e+05  -4.166723152541977470e+05   0.000000000000000000e+00   6.048154330349085625e-09   0.000000000000000000e+00  -3.207037754251654403e-09
 -1.320000000000000000e+05  -4.105655364287786069e+05   0.000000000000000000e+00   6.168385574599759015e-09   0.000000000000000000e+00  -3.124052058491678604e-09
 -1.300000000000000000e+05  -4.044577929437890998e+05   0.000000000000000000e+00   6.262479591839416523e-09   0.000000000000000000e+00  -3.069817312443820607e-09
 -1.280000000000000000e+05  -3.983490956919501186e+05   0.000000000000000000e+00   6.314754045861448288e-09   0.000000000000000000e+00  -3.007904755961476808e-09
 -1.260000000000000000e+05  -3.922394566805377253e+05   0.000000000000000000e+00   6.429757844709918667e-09   0.000000000000000000e+00  -2.930636578610160991e-09
 -1.240000000000000000e+05  -3.861288900034896214e+05   0.000000000000000000e+00   6.482032298731950432e-09   0.000000000000000000e+00  -2.858432488992229471e-09
 -1.220000000000000000e+05  -3.800174110332263517e+05   0.000000000000000000e+00   6.555216534362795069e-09   0.000000000000000000e+00  -2.783941392010833875e-09
 -1.200000000000000000e+05  -3.739052005647730548e+05   0.000000000000000000e+00   6.685902669417874481e-09   0.000000000000000000e+00  -2.711410587055264926e-09
 -1.180000000000000000e+05  -3.677919292387301684e+05   0.000000000000000000e+00   6.675447778613467632e-09   0.000000000000000000e+00  -2.670571169850552299e-09
 -1.160000000000000000e+05  -3.616777887132668984e+05   0.000000000000000000e+00   6.842726031483969776e-09   0.000000000000000000e+00  -2.609475401712302901e-09
 -1.140000000000000000e+05  -3.555627783273109817e+05   0.000000000000000000e+00   6.910682821712611401e-09   0.000000000000000000e+00  -2.528286640309334620e-09
 -1.120000000000000000e+05  -3.494468354418281233e+05   0.000000000000000000e+00   6.973412166539050015e-09   0.000000000000000000e+00  -2.469314521865729756e-09
 -1.100000000000000000e+05  -3.433301281441984465e+05   0.000000000000000000e+00   7.072733629180910534e-09   0.000000000000000000e+00  -2.414099629804958642e-09
 -1.080000000000000000e+05  -3.372125832599233254e+05   0.000000000000000000e+00   7.114553192398535450e-09   0.000000000000000000e+00  -2.348756562277418936e-09
 -1.060000000000000000e+05  -3.310941932866101270e+05   0.000000000000000000e+00   7.203419764235989946e-09   0.000000000000000000e+00  -2.281779918061690427e-09
 -1.040000000000000000e+05  -3.249749867544102017e+05   0.000000000000000000e+00   7.287058890671240605e-09   0.000000000000000000e+00  -2.226238310663281470e-09
 -1.020000000000000000e+05  -3.188550368614930194e+05   0.000000000000000000e+00   7.302741226877850465e-09   0.000000000000000000e+00  -2.150113636993697898e-09
 -1.000000000000000000e+05  -3.127343787719033426e+05   0.000000000000000000e+00   7.459564588943945760e-09   0.000000000000000000e+00  -2.096532321621115174e-09
 -9.800000000000000000e+04  -3.066128661778981332e+05   0.000000000000000000e+00   7.501384152161571503e-09   0.000000000000000000e+00  -2.048015093981916746e-09
 -9.600000000000000000e+04  -3.004906808968305122e+05   0.000000000000000000e+00   7.558886051585807106e-09   0.000000000000000000e+00  -2.025471735684915485e-09
 -9.400000000000000000e+04  -2.943677699658116326e+05   0.000000000000000000e+00   7.637297732618854753e-09   0.000000000000000000e+00  -1.966662974910129749e-09
 -9.200000000000000000e+04  -2.882441389928567805e+05   0.000000000000000000e+00   7.668662405032072820e-09   0.000000000000000000e+00  -1.919615966290300996e-09
 -9.000000000000000000e+04  -2.821198192015639506e+05   0.000000000000000000e+00   7.720936859054104585e-09   0.000000000000000000e+00  -1.868648373618820190e-09
 -8.800000000000000000e+04  -2.759948286218627472e+05   0.000000000000000000e+00   7.788893649282746210e-09   0.000000000000000000e+00  -1.779618444112546979e-09
 -8.600000000000000000e+04  -2.698691850515730330e+05   0.000000000000000000e+00   7.856850439511387835e-09   0.000000000000000000e+00  -1.731264574142167472e-09
 -8.400000000000000000e+04  -2.637429073219863349e+05   0.000000000000000000e+00   7.930034675142233299e-09   0.000000000000000000e+00  -1.695489244670839555e-09
 -8.200000000000000000e+04  -2.576160066772055288e+05   0.000000000000000000e+00   7.992764019968671086e-09   0.000000000000000000e+00  -1.645011725005814894e-09
 -8.000000000000000000e+04  -2.514885180171416141e+05   0.000000000000000000e+00   8.060720810197312711e-09   0.000000000000000000e+00  -1.589470117607406144e-09
 -7.800000000000000000e+04  -2.453604531221886864e+05   0.000000000000000000e+00   8.076403146403922571e-09   0.000000000000000000e+00  -1.525923984436873749e-09
 -7.600000000000000000e+04  -2.392318350616998214e+05   0.000000000000000000e+00   8.133905045828156520e-09   0.000000000000000000e+00  -1.450616099111383958e-09
 -7.400000000000000000e+04  -2.331026843945151777e+05   0.000000000000000000e+00   8.144359936632562542e-09   0.000000000000000000e+00  -1.400301937115178426e-09
 -7.200000000000000000e+04  -2.269730225400949130e+05   0.000000000000000000e+00   8.275046071687643609e-09   0.000000000000000000e+00  -1.330221497191891853e-09
 -7.000000000000000000e+04  -2.208428715007328137e+05   0.000000000000000000e+00   8.311638189503065514e-09   0.000000000000000000e+00  -1.307351423557252956e-09
 -6.800000000000000000e+04  -2.147122535443658708e+05   0.000000000000000000e+00   8.243681399274423888e-09   0.000000000000000000e+00  -1.256547188554590659e-09
 -6.600000000000000000e+04  -2.085811911544965114e+05   0.000000000000000000e+00   8.447551769960348764e-09   0.000000000000000000e+00  -1.169314193405325172e-09
 -6.400000000000000000e+04  -2.024497055971975205e+05   0.000000000000000000e+00   8.468461551569160808e-09   0.000000000000000000e+00  -1.105277987228336012e-09
 -6.200000000000000000e+04  -1.963178218150060857e+05   0.000000000000000000e+00   8.578237905015428177e-09   0.000000000000000000e+00  -1.094496381086291939e-09
 -6.000000000000000000e+04  -1.901855539165880764e+05   0.000000000000000000e+00   8.562555568808818316e-09   0.000000000000000000e+00  -1.037157839330875878e-09
 -5.800000000000000000e+04  -1.840529439155862783e+05   0.000000000000000000e+00   8.609602577428646243e-09   0.000000000000000000e+00  -1.000892436853091197e-09
 -5.600000000000000000e+04  -1.779200037435400882e+05   0.000000000000000000e+00   8.682786813059491706e-09   0.000000000000000000e+00  -9.667506840699516691e-10
 -5.400000000000000000e+04  -1.717867572830021381e+05   0.000000000000000000e+00   8.703696594668303751e-09   0.000000000000000000e+00  -9.311387122674424672e-10
 -5.200000000000000000e+04  -1.656532270220431383e+05   0.000000000000000000e+00   8.761198494092539354e-09   0.000000000000000000e+00  -8.783741852389540408e-10
 -5.000000000000000000e+04  -1.595194357431616809e+05   0.000000000000000000e+00   8.771653384896945376e-09   0.000000000000000000e+00  -8.390049870536112954e-10
 -4.800000000000000000e+04  -1.533854058614353999e+05   0.000000000000000000e+00   8.839610175125587001e-09   0.000000000000000000e+00  -8.148280520684215421e-10
 -4.600000000000000000e+04  -1.472511593195987225e+05   0.000000000000000000e+00   8.829155284321180979e-09   0.000000000000000000e+00  -7.844435256681155581e-10
 -4.400000000000000000e+04  -1.411167176072267466e+05   0.000000000000000000e+00   8.844837620527790839e-09   0.000000000000000000e+00  -7.416438164375770092e-10
 -4.200000000000000000e+04  -1.349821016566730686e+05   0.000000000000000000e+00   8.823927838918977141e-09   0.000000000000000000e+00  -6.776076102605879524e-10
 -4.000000000000000000e+04  -1.288473318224992690e+05   0.000000000000000000e+00   8.897112074549822604e-09   0.000000000000000000e+00  -6.254965139073749023e-10
 -3.800000000000000000e+04  -1.227124278713983804e+05   0.000000000000000000e+00   9.132347117648965547e-09   0.000000000000000000e+00  -5.893944690984091422e-10
 -3.600000000000000000e+04  -1.165774088962560490e+05   0.000000000000000000e+00   9.017343318800495995e-09   0.000000000000000000e+00  -5.795930089692781863e-10
 -3.400000000000000000e+04  -1.104422932662817911e+05   0.000000000000000000e+00   9.043480545811511877e-09   0.000000000000000000e+00  -5.545992856399942384e-10
 -3.200000000000000000e+04  -1.043070985939640668e+05   0.000000000000000000e+00   9.111437336040151848e-09   0.000000000000000000e+00  -5.126163647535498841e-10
 -3.000000000000000000e+04  -9.817184170679570525e+04   0.000000000000000000e+00   9.059162882018120083e-09   0.000000000000000000e+00  -4.819051230156061602e-10
 -2.800000000000000000e+04  -9.203653859552569338e+04   0.000000000000000000e+00   9.137574563051167730e-09   0.000000000000000000e+00  -4.466198665507346465e-10
 -2.600000000000000000e+04  -8.590120444907411002e+04   0.000000000000000000e+00   9.153256899257777591e-09   0.000000000000000000e+00  -4.286505229806612273e-10
 -2.400000000000000000e+04  -7.976585352752372273e+04   0.000000000000000000e+00   9.205531353279809356e-09   0.000000000000000000e+00  -3.809500836855571487e-10
 -2.200000000000000000e+04  -7.363049930189458246e+04   0.000000000000000000e+00   9.111437336040151848e-09   0.000000000000000000e+00  -3.247550456118729187e-10
 -2.000000000000000000e+04  -6.749516444921416405e+04   0.000000000000000000e+00   9.148029453855575407e-09   0.000000000000000000e+00  -2.868560664458997960e-10
 -1.800000000000000000e+04  -6.135984367823284265e+04   0.000000000000000000e+00   9.205531353279809356e-09   0.000000000000000000e+00  -2.759111026350369056e-10
 -1.600000000000000000e+04  -5.522455158458717779e+04   0.000000000000000000e+00   9.210758798682013194e-09   0.000000000000000000e+00  -2.363785467808752903e-10
 -1.400000000000000000e+04  -4.908930091102496954e+04   0.000000000000000000e+00   9.299625370519466864e-09   0.000000000000000000e+00  -1.764262823243575168e-10
 -1.200000000000000000e+04  -4.295410085988756327e+04   0.000000000000000000e+00   9.226441134888623054e-09   0.000000000000000000e+00  -1.362402957949205252e-10
 -1.000000000000000000e+04  -3.681895969095686451e+04   0.000000000000000000e+00   9.320535152128280562e-09   0.000000000000000000e+00  -1.035687620311506204e-10
 -8.000000000000000000e+03  -3.068388484667501325e+04   0.000000000000000000e+00   9.299625370519466864e-09   0.000000000000000000e+00  -6.615985587163406882e-11
 -6.000000000000000000e+03  -2.454888298575429508e+04   0.000000000000000000e+00   9.336217488334888768e-09   0.000000000000000000e+00  -2.385021964755203282e-11
 -4.000000000000000000e+03  -1.841396008254272238e+04   0.000000000000000000e+00   9.383264496954718349e-09   0.000000000000000000e+00  -2.728073069274787515e-11
 -2.000000000000000000e+03  -1.227912126570879991e+04   0.000000000000000000e+00   9.336217488334888768e-09   0.000000000000000000e+00   4.900730064565486848e-12
  0.000000000000000000e+00  -6.144371080068247466e+03   0.000000000000000000e+00   9.362354715345904651e-09   0.000000000000000000e+00   6.926365157919221003e-11
  2.000000000000000000e+03  -9.713254774048770912e+00   0.000000000000000000e+00   9.304852815921670702e-09   0.000000000000000000e+00   1.334632154250000722e-10
  4.000000000000000000e+03   6.124849106750904866e+03   0.000000000000000000e+00   9.461676177987765997e-09   0.000000000000000000e+00   1.613973767930233431e-10
  6.000000000000000000e+03   1.225931376373885541e+04   0.000000000000000000e+00   9.372809606150312327e-09   0.000000000000000000e+00   1.788766473566402558e-10
  8.000000000000000000e+03   1.839367909445336772e+04   0.000000000000000000e+00   9.398946833161328210e-09   0.000000000000000000e+00   1.770797129996329191e-10
  1.000000000000000000e+04   2.452794418369460254e+04   0.000000000000000000e+00   9.466903623389969835e-09   0.000000000000000000e+00   1.935788375503367156e-10
  1.200000000000000000e+04   3.066210865533744436e+04   0.000000000000000000e+00   9.472131068792172019e-09   0.000000000000000000e+00   2.198794222301714938e-10
  1.400000000000000000e+04   3.679617246013682598e+04   0.000000000000000000e+00   9.503495741205391739e-09   0.000000000000000000e+00   2.362151891120564721e-10
  1.600000000000000000e+04   4.293013600226079143e+04   0.000000000000000000e+00   9.513950632009797762e-09   0.000000000000000000e+00   2.721538762522033622e-10
  1.800000000000000000e+04   4.906399996230544639e+04   0.000000000000000000e+00   9.482585959596578041e-09   0.000000000000000000e+00   2.675798615252755724e-10
  2.000000000000000000e+04   5.519776543471485638e+04   0.000000000000000000e+00   9.430311505574546276e-09   0.000000000000000000e+00   2.860392781018055497e-10
  2.200000000000000000e+04   6.133143440231106069e+04   0.000000000000000000e+00   9.357127269943702467e-09   0.000000000000000000e+00   3.172405928462058318e-10
  2.400000000000000000e+04   6.746500983073811221e+04   0.000000000000000000e+00   9.456448732585562158e-09   0.000000000000000000e+00   3.735989885887089318e-10
  2.600000000000000000e+04   7.359849573795184551e+04   0.000000000000000000e+00   9.482585959596578041e-09   0.000000000000000000e+00   3.894446824641373519e-10
  2.800000000000000000e+04   7.973189640519979002e+04   0.000000000000000000e+00   9.545315304423017482e-09   0.000000000000000000e+00   4.008797192814568004e-10
  3.000000000000000000e+04   8.586521124052321829e+04   0.000000000000000000e+00   9.508723186607593923e-09   0.000000000000000000e+00   4.191757781891679595e-10
  3.200000000000000000e+04   9.199845322990445129e+04   0.000000000000000000e+00   9.503495741205391739e-09   0.000000000000000000e+00   3.855240984124849385e-10
  3.400000000000000000e+04   9.813161753478510946e+04   0.000000000000000000e+00   9.445993841781156136e-09   0.000000000000000000e+00   4.018598652943699167e-10
  3.600000000000000000e+04   1.042647072315332334e+05   0.000000000000000000e+00   9.524405522814203784e-09   0.000000000000000000e+00   4.224429315655449448e-10
  3.800000000000000000e+04   1.103977328679295460e+05   0.000000000000000000e+00   9.498268295803187901e-09   0.000000000000000000e+00   4.636090641078950011e-10
  4.000000000000000000e+04   1.165307103532165929e+05   0.000000000000000000e+00   9.566225086031829526e-09   0.000000000000000000e+00   4.953004518587518413e-10
  4.200000000000000000e+04   1.226636483362357976e+05   0.000000000000000000e+00   9.524405522814203784e-09   0.000000000000000000e+00   4.409023481420749222e-10
  4.400000000000000000e+04   1.287965452131168859e+05   0.000000000000000000e+00   9.508723186607593923e-09   0.000000000000000000e+00   4.699800131918301534e-10
  4.600000000000000000e+04   1.349293488856794138e+05   0.000000000000000000e+00   9.566225086031829526e-09   0.000000000000000000e+00   4.312642456817628362e-10
  4.800000000000000000e+04   1.410621441652973590e+05   0.000000000000000000e+00   9.555770195227423504e-09   0.000000000000000000e+00   4.404122751356183640e-10
  5.000000000000000000e+04   1.471949378955854045e+05   0.000000000000000000e+00   9.414629169367938070e-09   0.000000000000000000e+00   4.523373849593944224e-10
  5.200000000000000000e+04   1.533277253989404417e+05   0.000000000000000000e+00   9.571452531434033365e-09   0.000000000000000000e+00   4.178689168386171551e-10
  5.400000000000000000e+04   1.594605029350821569e+05   0.000000000000000000e+00   9.566225086031829526e-09   0.000000000000000000e+00   3.865042444253980547e-10
  5.600000000000000000e+04   1.655932741830786981e+05   0.000000000000000000e+00   9.472131068792172019e-09   0.000000000000000000e+00   3.218146075731336216e-10
  5.800000000000000000e+04   1.717260476833998691e+05   0.000000000000000000e+00   9.466903623389969835e-09   0.000000000000000000e+00   3.443579658701348305e-10
  6.000000000000000000e+04   1.778588319714547833e+05   0.000000000000000000e+00   9.466903623389969835e-09   0.000000000000000000e+00   3.188741695343943244e-10
  6.200000000000000000e+04   1.839916592582284065e+05   0.000000000000000000e+00   9.456448732585562158e-09   0.000000000000000000e+00   2.986178186008569845e-10
  6.400000000000000000e+04   1.901245722066158196e+05   0.000000000000000000e+00   9.503495741205391739e-09   0.000000000000000000e+00   2.616989854477969781e-10
  6.600000000000000000e+04   1.962574804451398086e+05   0.000000000000000000e+00   9.513950632009797762e-09   0.000000000000000000e+00   1.716889099286108830e-10
  6.800000000000000000e+04   2.023904033000264899e+05   0.000000000000000000e+00   9.472131068792172019e-09   0.000000000000000000e+00   1.444081792358630143e-10
  7.000000000000000000e+04   2.085234010466554610e+05   0.000000000000000000e+00   9.425084060172344092e-09   0.000000000000000000e+00   5.848204543714813783e-11
  7.200000000000000000e+04   2.146565560062479926e+05   0.000000000000000000e+00   9.367582160748108489e-09   0.000000000000000000e+00   6.044233746297433160e-11
  7.400000000000000000e+04   2.207898492117799469e+05   0.000000000000000000e+00   9.372809606150312327e-09   0.000000000000000000e+00  -2.450365032282743424e-12
  7.600000000000000000e+04   2.269232961741523468e+05   0.000000000000000000e+00   9.404174278563530393e-09   0.000000000000000000e+00  -6.926365157919221003e-11
  7.800000000000000000e+04   2.330569954769628821e+05   0.000000000000000000e+00   9.362354715345904651e-09   0.000000000000000000e+00  -1.207213172571298191e-10
  8.000000000000000000e+04   2.391906929493871867e+05   0.000000000000000000e+00   9.357127269943702467e-09   0.000000000000000000e+00  -2.692134382134640650e-10
  8.200000000000000000e+04   2.453245582263980759e+05   0.000000000000000000e+00   9.367582160748108489e-09   0.000000000000000000e+00  -3.244283302742352305e-10
  8.400000000000000000e+04   2.514586090646983066e+05   0.000000000000000000e+00   9.273488143508450981e-09   0.000000000000000000e+00  -3.938553395222462717e-10
  8.600000000000000000e+04   2.575928140142601624e+05   0.000000000000000000e+00   9.242123471095232915e-09   0.000000000000000000e+00  -4.309375303441250963e-10
  8.800000000000000000e+04   2.637272786434042500e+05   0.000000000000000000e+00   9.304852815921670702e-09   0.000000000000000000e+00  -4.770043929510406822e-10
  9.000000000000000000e+04   2.698621511857841979e+05   0.000000000000000000e+00   9.283943034312857003e-09   0.000000000000000000e+00  -5.841670236962060278e-10
  9.200000000000000000e+04   2.759977007263189880e+05   0.000000000000000000e+00   9.341444933737092606e-09   0.000000000000000000e+00  -6.609451280410652859e-10
  9.400000000000000000e+04   2.821332562798146973e+05   0.000000000000000000e+00   9.200303907877607172e-09   0.000000000000000000e+00  -8.403118484041620482e-10
  9.600000000000000000e+04   2.882692555134954746e+05   0.000000000000000000e+00   9.273488143508450981e-09   0.000000000000000000e+00  -9.344058656438194525e-10
  9.800000000000000000e+04   2.944057431576846284e+05   0.000000000000000000e+00   9.085300109029135966e-09   0.000000000000000000e+00  -1.004322947898287104e-09
  1.000000000000000000e+05   3.005427934003830887e+05   0.000000000000000000e+00   9.127119672246761708e-09   0.000000000000000000e+00  -1.034054043623317608e-09
  1.020000000000000000e+05   3.066805035181060666e+05   0.000000000000000000e+00   9.195076462475403334e-09   0.000000000000000000e+00  -1.111322220974633424e-09
  1.040000000000000000e+05   3.128190132133595180e+05   0.000000000000000000e+00   9.195076462475403334e-09   0.000000000000000000e+00  -1.254586896528764633e-09
  1.060000000000000000e+05   3.189585113431614009e+05   0.000000000000000000e+00   9.179394126268793473e-09   0.000000000000000000e+00  -1.369590695377234599e-09
  1.080000000000000000e+05   3.250994468940968509e+05   0.000000000000000000e+00   9.038253100409308039e-09   0.000000000000000000e+00  -1.505177560496879799e-09
  1.100000000000000000e+05   3.312420931534252013e+05   0.000000000000000000e+00   8.985978646387276274e-09   0.000000000000000000e+00  -1.635373622545502860e-09
  1.120000000000000000e+05   3.373869995337515138e+05   0.000000000000000000e+00   8.907566965354228627e-09   0.000000000000000000e+00  -1.707414354494615459e-09
  1.140000000000000000e+05   3.435355804668152705e+05   0.000000000000000000e+00   8.996433537191682296e-09   0.000000000000000000e+00  -1.847901949678826034e-09
  1.160000000000000000e+05   3.496912238537533558e+05   0.000000000000000000e+00   8.881429738343212744e-09   0.000000000000000000e+00  -2.031515969431212898e-09
  1.180000000000000000e+05   3.677918595668211346e+05   0.000000000000000000e+00   1.188198339920784035e-08   0.000000000000000000e+00  -1.223499932152537514e-08
  1.200000000000000000e+05   3.739051384312495356e+05   0.000000000000000000e+00   1.303202138769254249e-08   0.000000000000000000e+00  -7.671276127733175566e-09
  1.220000000000000000e+05   3.800176544431821676e+05   0.000000000000000000e+00   1.075285519233195357e-08   0.000000000000000000e+00  -5.521325848408295969e-09
  1.240000000000000000e+05   3.861290033252025023e+05   0.000000000000000000e+00   8.233226508470017866e-09   0.000000000000000000e+00  -6.609287922741834351e-09
  1.260000000000000000e+05   3.922397044897440355e+05   0.000000000000000000e+00   8.212316726861204168e-09   0.000000000000000000e+00  -8.697815718590825053e-09
  1.280000000000000000e+05   3.983493385245213867e+05   0.000000000000000000e+00   9.785777792924364263e-09   0.000000000000000000e+00  -9.461676177987765997e-09
  1.300000000000000000e+05   4.044580294394961675e+05   0.000000000000000000e+00   1.093058833600686091e-08   0.000000000000000000e+00  -8.486430895139234331e-09
  1.320000000000000000e+05   4.105657651227412862e+05   0.000000000000000000e+00   1.063262394808128018e-08   0.000000000000000000e+00  -7.321364001123198847e-09
  1.340000000000000000e+05   4.166725327895969967e+05   0.000000000000000000e+00   9.796232683728770285e-09   0.000000000000000000e+00  -7.218775385104961550e-09
  1.360000000000000000e+05   4.227783179778241320e+05   0.000000000000000000e+00   9.493040850400985717e-09   0.000000000000000000e+00  -7.839371168947771284e-09
  1.380000000000000000e+05   4.288831059721425991e+05   0.000000000000000000e+00   9.942601154990459557e-09   0.000000000000000000e+00  -8.180298623772709588e-09
  1.400000000000000000e+05   4.349868816593785305e+05   0.000000000000000000e+00   1.041829868659094928e-08   0.000000000000000000e+00  -7.902753944449483931e-09
  1.420000000000000000e+05   4.410894699058306869e+05   0.000000000000000000e+00   1.026670276992705617e-08   0.000000000000000000e+00  -7.474920209812918191e-09
  1.440000000000000000e+05   4.471912573452543002e+05   0.000000000000000000e+00   1.007328729004553897e-08   0.000000000000000000e+00  -7.389647506689477902e-09
  1.460000000000000000e+05   4.532921850610786350e+05   0.000000000000000000e+00   9.984420718208085300e-09   0.000000000000000000e+00  -7.538302985314630837e-09
  1.480000000000000000e+05   4.593918558062334196e+05   0.000000000000000000e+00   1.024056554291604029e-08   0.000000000000000000e+00  -7.575385176136509713e-09
  1.500000000000000000e+05   4.654904103554842877e+05   0.000000000000000000e+00   1.030852233314468191e-08   0.000000000000000000e+00  -7.411210718973566460e-09
  1.520000000000000000e+05   4.715878933991658851e+05   0.000000000000000000e+00   1.029806744234027589e-08   0.000000000000000000e+00  -7.253243853225738507e-09
  1.540000000000000000e+05   4.776842758405361674e+05   0.000000000000000000e+00   1.025624787912265015e-08   0.000000000000000000e+00  -7.204399910248903063e-09
  1.560000000000000000e+05   4.837795348635766422e+05   0.000000000000000000e+00   1.028238510613366603e-08   0.000000000000000000e+00  -7.194271734782134470e-09
  1.580000000000000000e+05   4.898736505400798051e+05   0.000000000000000000e+00   1.038170656877552738e-08   0.000000000000000000e+00  -7.136116404682624008e-09
  1.600000000000000000e+05   4.959666012063680682e+05   0.000000000000000000e+00   1.041829868659094928e-08   0.000000000000000000e+00  -7.013598153068486955e-09
  1.620000000000000000e+05   5.020584037365790573e+05   0.000000000000000000e+00   1.043398102279755914e-08   0.000000000000000000e+00  -6.934696399028982336e-09
  1.640000000000000000e+05   5.081490081992442720e+05   0.000000000000000000e+00   1.034511445096010382e-08   0.000000000000000000e+00  -6.877031141935928018e-09
  1.660000000000000000e+05   5.142384068833310739e+05   0.000000000000000000e+00   1.044443591360196516e-08   0.000000000000000000e+00  -6.798456103234061656e-09
  1.680000000000000000e+05   5.203265708073620335e+05   0.000000000000000000e+00   1.045489080440637118e-08   0.000000000000000000e+00  -6.704525443663222863e-09
  1.700000000000000000e+05   5.264134648115481250e+05   0.000000000000000000e+00   1.044443591360196516e-08   0.000000000000000000e+00  -6.628727485331277135e-09
  1.720000000000000000e+05   5.324990472951866686e+05   0.000000000000000000e+00   1.052807504003721665e-08   0.000000000000000000e+00  -6.555869965038069928e-09
  1.740000000000000000e+05   5.385831794831044972e+05   0.000000000000000000e+00   1.049671036762399693e-08   0.000000000000000000e+00  -6.460795801785500131e-09
  1.760000000000000000e+05   5.446662476778971031e+05   0.000000000000000000e+00   1.056466715785263855e-08   0.000000000000000000e+00  -6.376829960012611216e-09
  1.780000000000000000e+05   5.507479771207601298e+05   0.000000000000000000e+00   1.059603183026585662e-08   0.000000000000000000e+00  -6.279632147065395644e-09
  1.800000000000000000e+05   5.568283508152018767e+05   0.000000000000000000e+00   1.055421226704823253e-08   0.000000000000000000e+00  -6.203670831064630374e-09
  1.820000000000000000e+05   5.629073612336963415e+05   0.000000000000000000e+00   1.058557693946145060e-08   0.000000000000000000e+00  -6.106799733455053060e-09
  1.840000000000000000e+05   5.689850036718340125e+05   0.000000000000000000e+00   1.056989460325484074e-08   0.000000000000000000e+00  -6.021363672662794056e-09
  1.860000000000000000e+05   5.750610692021397408e+05   0.000000000000000000e+00   1.060648672107026430e-08   0.000000000000000000e+00  -5.941318414941558433e-09
  1.880000000000000000e+05   5.811357640631753020e+05   0.000000000000000000e+00   1.061171416647246648e-08   0.000000000000000000e+00  -5.849348047396545873e-09
  1.900000000000000000e+05   5.872090246793597471e+05   0.000000000000000000e+00   1.063785139348348236e-08   0.000000000000000000e+00  -5.749373154079409667e-09
  1.920000000000000000e+05   5.932807855043255258e+05   0.000000000000000000e+00   1.068489840210331194e-08   0.000000000000000000e+00  -5.648418114749361173e-09
  1.940000000000000000e+05   5.993509706519555766e+05   0.000000000000000000e+00   1.061171416647246648e-08   0.000000000000000000e+00  -5.556121031866711183e-09
  1.960000000000000000e+05   6.054194419581877301e+05   0.000000000000000000e+00   1.070580818371212399e-08   0.000000000000000000e+00  -5.461210226282959274e-09
  1.980000000000000000e+05   6.114863037192741176e+05   0.000000000000000000e+00   1.071103562911432783e-08   0.000000000000000000e+00  -5.351760588174330162e-09
  2.000000000000000000e+05   6.175514972537952708e+05   0.000000000000000000e+00   1.074762774692974973e-08   0.000000000000000000e+00  -5.250478833506643411e-09
