  0.000000000000000000e+00   8.598682900726492517e+05   0.000000000000000000e+00   1.505070521731482222e+04   0.000000000000000000e+00   0.000000000000000000e+00
  1.499772000000000116e+05   7.558697937358100899e+05   2.617900000000000091e+03   6.754799175380695669e+04   0.000000000000000000e+00   2.393270754437118012e+05
  1.489773520000000135e+05   7.552625981028508395e+05   2.600447333333333518e+03   6.826248146335389174e+04   0.000000000000000000e+00   2.393786982911579544e+05
  1.479775040000000154e+05   7.546476675549366046e+05   2.582994666666666944e+03   6.898088842818852572e+04   0.000000000000000000e+00   2.394253476869506994e+05
  1.469776560000000172e+05   7.540249497580461903e+05   2.565541999999999916e+03   6.970240759142569732e+04   0.000000000000000000e+00   2.394670106629663787e+05
  1.459778080000000191e+05   7.533943516353465384e+05   2.548089333333333343e+03   7.042620871580639505e+04   0.000000000000000000e+00   2.395036321277943207e+05
  1.449779600000000210e+05   7.527557899510822026e+05   2.530636666666666770e+03   7.115144430173127330e+04   0.000000000000000000e+00   2.395351662605692691e+05
  1.439781120000000228e+05   7.521091881220397772e+05   2.513184000000000196e+03   7.187727894721318444e+04   0.000000000000000000e+00   2.395615737534528598e+05
  1.429782640000000247e+05   7.514544895004782593e+05   2.495731333333333623e+03   7.260279058526344306e+04   0.000000000000000000e+00   2.395827929134780134e+05
  1.419784159999999974e+05   7.507915204086862504e+05   2.478278666666666595e+03   7.332783107001413009e+04   0.000000000000000000e+00   2.395987500056641293e+05
  1.409785679999999993e+05   7.501203429989168653e+05   2.460826000000000022e+03   7.405091895411249425e+04   0.000000000000000000e+00   2.396095745968570409e+05
  1.399787200000000012e+05   7.494409664587812731e+05   2.443373333333333449e+03   7.477124014326537144e+04   0.000000000000000000e+00   2.396152484517332050e+05
  1.389788720000000030e+05   7.487530671822531149e+05   2.425920666666666875e+03   7.548913911161523720e+04   0.000000000000000000e+00   2.396155260241724027e+05
  1.379790240000000049e+05   7.480566685822871514e+05   2.408467999999999847e+03   7.620368268444092246e+04   0.000000000000000000e+00   2.396104693365073763e+05
  1.369791760000000068e+05   7.473516837135875830e+05   2.391015333333333274e+03   7.691444528928909858e+04   0.000000000000000000e+00   2.396000391483935236e+05
  1.359793280000000086e+05   7.466380644276232924e+05   2.373562666666666701e+03   7.762110786915157223e+04   0.000000000000000000e+00   2.395841716615220939e+05
  1.349794800000000105e+05   7.459156058990472229e+05   2.356110000000000127e+03   7.832331106687212014e+04   0.000000000000000000e+00   2.395628650620260159e+05
  1.339796320000000123e+05   7.451842337250956334e+05   2.338657333333333554e+03   7.902134617145330412e+04   0.000000000000000000e+00   2.395359622787385597e+05
  1.329797840000000142e+05   7.444438647951559396e+05   2.321204666666666526e+03   7.971421853870130144e+04   0.000000000000000000e+00   2.395034969624887162e+05
  1.319799360000000161e+05   7.436943340501459315e+05   2.303751999999999953e+03   8.040216236971854232e+04   0.000000000000000000e+00   2.394653580449443543e+05
  1.309800880000000179e+05   7.429354859554463765e+05   2.286299333333333379e+03   8.108519803105122992e+04   0.000000000000000000e+00   2.394214741878057248e+05
  1.299802400000000198e+05   7.421672159548784839e+05   2.268846666666666806e+03   8.176309494222712237e+04   0.000000000000000000e+00   2.393717686000322574e+05
  1.289803920000000071e+05   7.413893134685863042e+05   2.251394000000000233e+03   8.243616311704445980e+04   0.000000000000000000e+00   2.393161390872178599e+05
  1.279805440000000090e+05   7.406016177920930786e+05   2.233941333333333205e+03   8.310436737195841852e+04   0.000000000000000000e+00   2.392544713071997394e+05
  1.269806960000000108e+05   7.398039543401249684e+05   2.216488666666666631e+03   8.376767284067044966e+04   0.000000000000000000e+00   2.391866477011186362e+05
  1.259808480000000127e+05   7.389961503166309558e+05   2.199036000000000058e+03   8.442609397084417287e+04   0.000000000000000000e+00   2.391125116738811485e+05
  1.249810000000000000e+05   7.381780294955548597e+05   2.181583333333333485e+03   8.507995207532923087e+04   0.000000000000000000e+00   2.390320788414548151e+05
  1.239811520000000019e+05   7.373493867153638275e+05   2.164130666666666912e+03   8.572933923311052786e+04   0.000000000000000000e+00   2.389451842733141384e+05
  1.229813040000000037e+05   7.365100151801662287e+05   2.146677999999999884e+03   8.637443626087458688e+04   0.000000000000000000e+00   2.388516980585749261e+05
  1.219814560000000056e+05   7.356597032600124367e+05   2.129225333333333310e+03   8.701540498499337991e+04   0.000000000000000000e+00   2.387514623869655479e+05
  1.209816080000000075e+05   7.347981259921347955e+05   2.111772666666666737e+03   8.765277862576501502e+04   0.000000000000000000e+00   2.386442567863005679e+05
  1.199817600000000093e+05   7.339253013340487378e+05   2.094320000000000164e+03   8.828605626305202895e+04   0.000000000000000000e+00   2.385301827598392265e+05
  1.189819120000000112e+05   7.330409191526154755e+05   2.076867333333333590e+03   8.891579212100643781e+04   0.000000000000000000e+00   2.384090117004438362e+05
  1.179820640000000130e+05   7.321448588053737767e+05   2.059414666666666562e+03   8.954203592789554386e+04   0.000000000000000000e+00   2.382807505367065023e+05
  1.169822160000000149e+05   7.312366189808709314e+05   2.041961999999999989e+03   9.016554992351977853e+04   0.000000000000000000e+00   2.381448483918948914e+05
  1.159823680000000168e+05   7.303162566429895815e+05   2.024509333333333416e+03   9.078606027887818345e+04   0.000000000000000000e+00   2.380015827052970417e+05
  1.149825200000000186e+05   7.293834590795513941e+05   2.007056666666666843e+03   9.140397445386093750e+04   0.000000000000000000e+00   2.378506795599830220e+05
  1.139826720000000205e+05   7.284380206785543123e+05   1.989604000000000042e+03   9.201948282058126642e+04   0.000000000000000000e+00   2.376919999610550585e+05
  1.129828240000000078e+05   7.274797440054552862e+05   1.972151333333333241e+03   9.263292786985464045e+04   0.000000000000000000e+00   2.375254221033076756e+05
  1.119829760000000097e+05   7.265084061890329467e+05   1.954698666666666668e+03   9.324451128082528885e+04   0.000000000000000000e+00   2.373508199614895566e+05
  1.109831279999999970e+05   7.255237928015133366e+05   1.937246000000000095e+03   9.385449148428908666e+04   0.000000000000000000e+00   2.371680592857894953e+05
  1.099832800000000134e+05   7.245256798491617665e+05   1.919793333333333521e+03   9.446361058174494246e+04   0.000000000000000000e+00   2.369769770641886571e+05
  1.089834320000000007e+05   7.235138730709798401e+05   1.902340666666666721e+03   9.507114351358974818e+04   0.000000000000000000e+00   2.367774662274936272e+05
  1.079835840000000026e+05   7.224881784401308978e+05   1.884887999999999920e+03   9.567717051651040674e+04   0.000000000000000000e+00   2.365694200258855126e+05
  1.069837360000000044e+05   7.214483568609099602e+05   1.867435333333333347e+03   9.628300449603154266e+04   0.000000000000000000e+00   2.363526442897893139e+05
  1.059838880000000063e+05   7.203942175612027058e+05   1.849982666666666773e+03   9.688827396088745445e+04   0.000000000000000000e+00   2.361270338607667654e+05
  1.049840400000000081e+05   7.193255559849053388e+05   1.832530000000000200e+03   9.749311483238208166e+04   0.000000000000000000e+00   2.358924542386821704e+05
  1.039841920000000100e+05   7.182422365306576248e+05   1.815077333333333399e+03   9.809792065459064906e+04   0.000000000000000000e+00   2.356487717653073778e+05
  1.029843440000000119e+05   7.171439436650181888e+05   1.797624666666666599e+03   9.870206741905497620e+04   0.000000000000000000e+00   2.353958556693426217e+05
  1.019844960000000137e+05   7.160305057332385331e+05   1.780172000000000025e+03   9.930598194988722389e+04   0.000000000000000000e+00   2.351335622800826677e+05
  1.009846480000000156e+05   7.149015639133211225e+05   1.762719333333333452e+03   9.990955588324858400e+04   0.000000000000000000e+00   2.348616790319902648e+05
  9.998480000000000291e+04   7.137571765346101020e+05   1.745266666666666879e+03   1.005128390836569743e+05   0.000000000000000000e+00   2.345801545938845375e+05
  9.898495200000001932e+04   7.125969969543881016e+05   1.727814000000000078e+03   1.011155225629973138e+05   0.000000000000000000e+00   2.342887969368266931e+05
  9.798510400000000664e+04   7.114207958478479413e+05   1.710361333333333278e+03   1.017173012978951156e+05   0.000000000000000000e+00   2.339874488392745552e+05
  9.698525600000000850e+04   7.102283346813821699e+05   1.692908666666666704e+03   1.023177740786514769e+05   0.000000000000000000e+00   2.336759424867913185e+05
  9.598540799999999581e+04   7.090193588926900411e+05   1.675456000000000131e+03   1.029163977439272567e+05   0.000000000000000000e+00   2.333540965617995535e+05
  9.498555999999999767e+04   7.077935977469667559e+05   1.658003333333333558e+03   1.035124487956433004e+05   0.000000000000000000e+00   2.330217190728238784e+05
  9.398571199999999953e+04   7.065507591506572207e+05   1.640550666666666757e+03   1.041049989343145717e+05   0.000000000000000000e+00   2.326786022672965482e+05
  9.298586400000000140e+04   7.052905270186027046e+05   1.623097999999999956e+03   1.046928637814544782e+05   0.000000000000000000e+00   2.323245227456163557e+05
  9.198601600000000326e+04   7.040125520816815551e+05   1.605645333333333383e+03   1.052745550734583812e+05   0.000000000000000000e+00   2.319592351043465314e+05
  9.098616800000000512e+04   7.027164450811299030e+05   1.588192666666666810e+03   1.058482087279938278e+05   0.000000000000000000e+00   2.315824701059275249e+05
  8.998632000000000698e+04   7.014017642322415486e+05   1.570740000000000009e+03   1.064115024197322346e+05   0.000000000000000000e+00   2.311939280607331893e+05
  8.898647200000000885e+04   7.000680675920526264e+05   1.553287333333333436e+03   1.069613856964401348e+05   0.000000000000000000e+00   2.307933542182882084e+05
  8.798662400000001071e+04   6.987146004397455836e+05   1.535834666666666635e+03   1.074946248824092763e+05   0.000000000000000000e+00   2.303801752406866872e+05
  8.698677600000001257e+04   6.973407090273131616e+05   1.518382000000000062e+03   1.080066337056678458e+05   0.000000000000000000e+00   2.299539946450471762e+05
  8.598692800000001444e+04   6.959455649209772237e+05   1.500929333333333489e+03   1.084914080648170493e+05   0.000000000000000000e+00   2.295143997069809411e+05
  8.498708000000001630e+04   6.945280716207848163e+05   1.483476666666666688e+03   1.089412245381743269e+05   0.000000000000000000e+00   2.290607334194183641e+05
  8.398723200000000361e+04   6.930867742622804362e+05   1.466024000000000115e+03   1.093475325265198917e+05   0.000000000000000000e+00   2.285921728831999062e+05
  8.298738400000000547e+04   6.916198415958895348e+05   1.448571333333333314e+03   1.096979611937115842e+05   0.000000000000000000e+00   2.281077846929573861e+05
  8.198753600000000733e+04   6.901247751194227021e+05   1.431118666666666741e+03   1.099760030363240949e+05   0.000000000000000000e+00   2.276065562856365577e+05
  8.098768800000000920e+04   6.885981111726841191e+05   1.413665999999999940e+03   1.101611914940823335e+05   0.000000000000000000e+00   2.270868971322746074e+05
  7.998784000000001106e+04   6.870348627950802911e+05   1.396213333333333367e+03   1.102260811548230849e+05   0.000000000000000000e+00   2.265470914432864229e+05
  7.898799199999999837e+04   6.854278885071971454e+05   1.378760666666666793e+03   1.101350714203917596e+05   0.000000000000000000e+00   2.259848091268480348e+05
  7.798814400000001478e+04   6.837662614977527410e+05   1.361307999999999993e+03   1.098416583413633198e+05   0.000000000000000000e+00   2.253971115349664469e+05
  7.698829600000000210e+04   6.820350005790424766e+05   1.343855333333333419e+03   1.092995657489335863e+05   0.000000000000000000e+00   2.247808721415374894e+05
  7.598844800000000396e+04   6.802156351481702877e+05   1.326402666666666619e+03   1.084906655250653566e+05   0.000000000000000000e+00   2.241336803264193004e+05
  7.498860000000000582e+04   6.782982368050137302e+05   1.308950000000000045e+03   1.075066246796572523e+05   0.000000000000000000e+00   2.234571210172647843e+05
  7.398875200000000768e+04   6.762995598406988429e+05   1.291497333333333472e+03   1.065874226566048164e+05   0.000000000000000000e+00   2.227583362422847422e+05
  7.298890400000000955e+04   6.742542577979196794e+05   1.274044666666666672e+03   1.059587407740861090e+05   0.000000000000000000e+00   2.220436144184239092e+05
  7.198905599999999686e+04   6.721841648577211890e+05   1.256592000000000098e+03   1.056834876594240777e+05   0.000000000000000000e+00   2.213131120331776037e+05
  7.098920800000001327e+04   6.700911976919167209e+05   1.239139333333333298e+03   1.057192691321341263e+05   0.000000000000000000e+00   2.205625590004705009e+05
  6.998936000000001513e+04   6.679709392619922291e+05   1.221686666666666724e+03   1.060219980943852424e+05   0.000000000000000000e+00   2.197868723095697060e+05
  6.898951200000000244e+04   6.658151749204121297e+05   1.204234000000000151e+03   1.065573198063503951e+05   0.000000000000000000e+00   2.189805249013357679e+05
  6.798966400000000431e+04   6.636144299109353451e+05   1.186781333333333350e+03   1.073093060677890753e+05   0.000000000000000000e+00   2.181370000076384458e+05
  6.698981600000000617e+04   6.613586667584517272e+05   1.169328666666666777e+03   1.082803083136317000e+05   0.000000000000000000e+00   2.172486592953196669e+05
  6.598996800000000803e+04   6.590342919050371274e+05   1.151875999999999976e+03   1.094849964727619226e+05   0.000000000000000000e+00   2.163051463976903469e+05
  6.499011999999999534e+04   6.566235261027029483e+05   1.134423333333333403e+03   1.109579074687179382e+05   0.000000000000000000e+00   2.152918806440305198e+05
  6.399027199999999721e+04   6.541007340436654631e+05   1.116970666666666830e+03   1.127603242183138063e+05   0.000000000000000000e+00   2.141869823731339711e+05
  6.299042400000001362e+04   6.514242169823630247e+05   1.099518000000000029e+03   1.149990362119139609e+05   0.000000000000000000e+00   2.129542629399236757e+05
  6.199057600000000093e+04   6.485183629632698139e+05   1.082065333333333456e+03   1.178744082285710901e+05   0.000000000000000000e+00   2.115265102180908725e+05
  6.099072800000000279e+04   6.452136298083837610e+05   1.064612666666666655e+03   1.218328937865816260e+05   0.000000000000000000e+00   2.097520769052816613e+05
  5.999088000000000466e+04   6.409262887793749105e+05   1.047160000000000082e+03   1.283733225463528070e+05   0.000000000000000000e+00   2.071024389679901360e+05
  5.899103200000000652e+04   6.118090086091923295e+05   1.029707333333333509e+03   1.780804418232046883e+05   0.000000000000000000e+00   1.810201693811986188e+05
  5.799118400000000838e+04   6.042991441111075692e+05   1.012254666666666708e+03   1.837254441246609204e+05   0.000000000000000000e+00   1.750807108734148787e+05
  5.699133599999999569e+04   5.981878302362132818e+05   9.948019999999999072e+02   1.872509352354713192e+05   0.000000000000000000e+00   1.704929009642467136e+05
  5.599148800000001211e+04   5.926861211151634343e+05   9.773493333333333339e+02   1.898319622704044159e+05   0.000000000000000000e+00   1.665032023214769724e+05
  5.499163999999999942e+04   5.875320446541802958e+05   9.598966666666667606e+02   1.918488151710413804e+05   0.000000000000000000e+00   1.628614605419649160e+05
  5.399179200000000128e+04   5.826002675317710964e+05   9.424439999999999600e+02   1.934788113032374531e+05   0.000000000000000000e+00   1.594479265863467008e+05
  5.299194400000000314e+04   5.778204511096449569e+05   9.249913333333333867e+02   1.948188077977355279e+05   0.000000000000000000e+00   1.561957396542694478e+05
  5.199209600000000501e+04   5.731459779689973220e+05   9.075386666666665860e+02   1.959313421237037692e+05   0.000000000000000000e+00   1.530608748977443902e+05
  5.099224800000000687e+04   5.685464498118920019e+05   8.900860000000000127e+02   1.968557212744002172e+05   0.000000000000000000e+00   1.500143550316612818e+05
  4.999239999999999418e+04   5.639985491969484137e+05   8.726333333333334394e+02   1.976207239744317776e+05   0.000000000000000000e+00   1.470342940035482752e+05
  4.899255200000001059e+04   5.594847032622129191e+05   8.551806666666666388e+02   1.982466131624024711e+05   0.000000000000000000e+00   1.441046801740342053e+05
  4.799270400000001246e+04   5.549906161081960890e+05   8.377280000000000655e+02   1.987488509801557229e+05   0.000000000000000000e+00   1.412122113090291678e+05
  4.699285599999999977e+04   5.505042275347890100e+05   8.202753333333332648e+02   1.991394385311505466e+05   0.000000000000000000e+00   1.383458823734219768e+05
  4.599300800000000163e+04   5.460140694205743494e+05   8.028226666666664642e+02   1.994281603593174950e+05   0.000000000000000000e+00   1.354952582772681781e+05
  4.499316000000000349e+04   5.415096938562185969e+05   7.853700000000001182e+02   1.996229717938560061e+05   0.000000000000000000e+00   1.326509475936406234e+05
  4.399331200000000536e+04   5.369800765290707350e+05   7.679173333333333176e+02   1.997309363259813690e+05   0.000000000000000000e+00   1.298029389600127470e+05
  4.299346400000000722e+04   5.324135143149704672e+05   7.504646666666667443e+02   1.997584233503147843e+05   0.000000000000000000e+00   1.269406383471602894e+05
  4.199361599999999453e+04   5.277954695190377533e+05   7.330119999999999436e+02   1.997123053231375525e+05   0.000000000000000000e+00   1.240505410543438193e+05
  4.099376800000001094e+04   5.231073755279839388e+05   7.155593333333331429e+02   1.996003018570072309e+05   0.000000000000000000e+00   1.211151848306197644e+05
  3.999391999999999825e+04   5.183222424997189082e+05   6.981066666666667970e+02   1.994328736028587446e+05   0.000000000000000000e+00   1.181084956416205823e+05
  3.899407200000000012e+04   5.133994918502682121e+05   6.806539999999999964e+02   1.992246183576971234e+05   0.000000000000000000e+00   1.149909504917467275e+05
  3.799422400000000198e+04   5.082658971769402269e+05   6.632013333333334231e+02   1.990012613761545799e+05   0.000000000000000000e+00   1.116898194374851446e+05
  3.699437600000000384e+04   5.027809719632234192e+05   6.457486666666666224e+02   1.988083940129498078e+05   0.000000000000000000e+00   1.080645566715114837e+05
  3.599452800000000570e+04   4.966427711422558641e+05   6.282959999999998217e+02   1.987304345245643344e+05   0.000000000000000000e+00   1.038107858916993573e+05
  3.499468000000000757e+04   4.894051685081247706e+05   6.108433333333334758e+02   1.988200397757147730e+05   0.000000000000000000e+00   9.847707290942368854e+04
  3.399483199999999488e+04   4.814098251680857502e+05   5.933906666666666752e+02   1.987746213905045297e+05   0.000000000000000000e+00   9.240742443301617459e+04
  3.299498399999999674e+04   4.735168453103604261e+05   5.759380000000001019e+02   1.983021915635774494e+05   0.000000000000000000e+00   8.647390953849090147e+04
  3.199513599999999860e+04   4.658491190533041372e+05   5.584853333333335286e+02   1.974407828716460790e+05   0.000000000000000000e+00   8.080525640495023981e+04
  3.099528800000000047e+04   4.583059138043167768e+05   5.410326666666665005e+02   1.962581759013340052e+05   0.000000000000000000e+00   7.530381187929435691e+04
  2.999544000000001688e+04   4.507977472989155794e+05   5.235799999999999272e+02   1.947904317366051837e+05   0.000000000000000000e+00   6.988320215871334949e+04
  2.899559199999998964e+04   4.432596589316127938e+05   5.061273333333333539e+02   1.930522263554671954e+05   0.000000000000000000e+00   6.448226532064812636e+04
  2.799574399999999150e+04   4.356392436700213002e+05   4.886746666666667807e+02   1.910451752129292872e+05   0.000000000000000000e+00   5.905320468732091831e+04
  2.699589600000000792e+04   4.278872766797805089e+05   4.712220000000002074e+02   1.887612085370902496e+05   0.000000000000000000e+00   5.355237491066660732e+04
  2.599604800000000978e+04   4.199498979060810525e+05   4.537693333333331793e+02   1.861829718625774258e+05   0.000000000000000000e+00   4.793272795648161991e+04
  2.499620000000001164e+04   4.117549321170524927e+05   4.363166666666666060e+02   1.832810237269346253e+05   0.000000000000000000e+00   4.213029518394776824e+04
  2.399635199999999895e+04   4.031952371209654957e+05   4.188640000000000327e+02   1.800069075522647472e+05   0.000000000000000000e+00   3.604814304951934173e+04
  2.299650400000000081e+04   3.940721227994529181e+05   4.014113333333334594e+02   1.762720452746414230e+05   0.000000000000000000e+00   2.950005607130515273e+04
  2.199665600000000268e+04   3.839158757718986017e+05   3.839586666666668862e+02   1.718737233207763929e+05   0.000000000000000000e+00   2.203119761849678980e+04
  2.099680800000000454e+04   3.712828692070639227e+05   3.665059999999998581e+02   1.661373062931621971e+05   0.000000000000000000e+00   1.221241033099235210e+04
  1.999696000000000640e+04   3.604141696467746515e+05   3.490533333333332848e+02   1.601079156739811879e+05   0.000000000000000000e+00   4.345464938456671007e+03
  1.899711199999999371e+04   3.530102461758699501e+05   3.316006666666667115e+02   1.549404389280311298e+05   0.000000000000000000e+00   1.916609529483370409e+02
  1.799726399999999558e+04   3.462161387832115288e+05   3.141480000000001382e+02   1.496561004841713293e+05   0.000000000000000000e+00  -3.045072663923611344e+03
  1.699741599999999744e+04   3.394028850525938324e+05   2.966953333333335650e+02   1.438945408459436439e+05   0.000000000000000000e+00  -5.869932353050524398e+03
  1.599756799999999930e+04   3.322008265555851394e+05   2.792426666666665369e+02   1.372809441158979898e+05   0.000000000000000000e+00  -8.411748682135121271e+03
  1.499772000000000116e+04   3.240461422849855153e+05   2.617899999999999636e+02   1.290709984010583721e+05   0.000000000000000000e+00  -1.066055933104947508e+04
  1.399787200000000303e+04   3.129773689283706481e+05   2.443373333333333903e+02   1.165998611187784700e+05   0.000000000000000000e+00  -1.234341460115595146e+04
  1.299802400000000489e+04   2.788375330674760626e+05   2.268846666666668170e+02   7.964965582730098686e+04   0.000000000000000000e+00  -9.950863471474433027e+03
  1.199817600000000675e+04   2.602443345060029533e+05   2.094319999999997890e+02   6.661635786278963496e+04   0.000000000000000000e+00  -9.787781601775866875e+03
  1.099832800000000861e+04   2.467045346476874547e+05   1.919793333333332157e+02   5.897562942922723596e+04   0.000000000000000000e+00  -1.043311384051301866e+04
  9.998480000000010477e+03   2.348060868773217662e+05   1.745266666666666424e+02   5.307693904296313121e+04   0.000000000000000000e+00  -1.131895354073199087e+04
  8.998631999999983236e+03   2.237491778476037143e+05   1.570740000000000691e+02   4.810600808043665165e+04   0.000000000000000000e+00  -1.231634666652465785e+04
  7.998783999999985099e+03   2.131994013733746542e+05   1.396213333333334958e+02   4.373267381909500546e+04   0.000000000000000000e+00  -1.337387662307454229e+04
  6.998936000000016065e+03   2.029792132053533569e+05   1.221686666666664678e+02   3.978725184133329458e+04   0.000000000000000000e+00  -1.446639970519679810e+04
  5.999088000000017928e+03   1.929811506615657418e+05   1.047159999999998945e+02   3.617031604718081508e+04   0.000000000000000000e+00  -1.557973306221923667e+04
  4.999240000000019791e+03   1.831326126495338394e+05   8.726333333333332121e+01   3.281771791553702496e+04   0.000000000000000000e+00  -1.670573577946432124e+04
  3.999391999999992549e+03   1.733808872729400755e+05   6.981066666666674791e+01   2.968540699716573727e+04   0.000000000000000000e+00  -1.783943147740711720e+04
  2.999543999999994412e+03   1.636840056610286410e+05   5.235800000000017462e+01   2.674127910302883174e+04   0.000000000000000000e+00  -1.897788133483650017e+04
  1.999695999999996275e+03   1.540058743361577508e+05   3.490533333333314658e+01   2.396041039021262259e+04   0.000000000000000000e+00  -2.011916694770745016e+04
  9.998479999999981374e+02   1.443112157567685063e+05   1.745266666666657329e+01   2.132191686758279320e+04   0.000000000000000000e+00  -2.126219273030499608e+04
  0.000000000000000000e+00   1.345599928635115793e+05   0.000000000000000000e+00   1.880586724975967445e+04   0.000000000000000000e+00  -2.240578439644859827e+04
 -9.998479999999981374e+02   1.246952832218788099e+05  -1.745266666666657329e+01   1.638892296599594920e+04   0.000000000000000000e+00  -2.354883667089062146e+04
 -1.999695999999996275e+03   1.146140763277608057e+05  -3.490533333333314658e+01   1.403347242754966464e+04   0.000000000000000000e+00  -2.468694534134948844e+04
 -2.999543999999994412e+03   1.040114925838345516e+05  -5.235800000000017462e+01   1.163505284345783912e+04   0.000000000000000000e+00  -2.580335358161869954e+04
 -3.999391999999992549e+03  -2.972988753912831817e+04  -6.981066666666674791e+01   4.421966491985930043e+04   0.000000000000000000e+00  -3.767445812406371715e+03
 -4.999239999999990687e+03  -3.718690381853012514e+04  -8.726333333333332121e+01   4.445840079736836924e+04   0.000000000000000000e+00  -4.734715812643031313e+03
 -5.999088000000017928e+03  -4.466254830737609882e+04  -1.047159999999998945e+02   4.476361034056160133e+04   0.000000000000000000e+00  -5.719014873380571771e+03
 -6.998936000000016065e+03  -5.216117711823212449e+04  -1.221686666666664678e+02   4.513530241323535301e+04   0.000000000000000000e+00  -6.723872063987876572e+03
 -7.998783999999985099e+03  -5.968818660057152010e+04  -1.396213333333334958e+02   4.557362950016759714e+04   0.000000000000000000e+00  -7.753669320132457869e+03
 -8.998631999999983236e+03  -6.724889925593619409e+04  -1.570740000000000691e+02   4.607882749944192619e+04   0.000000000000000000e+00  -8.812927205536096153e+03
 -9.998479999999981374e+03  -7.484940426955869771e+04  -1.745266666666666424e+02   4.665093051813375496e+04   0.000000000000000000e+00  -9.906782738058143877e+03
 -1.099832800000000861e+04  -8.249692739530236577e+04  -1.919793333333332157e+02   4.729065519600565312e+04   0.000000000000000000e+00  -1.104158217660149785e+04
 -1.199817600000000675e+04  -9.020058376669909921e+04  -2.094319999999997890e+02   4.799914159368923720e+04   0.000000000000000000e+00  -1.222563758894357852e+04
 -1.299802400000000489e+04  -9.797176521480681549e+04  -2.268846666666668170e+02   4.877803395761536376e+04   0.000000000000000000e+00  -1.346947769644169784e+04
 -1.399787200000000303e+04  -1.058255080198711221e+05  -2.443373333333333903e+02   4.963000380782021239e+04   0.000000000000000000e+00  -1.478724234840127974e+04
 -1.499772000000000116e+04  -1.137841144351185940e+05  -2.617899999999999636e+02   5.056009279662624613e+04   0.000000000000000000e+00  -1.620083787396284424e+04
 -1.599756799999999930e+04  -1.218836378923531302e+05  -2.792426666666665369e+02   5.157783096459216904e+04   0.000000000000000000e+00  -1.774701687727439275e+04
 -1.699741599999999744e+04  -1.301876086861206568e+05  -2.966953333333331102e+02   5.270125163590935699e+04   0.000000000000000000e+00  -1.949208134438172419e+04
 -1.799726399999999558e+04  -1.388391243717687321e+05  -3.141480000000001382e+02   5.397483206757206790e+04   0.000000000000000000e+00  -2.159160790078658465e+04
 -1.899711199999999371e+04  -1.483031023676754558e+05  -3.316006666666667115e+02   5.554476590721854154e+04   0.000000000000000000e+00  -2.456670876921791205e+04
 -1.999696000000002095e+04  -1.620042954839148733e+05  -3.490533333333332848e+02   5.829820828313635138e+04   0.000000000000000000e+00  -3.234798800361924441e+04
 -2.099680800000001909e+04  -1.771152854529090400e+05  -3.665059999999998581e+02   6.063129651096748421e+04   0.000000000000000000e+00  -4.165081566464225762e+04
 -2.199665600000001723e+04  -1.898360269653692085e+05  -3.839586666666664314e+02   6.205216267754916043e+04   0.000000000000000000e+00  -4.802168987563298288e+04
 -2.299650399999998626e+04  -2.019768675937617954e+05  -4.014113333333334594e+02   6.315330280023282830e+04   0.000000000000000000e+00  -5.349704549183046765e+04
 -2.399635199999998440e+04  -2.140469261588311347e+05  -4.188640000000000327e+02   6.402576106939468445e+04   0.000000000000000000e+00  -5.852860750469042978e+04
 -2.499620000000001164e+04  -2.265743044761197816e+05  -4.363166666666666060e+02   6.461486945676011237e+04   0.000000000000000000e+00  -6.324442423828100436e+04
 -2.599604800000000978e+04  -4.175260278134663822e+05  -4.537693333333331793e+02   1.784469569571676257e+05   0.000000000000000000e+00  -4.854246492939400923e+04
 -2.699589600000000792e+04  -4.256687541739945882e+05  -4.712219999999997526e+02   1.808888544461358688e+05   0.000000000000000000e+00  -5.435979132058106188e+04
 -2.799574400000000605e+04  -4.336265273986887769e+05  -4.886746666666667807e+02   1.830158238935114059e+05   0.000000000000000000e+00  -6.006352265796346910e+04
 -2.899559200000000419e+04  -4.414602445159092895e+05  -5.061273333333333539e+02   1.848453364145419910e+05   0.000000000000000000e+00  -6.570680331747198943e+04
 -2.999544000000000233e+04  -4.492291541637313203e+05  -5.235799999999999272e+02   1.863836006146991276e+05   0.000000000000000000e+00  -7.134275883498313488e+04
 -3.099528800000000047e+04  -4.569990868684246088e+05  -5.410326666666669553e+02   1.876240779474945739e+05   0.000000000000000000e+00  -7.703229791078502603e+04
 -3.199513599999999860e+04  -4.648579317014934495e+05  -5.584853333333330738e+02   1.885413361289713066e+05   0.000000000000000000e+00  -8.285947134136220848e+04
 -3.299498399999999674e+04  -4.729410490114938584e+05  -5.759380000000001019e+02   1.890746568860055995e+05   0.000000000000000000e+00  -8.895700091520755086e+04
 -3.399483199999999488e+04  -4.813985936664686888e+05  -5.933906666666666752e+02   1.891093342517305864e+05   0.000000000000000000e+00  -9.547231110081545194e+04
 -3.499468000000002212e+04  -4.897619978856816306e+05  -6.108433333333332484e+02   1.886884836917627545e+05   0.000000000000000000e+00  -1.019247144044895394e+05
 -3.599452800000002026e+04  -4.967639982172321179e+05  -6.282960000000002765e+02   1.883777047297693789e+05   0.000000000000000000e+00  -1.070274492350954097e+05
 -3.699437599999998929e+04  -5.026961804989704397e+05  -6.457486666666663950e+02   1.882958365680624556e+05   0.000000000000000000e+00  -1.110781986222635460e+05
 -3.799422399999998743e+04  -5.081123171174071613e+05  -6.632013333333334231e+02   1.882980072612219665e+05   0.000000000000000000e+00  -1.146382351845427620e+05
 -3.899407199999998556e+04  -5.132537192804876249e+05  -6.806539999999999964e+02   1.883033807019083470e+05   0.000000000000000000e+00  -1.179510529670377873e+05
 -3.999392000000001281e+04  -5.182279270687921089e+05  -6.981066666666665697e+02   1.882729751960182912e+05   0.000000000000000000e+00  -1.211240114417900768e+05
 -4.099376800000001094e+04  -5.230927287925978890e+05  -7.155593333333335977e+02   1.881844563621619891e+05   0.000000000000000000e+00  -1.242143083372452384e+05
 -4.199361600000000908e+04  -5.278822263373675523e+05  -7.330120000000001710e+02   1.880239429616175184e+05   0.000000000000000000e+00  -1.272548998377415264e+05
 -4.299346400000000722e+04  -5.326200300682461821e+05  -7.504646666666667443e+02   1.877808032228641969e+05   0.000000000000000000e+00  -1.302683180728986481e+05
 -4.399331200000000536e+04  -5.373238366041299887e+05  -7.679173333333333176e+02   1.874459409851593082e+05   0.000000000000000000e+00  -1.332710847216298862e+05
 -4.499316000000000349e+04  -5.420089555940000573e+05  -7.853699999999998909e+02   1.870100697340403858e+05   0.000000000000000000e+00  -1.362774279940433626e+05
 -4.599300800000000163e+04  -5.466893095094804885e+05  -8.028226666666669189e+02   1.864632309494712099e+05   0.000000000000000000e+00  -1.393001140388306230e+05
 -4.699285599999999977e+04  -5.513786151694600703e+05  -8.202753333333334922e+02   1.857939043210370583e+05   0.000000000000000000e+00  -1.423516312527795380e+05
 -4.799270399999999790e+04  -5.560924172061147401e+05  -8.377280000000000655e+02   1.849874461130871496e+05   0.000000000000000000e+00  -1.454463296021238493e+05
 -4.899255199999999604e+04  -5.608487898456021212e+05  -8.551806666666666388e+02   1.840248797504118411e+05   0.000000000000000000e+00  -1.486008578738257056e+05
 -4.999240000000002328e+04  -5.656706662764875218e+05  -8.726333333333332121e+02   1.828803566801250272e+05   0.000000000000000000e+00  -1.518369552033458313e+05
 -5.099224800000002142e+04  -5.705878212083071703e+05  -8.900860000000002401e+02   1.815181612963549269e+05   0.000000000000000000e+00  -1.551826694392378558e+05
 -5.199209599999999045e+04  -5.756444005831446266e+05  -9.075386666666668134e+02   1.798832004367189656e+05   0.000000000000000000e+00  -1.586797397410706035e+05
 -5.299194399999998859e+04  -5.809066236992743798e+05  -9.249913333333338414e+02   1.778904488453918020e+05   0.000000000000000000e+00  -1.623915007829577662e+05
 -5.399179199999998673e+04  -5.864919365752247395e+05  -9.424439999999999600e+02   1.753849587541702786e+05   0.000000000000000000e+00  -1.664305944814709364e+05
 -5.499164000000001397e+04  -5.926439157592586707e+05  -9.598966666666665333e+02   1.720412170296025579e+05   0.000000000000000000e+00  -1.710305836105803610e+05
 -5.599148800000001211e+04  -6.000918055671454640e+05  -9.773493333333335613e+02   1.668660713507806940e+05   0.000000000000000000e+00  -1.768914716932541924e+05
 -5.699133600000001024e+04  -6.405758967655730667e+05  -9.948020000000001346e+02   8.553932331696481560e+04   0.000000000000000000e+00  -2.130429184267227829e+05
 -5.799118400000000838e+04  -6.433384166497976985e+05  -1.012254666666667163e+03   8.266407024730375269e+04   0.000000000000000000e+00  -2.142801136137659487e+05
 -5.899103200000000652e+04  -6.459371744832176482e+05  -1.029707333333333281e+03   8.027053249257859716e+04   0.000000000000000000e+00  -2.153914662224578205e+05
 -5.999088000000000466e+04  -6.484169379886708921e+05  -1.047159999999999854e+03   7.820999681170617987e+04   0.000000000000000000e+00  -2.164147470940847998e+05
 -6.099072800000000279e+04  -6.508037884743809700e+05  -1.064612666666666883e+03   7.639712500503071351e+04   0.000000000000000000e+00  -2.173716730471425690e+05
 -6.199057600000000093e+04  -6.531140861401205184e+05  -1.082065333333333456e+03   7.477674951949983370e+04   0.000000000000000000e+00  -2.182757050289495091e+05
 -6.299042399999999907e+04  -6.553591049875045428e+05  -1.099518000000000484e+03   7.331164146167473518e+04   0.000000000000000000e+00  -2.191359485120667086e+05
 -6.399027199999999721e+04  -6.575470262383108493e+05  -1.116970666666666602e+03   7.197421825166685448e+04   0.000000000000000000e+00  -2.199590319333903899e+05
 -6.499012000000002445e+04  -6.596840878320430638e+05  -1.134423333333333176e+03   7.074486238652162137e+04   0.000000000000000000e+00  -2.207498518587050785e+05
 -6.598996800000002258e+04  -6.617749306716121500e+05  -1.151876000000000204e+03   6.960809608962220955e+04   0.000000000000000000e+00  -2.215119301342126564e+05
 -6.698981599999999162e+04  -6.638233839440887095e+05  -1.169328666666666777e+03   6.855191099355174811e+04   0.000000000000000000e+00  -2.222482311021174246e+05
 -6.798966399999998976e+04  -6.658323914334317669e+05  -1.186781333333333805e+03   6.756618984264715982e+04   0.000000000000000000e+00  -2.229609682938560727e+05
 -6.898951199999998789e+04  -6.678046190673124511e+05  -1.204233999999999924e+03   6.664422437559673563e+04   0.000000000000000000e+00  -2.236520108135631599e+05
 -6.998936000000001513e+04  -6.697420901828727219e+05  -1.221686666666666497e+03   6.577910119444386510e+04   0.000000000000000000e+00  -2.243228804411999299e+05
 -7.098920800000001327e+04  -6.716465343024925096e+05  -1.239139333333333525e+03   6.496515123828752257e+04   0.000000000000000000e+00  -2.249748521268920740e+05
 -7.198905600000001141e+04  -6.735194285546749597e+05  -1.256592000000000098e+03   6.419798013859846105e+04   0.000000000000000000e+00  -2.256089537961053138e+05
 -7.298890400000000955e+04  -6.753620199147360399e+05  -1.274044666666667126e+03   6.347357320672478090e+04   0.000000000000000000e+00  -2.262260830403329164e+05
 -7.398875200000000768e+04  -6.771754224604975898e+05  -1.291497333333333245e+03   6.278863770255786221e+04   0.000000000000000000e+00  -2.268269997534221911e+05
 -7.498859999999997672e+04  -6.789604800847878214e+05  -1.308949999999999818e+03   6.213964370310455706e+04   0.000000000000000000e+00  -2.274123879691703187e+05
 -7.598844800000000396e+04  -6.807180041560780955e+05  -1.326402666666666846e+03   6.152397276928750216e+04   0.000000000000000000e+00  -2.279828277933040226e+05
 -7.698829600000003120e+04  -6.824485350059940247e+05  -1.343855333333333419e+03   6.093869715888840437e+04   0.000000000000000000e+00  -2.285388453146666579e+05
 -7.798814400000000023e+04  -6.841528370346672600e+05  -1.361308000000000447e+03   6.038135463658309163e+04   0.000000000000000000e+00  -2.290808891210803413e+05
 -7.898799200000002747e+04  -6.858312802180780564e+05  -1.378760666666666566e+03   5.984944021854142193e+04   0.000000000000000000e+00  -2.296093374941806833e+05
 -7.998783999999999651e+04  -6.874842188157809433e+05  -1.396213333333333139e+03   5.934014039502281958e+04   0.000000000000000000e+00  -2.301245263066740299e+05
 -8.098768799999999464e+04  -6.891119608276647050e+05  -1.413666000000000167e+03   5.885078080897599284e+04   0.000000000000000000e+00  -2.306267883399374259e+05
 -8.198753600000002189e+04  -6.907147766373710474e+05  -1.431118666666666741e+03   5.837849795553395234e+04   0.000000000000000000e+00  -2.311164222239733790e+05
 -8.298738399999999092e+04  -6.922929823151939781e+05  -1.448571333333333769e+03   5.792063038838592183e+04   0.000000000000000000e+00  -2.315936888398359879e+05
 -8.398723200000001816e+04  -6.938466525647771778e+05  -1.466023999999999887e+03   5.747350391656738066e+04   0.000000000000000000e+00  -2.320588334779185243e+05
 -8.498707999999998719e+04  -6.953760988616105169e+05  -1.483476666666666915e+03   5.703448878864749713e+04   0.000000000000000000e+00  -2.325120792776414892e+05
 -8.598692800000001444e+04  -6.968815670948226471e+05  -1.500929333333333034e+03   5.660054705969137285e+04   0.000000000000000000e+00  -2.329536368775987066e+05
 -8.698677600000004168e+04  -6.983632187578988960e+05  -1.518382000000000062e+03   5.616820540027063544e+04   0.000000000000000000e+00  -2.333836172521971457e+05
 -8.798662400000001071e+04  -6.998217501955848420e+05  -1.535834666666667090e+03   5.573614392852879973e+04   0.000000000000000000e+00  -2.338024959360719076e+05
 -8.898647200000000885e+04  -7.012571732366435463e+05  -1.553287333333333208e+03   5.530022073501785781e+04   0.000000000000000000e+00  -2.342101914184415364e+05
 -8.998631999999997788e+04  -7.026700397603134625e+05  -1.570740000000000236e+03   5.485855044456011092e+04   0.000000000000000000e+00  -2.346069923121954489e+05
 -9.098616800000000512e+04  -7.040608270523913670e+05  -1.588192666666666355e+03   5.440901352013823634e+04   0.000000000000000000e+00  -2.349930971564913634e+05
 -9.198601600000003236e+04  -7.054299826502497308e+05  -1.605645333333333383e+03   5.394939116592973733e+04   0.000000000000000000e+00  -2.353686342073805281e+05
 -9.298586400000000140e+04  -7.067782139209279558e+05  -1.623098000000000411e+03   5.347880720085098437e+04   0.000000000000000000e+00  -2.357339696008365136e+05
 -9.398571200000002864e+04  -7.081060198761576321e+05  -1.640550666666666530e+03   5.299552310056860733e+04   0.000000000000000000e+00  -2.360892339307001384e+05
 -9.498555999999999767e+04  -7.094140921698464081e+05  -1.658003333333333558e+03   5.249856443871269585e+04   0.000000000000000000e+00  -2.364347275003717223e+05
 -9.598540799999999581e+04  -7.107028972707688808e+05  -1.675455999999999676e+03   5.198629130617584451e+04   0.000000000000000000e+00  -2.367705722840992094e+05
 -9.698525600000002305e+04  -7.119731252118619159e+05  -1.692908666666666704e+03   5.145804853021448798e+04   0.000000000000000000e+00  -2.370970729335303477e+05
 -9.798510399999999208e+04  -7.132254407192290528e+05  -1.710361333333333732e+03   5.091277760360093816e+04   0.000000000000000000e+00  -2.374144855769357528e+05
 -9.898495200000001932e+04  -7.144604659898625687e+05  -1.727813999999999851e+03   5.034941587859015272e+04   0.000000000000000000e+00  -2.377231119346822961e+05
 -9.998479999999998836e+04  -7.156788393545482541e+05  -1.745266666666666879e+03   4.976696674432211148e+04   0.000000000000000000e+00  -2.380232130833899137e+05
 -1.009846480000000156e+05  -7.168813575814617798e+05  -1.762719333333332997e+03   4.916344862511825340e+04   0.000000000000000000e+00  -2.383152911925422086e+05
 -1.019844960000000137e+05  -7.180686782421718817e+05  -1.780172000000000025e+03   4.853728628691231279e+04   0.000000000000000000e+00  -2.385996318304173474e+05
 -1.029843440000000119e+05  -7.192415584779190831e+05  -1.797624666666667054e+03   4.788652248183618212e+04   0.000000000000000000e+00  -2.388767917078225582e+05
 -1.039841920000000100e+05  -7.204009315348215168e+05  -1.815077333333333172e+03   4.720761840227813809e+04   0.000000000000000000e+00  -2.391472306651653780e+05
 -1.049840399999999790e+05  -7.215476396706849337e+05  -1.832530000000000200e+03   4.649763630701139482e+04   0.000000000000000000e+00  -2.394115136115443602e+05
 -1.059838880000000063e+05  -7.226831966967937769e+05  -1.849982666666666319e+03   4.574872634019197721e+04   0.000000000000000000e+00  -2.396709474186371081e+05
 -1.069837360000000335e+05  -7.238090517490000930e+05  -1.867435333333333347e+03   4.495420117069051776e+04   0.000000000000000000e+00  -2.399264095368061098e+05
 -1.079835840000000026e+05  -7.249273068722684402e+05  -1.884888000000000375e+03   4.410109699037711107e+04   0.000000000000000000e+00  -2.401798271032750490e+05
 -1.089834320000000298e+05  -7.260413092803220497e+05  -1.902340666666666493e+03   4.316858433967682504e+04   0.000000000000000000e+00  -2.404337249904608179e+05
 -1.099832799999999988e+05  -7.271576392775747227e+05  -1.919793333333333521e+03   4.211424030837418104e+04   0.000000000000000000e+00  -2.406938811627746036e+05
 -1.109831279999999970e+05  -7.282903652585461969e+05  -1.937245999999999640e+03   4.084189740841700404e+04   0.000000000000000000e+00  -2.409724761951222899e+05
 -1.119829760000000242e+05  -7.295070314055498457e+05  -1.954698666666666668e+03   3.888768600046978099e+04   0.000000000000000000e+00  -2.413283144306957256e+05
 -1.129828240000000224e+05  -7.262189577244254760e+05  -1.972151333333333696e+03  -1.978431217463713256e+04   0.000000000000000000e+00  -2.372730532063391001e+05
 -1.139826720000000205e+05  -7.272775700827359688e+05  -1.989603999999999814e+03  -1.952474913612118326e+04   0.000000000000000000e+00  -2.375234598922205041e+05
 -1.149825199999999604e+05  -7.283186645904462785e+05  -2.007056666666666843e+03  -1.926926176294045581e+04   0.000000000000000000e+00  -2.377611192654004553e+05
 -1.159823680000000168e+05  -7.293427814038986107e+05  -2.024509333333332961e+03  -1.901773758470184839e+04   0.000000000000000000e+00  -2.379864429969744815e+05
 -1.169822160000000149e+05  -7.303504854633806972e+05  -2.041961999999999989e+03  -1.877017488638438590e+04   0.000000000000000000e+00  -2.381999053143814672e+05
 -1.179820640000000130e+05  -7.313422883676610654e+05  -2.059414666666667017e+03  -1.852657632316315357e+04   0.000000000000000000e+00  -2.384019369065249630e+05
 -1.189819120000000112e+05  -7.323186837882727850e+05  -2.076867333333333136e+03  -1.828696025306042429e+04   0.000000000000000000e+00  -2.385929508185406739e+05
 -1.199817600000000093e+05  -7.332801484036524780e+05  -2.094320000000000164e+03  -1.805135741467179469e+04   0.000000000000000000e+00  -2.387733427084698633e+05
 -1.209816080000000075e+05  -7.342271419034533901e+05  -2.111772666666666282e+03  -1.781980514092344310e+04   0.000000000000000000e+00  -2.389434916771750723e+05
 -1.219814560000000056e+05  -7.351601078969963128e+05  -2.129225333333333310e+03  -1.759235180083275918e+04   0.000000000000000000e+00  -2.391037611648587626e+05
 -1.229813040000000037e+05  -7.360795373699141201e+05  -2.146678000000000338e+03  -1.736876763014911194e+04   0.000000000000000000e+00  -2.392544896623280074e+05
 -1.239811520000000019e+05  -7.369857051710246596e+05  -2.164130666666666457e+03  -1.714969075729287943e+04   0.000000000000000000e+00  -2.393960253581226862e+05
 -1.249810000000000000e+05  -7.378790957687367918e+05  -2.181583333333333485e+03  -1.693497305777406291e+04   0.000000000000000000e+00  -2.395286867577094235e+05
 -1.259808479999999981e+05  -7.387600937311592279e+05  -2.199036000000000513e+03  -1.672471293300061734e+04   0.000000000000000000e+00  -2.396527907419392141e+05
 -1.269806960000000545e+05  -7.396290797448876547e+05  -2.216488666666666631e+03  -1.651903880096076318e+04   0.000000000000000000e+00  -2.397686405043612758e+05
 -1.279805439999999944e+05  -7.404864198337685084e+05  -2.233941333333333660e+03  -1.631811987541592680e+04   0.000000000000000000e+00  -2.398765132247892325e+05
 -1.289803919999999925e+05  -7.413324843838470988e+05  -2.251393999999999778e+03  -1.612215429807516193e+04   0.000000000000000000e+00  -2.399767102879038721e+05
 -1.299802399999999907e+05  -7.421675971866031177e+05  -2.268846666666666806e+03  -1.593135216370533453e+04   0.000000000000000000e+00  -2.400694418215378828e+05
 -1.309800879999999888e+05  -7.429920978955301689e+05  -2.286299333333333834e+03  -1.574594472807036436e+04   0.000000000000000000e+00  -2.401549820678845572e+05
 -1.319799360000000452e+05  -7.438062272859120276e+05  -2.303751999999999953e+03  -1.556630538260509456e+04   0.000000000000000000e+00  -2.402334589750111918e+05
 -1.329797839999999851e+05  -7.446105148651859490e+05  -2.321204666666666981e+03  -1.539261670336661518e+04   0.000000000000000000e+00  -2.403053936867589364e+05
 -1.339796320000000414e+05  -7.454051849201639416e+05  -2.338657333333333099e+03  -1.522541313464790983e+04   0.000000000000000000e+00  -2.403708749006439466e+05
 -1.349794799999999814e+05  -7.461905595591202145e+05  -2.356110000000000127e+03  -1.506517134272054136e+04   0.000000000000000000e+00  -2.404301347260673938e+05
 -1.359793279999999795e+05  -7.469669604466714663e+05  -2.373562666666667155e+03  -1.491244296729528287e+04   0.000000000000000000e+00  -2.404834046943648427e+05
 -1.369791760000000359e+05  -7.477347167233767686e+05  -2.391015333333333274e+03  -1.476788057870565171e+04   0.000000000000000000e+00  -2.405309177476270997e+05
 -1.379790239999999758e+05  -7.484941686149245361e+05  -2.408468000000000302e+03  -1.463226453994614167e+04   0.000000000000000000e+00  -2.405729074676541786e+05
 -1.389788720000000321e+05  -7.492456635518799303e+05  -2.425920666666666420e+03  -1.450651363851253154e+04   0.000000000000000000e+00  -2.406096113680022245e+05
 -1.399787199999999721e+05  -7.499896127269184217e+05  -2.443373333333333449e+03  -1.439184636639373275e+04   0.000000000000000000e+00  -2.406413436208412459e+05
 -1.409785680000000284e+05  -7.507263045479385182e+05  -2.460826000000000477e+03  -1.428925021367335103e+04   0.000000000000000000e+00  -2.406682355268165411e+05
 -1.419784160000000265e+05  -7.514561993702776963e+05  -2.478278666666666595e+03  -1.420009121227863943e+04   0.000000000000000000e+00  -2.406905559782613127e+05
 -1.429782640000000247e+05  -7.521798769651348703e+05  -2.495731333333333623e+03  -1.412704935103302159e+04   0.000000000000000000e+00  -2.407087873462395801e+05
 -1.439781120000000228e+05  -7.528978322114006151e+05  -2.513183999999999742e+03  -1.407203781395808437e+04   0.000000000000000000e+00  -2.407231977678296389e+05
 -1.449779599999999627e+05  -7.536107115802927874e+05  -2.530636666666666770e+03  -1.403798278153843603e+04   0.000000000000000000e+00  -2.407341924243277754e+05
 -1.459778080000000191e+05  -7.543194501355522079e+05  -2.548089333333333798e+03  -1.402858003341458243e+04   0.000000000000000000e+00  -2.407423441840988235e+05
 -1.469776560000000172e+05  -7.550248511806022143e+05  -2.565541999999999916e+03  -1.404837218522524381e+04   0.000000000000000000e+00  -2.407482095934807148e+05
 -1.479775040000000154e+05  -7.557282948163300753e+05  -2.582994666666666944e+03  -1.410378504287900796e+04   0.000000000000000000e+00  -2.407525611206064059e+05
 -1.489773520000000135e+05  -7.564318843482969096e+05  -2.600447333333333063e+03  -1.420450007275275311e+04   0.000000000000000000e+00  -2.407568284238633933e+05
 -1.499772000000000116e+05  -7.571383419730237219e+05  -2.617900000000000091e+03  -1.436421716947071945e+04   0.000000000000000000e+00  -2.407626607990542834e+05
