  0.000000000000000000e+00   8.600000000000000000e+05   0.000000000000000000e+00   0.000000000000000000e+00   0.000000000000000000e+00   0.000000000000000000e+00
  1.500000000000000000e+05   6.853509627681408310e+05   0.000000000000000000e+00  -1.003823410587690035e-01   0.000000000000000000e+00   4.876443663331101416e+05
  1.490000000000000000e+05   6.847168388603904750e+05   0.000000000000000000e+00  -2.108544919192583411e-01   0.000000000000000000e+00   4.880927609451402095e+05
  1.480000000000000000e+05   6.840787489087032154e+05   0.000000000000000000e+00  -8.696301197096981128e-02   0.000000000000000000e+00   4.885398280575057142e+05
  1.470000000000000000e+05   6.834366940399804153e+05   0.000000000000000000e+00   1.780931022802772004e-02   0.000000000000000000e+00   4.889855604818692664e+05
  1.460000000000000000e+05   6.827906355561962118e+05   0.000000000000000000e+00   9.560845321324485946e-01   0.000000000000000000e+00   4.894298925386705087e+05
  1.450000000000000000e+05   6.821405736160976812e+05   0.000000000000000000e+00   4.284741184058863395e-01   0.000000000000000000e+00   4.898728875312716700e+05
  1.440000000000000000e+05   6.814864703412624076e+05   0.000000000000000000e+00   9.125153167079307071e-02   0.000000000000000000e+00   4.903144728023238713e+05
  1.430000000000000000e+05   6.808283060797591461e+05   0.000000000000000000e+00  -1.044346338719204931e-01   0.000000000000000000e+00   4.907546357326292782e+05
  1.420000000000000000e+05   6.801660541342606302e+05   0.000000000000000000e+00  -1.047604727673849156e+00   0.000000000000000000e+00   4.911933739658887498e+05
  1.410000000000000000e+05   6.794997011930900626e+05   0.000000000000000000e+00   1.894665636926693431e-01   0.000000000000000000e+00   4.916306284295602818e+05
  1.400000000000000000e+05   6.788292304184172535e+05   0.000000000000000000e+00   3.622554178438902039e-01   0.000000000000000000e+00   4.920663953854286228e+05
  1.390000000000000000e+05   6.781546138696823036e+05   0.000000000000000000e+00   4.928903527084257385e-01   0.000000000000000000e+00   4.925006543739005574e+05
  1.380000000000000000e+05   6.774758292852013838e+05   0.000000000000000000e+00   6.608222814520547939e-01   0.000000000000000000e+00   4.929333834620277048e+05
  1.370000000000000000e+05   6.767928539147998672e+05   0.000000000000000000e+00   9.142081098218507451e-01   0.000000000000000000e+00   4.933645603088435601e+05
  1.360000000000000000e+05   6.733204096808873583e+05   0.000000000000000000e+00  -5.756991168974787219e-04   0.000000000000000000e+00   4.913468265920379781e+05
  1.350000000000000000e+05   6.720552400746403728e+05   0.000000000000000000e+00   2.979992001622084122e-02   0.000000000000000000e+00   4.912736451930382173e+05
  1.340000000000000000e+05   6.708211426526657306e+05   0.000000000000000000e+00  -4.827273528859157142e-02   0.000000000000000000e+00   4.912295395139557077e+05
  1.330000000000000000e+05   6.696072652910040924e+05   0.000000000000000000e+00   3.986686991978002220e-02   0.000000000000000000e+00   4.912048094897691626e+05
  1.320000000000000000e+05   6.684066702764243819e+05   0.000000000000000000e+00   7.903190379967747758e-02   0.000000000000000000e+00   4.911932155024146196e+05
  1.310000000000000000e+05   6.672145998920863494e+05   0.000000000000000000e+00   1.532624155664729648e-01   0.000000000000000000e+00   4.911904908522941405e+05
  1.300000000000000000e+05   6.660275263133374974e+05   0.000000000000000000e+00  -7.817517571099286133e-02   0.000000000000000000e+00   4.911934616339351051e+05
  1.290000000000000000e+05   6.648429945745690493e+05   0.000000000000000000e+00  -1.281476838745338742e-01   0.000000000000000000e+00   4.911999436314760242e+05
  1.280000000000000000e+05   6.636590222421492217e+05   0.000000000000000000e+00   6.099503115244097468e-02   0.000000000000000000e+00   4.912081443955330178e+05
  1.270000000000000000e+05   6.624738543068132130e+05   0.000000000000000000e+00   9.315641176040792559e-02   0.000000000000000000e+00   4.912164909593565972e+05
  1.260000000000000000e+05   6.612861219634778099e+05   0.000000000000000000e+00  -4.418153353612214174e-02   0.000000000000000000e+00   4.912237521084053442e+05
  1.250000000000000000e+05   6.600947914379406720e+05   0.000000000000000000e+00  -6.495342009335218492e-02   0.000000000000000000e+00   4.912289786220355309e+05
  1.240000000000000000e+05   6.588988326656568097e+05   0.000000000000000000e+00  -8.958295438809023292e-02   0.000000000000000000e+00   4.912312409395368304e+05
  1.230000000000000000e+05   6.576974508508748841e+05   0.000000000000000000e+00   4.336088407454567750e-02   0.000000000000000000e+00   4.912298055716389790e+05
  1.220000000000000000e+05   6.564897438137778081e+05   0.000000000000000000e+00   6.014855105182741191e-02   0.000000000000000000e+00   4.912238670621842030e+05
  1.210000000000000000e+05   6.552750503570392029e+05   0.000000000000000000e+00   7.815239353357243679e-02   0.000000000000000000e+00   4.912128076683142572e+05
  1.200000000000000000e+05   6.540526452410871862e+05   0.000000000000000000e+00  -3.886716950677673865e-02   0.000000000000000000e+00   4.911959708643472404e+05
  1.190000000000000000e+05   6.528220260908941273e+05   0.000000000000000000e+00  -4.978840406752153835e-02   0.000000000000000000e+00   4.911728647189893527e+05
  1.180000000000000000e+05   6.515825531470209826e+05   0.000000000000000000e+00  -6.445025685020597250e-02   0.000000000000000000e+00   4.911429054396761931e+05
  1.170000000000000000e+05   6.503337173481176142e+05   0.000000000000000000e+00   3.142749202578839357e-02   0.000000000000000000e+00   4.911056049288059585e+05
  1.160000000000000000e+05   6.490748702547389548e+05   0.000000000000000000e+00   4.103489909951812259e-02   0.000000000000000000e+00   4.910603774796937359e+05
  1.150000000000000000e+05   6.478055163804159965e+05   0.000000000000000000e+00   4.957612653204745978e-02   0.000000000000000000e+00   4.910067427325839526e+05
  1.140000000000000000e+05   6.465251211985035334e+05   0.000000000000000000e+00   5.963123851011049165e-02   0.000000000000000000e+00   4.909441953679070575e+05
  1.130000000000000000e+05   6.452331034836508334e+05   0.000000000000000000e+00  -2.993478114997240314e-02   0.000000000000000000e+00   4.908721926464803983e+05
  1.120000000000000000e+05   6.439290217195862206e+05   0.000000000000000000e+00  -3.677164398667061990e-02   0.000000000000000000e+00   4.907902873923779116e+05
  1.110000000000000000e+05   6.426122920072202105e+05   0.000000000000000000e+00  -4.487065547189612869e-02   0.000000000000000000e+00   4.906979330620982219e+05
  1.100000000000000000e+05   6.412823652829967905e+05   0.000000000000000000e+00  -5.277700532933056465e-02   0.000000000000000000e+00   4.905946027785261977e+05
  1.090000000000000000e+05   6.399386822298595216e+05   0.000000000000000000e+00  -5.954671175853868542e-02   0.000000000000000000e+00   4.904797563834348111e+05
  1.080000000000000000e+05   6.385806683241293067e+05   0.000000000000000000e+00  -6.577707951080349891e-02   0.000000000000000000e+00   4.903528365176478983e+05
  1.070000000000000000e+05   6.372077734468798153e+05   0.000000000000000000e+00   3.502760574125479004e-02   0.000000000000000000e+00   4.902133051066828775e+05
  1.060000000000000000e+05   6.358192977690678090e+05   0.000000000000000000e+00   4.000637298709748546e-02   0.000000000000000000e+00   4.900605001243826700e+05
  1.050000000000000000e+05   6.344146476494939998e+05   0.000000000000000000e+00   4.615781017742005832e-02   0.000000000000000000e+00   4.898938339271773584e+05
  1.040000000000000000e+05   6.329931614925767062e+05   0.000000000000000000e+00   5.196854121453179515e-02   0.000000000000000000e+00   4.897126609832213726e+05
  1.030000000000000000e+05   6.315541482308926061e+05   0.000000000000000000e+00   5.633561845765792248e-02   0.000000000000000000e+00   4.895163068466534605e+05
  1.020000000000000000e+05   6.300968857611113926e+05   0.000000000000000000e+00   5.822440285357872308e-02   0.000000000000000000e+00   4.893040696917984169e+05
  1.010000000000000000e+05   6.286206158433238743e+05   0.000000000000000000e+00   5.235898120808932937e-02   0.000000000000000000e+00   4.890752054936555796e+05
  1.000000000000000000e+05   6.271245430097468197e+05   0.000000000000000000e+00   4.426245382944219570e-02   0.000000000000000000e+00   4.888289300166696776e+05
  9.900000000000000000e+04   6.256078227494107559e+05   0.000000000000000000e+00  -3.411127351330339730e-02   0.000000000000000000e+00   4.885644052008985891e+05
  9.800000000000000000e+04   6.240695962063111365e+05   0.000000000000000000e+00  -3.296686547423815367e-02   0.000000000000000000e+00   4.882808086511622532e+05
  9.700000000000000000e+04   6.225089202858639183e+05   0.000000000000000000e+00  -2.971695051240112392e-02   0.000000000000000000e+00   4.879772029412442935e+05
  9.600000000000000000e+04   6.209248128775819205e+05   0.000000000000000000e+00  -2.531409565645550974e-02   0.000000000000000000e+00   4.876526220492945868e+05
  9.500000000000000000e+04   6.193162319528877269e+05   0.000000000000000000e+00  -8.122836207008363174e-03   0.000000000000000000e+00   4.873060443484255229e+05
  9.400000000000000000e+04   6.176820886945053935e+05   0.000000000000000000e+00  -1.693196780579683813e-02   0.000000000000000000e+00   4.869363862088657334e+05
  9.300000000000000000e+04   6.160211942541613244e+05   0.000000000000000000e+00   8.142379765413375325e-02   0.000000000000000000e+00   4.865424448394720675e+05
  9.200000000000000000e+04   6.143323783782529645e+05   0.000000000000000000e+00   8.138185383018707586e-02   0.000000000000000000e+00   4.861231379462880432e+05
  9.100000000000000000e+04   6.126143159122630022e+05   0.000000000000000000e+00   7.944045144092246047e-02   0.000000000000000000e+00   4.856771196708686184e+05
  9.000000000000000000e+04   6.108656374693119433e+05   0.000000000000000000e+00   7.738904005479214920e-02   0.000000000000000000e+00   4.852030353479437181e+05
  8.900000000000000000e+04   6.090848977070784895e+05   0.000000000000000000e+00   7.670579467682714370e-02   0.000000000000000000e+00   4.846994541944699013e+05
  8.800000000000000000e+04   6.072705677028263453e+05   0.000000000000000000e+00   8.087326367119569703e-02   0.000000000000000000e+00   4.841648662606802536e+05
  8.700000000000000000e+04   6.054210456073118839e+05   0.000000000000000000e+00   8.388599356776006710e-02   0.000000000000000000e+00   4.835976818886557594e+05
  8.600000000000000000e+04   6.035346526472596452e+05   0.000000000000000000e+00   8.330869134312732238e-02   0.000000000000000000e+00   4.829962342535557691e+05
  8.500000000000000000e+04   6.016096847761666868e+05   0.000000000000000000e+00   6.301535713745606490e-03   0.000000000000000000e+00   4.823587955247925711e+05
  8.400000000000000000e+04   5.996442020030531567e+05   0.000000000000000000e+00  -6.275664425810779934e-02   0.000000000000000000e+00   4.816835171743737883e+05
  8.300000000000000000e+04   5.976363504010745091e+05   0.000000000000000000e+00  -8.317125816047055142e-02   0.000000000000000000e+00   4.809685272675582673e+05
  8.200000000000000000e+04   5.955842177455041092e+05   0.000000000000000000e+00   3.139172201500099041e-02   0.000000000000000000e+00   4.802119131285895128e+05
  8.100000000000000000e+04   5.934858160604805453e+05   0.000000000000000000e+00   1.974797278374857204e-02   0.000000000000000000e+00   4.794116862018287065e+05
  8.000000000000000000e+04   5.913390923063806258e+05   0.000000000000000000e+00   1.390378528761217203e-02   0.000000000000000000e+00   4.785658235207166872e+05
  7.900000000000000000e+04   5.891421568303059321e+05   0.000000000000000000e+00   1.463459965664102962e-02   0.000000000000000000e+00   4.776723983783462900e+05
  7.800000000000000000e+04   5.868930016287255567e+05   0.000000000000000000e+00   8.146893636998291457e-03   0.000000000000000000e+00   4.767294235919053317e+05
  7.700000000000000000e+04   5.845897436779324198e+05   0.000000000000000000e+00  -6.471169252871918423e-03   0.000000000000000000e+00   4.757350121772110579e+05
  7.600000000000000000e+04   5.822306151371311862e+05   0.000000000000000000e+00  -2.296956066653801226e-02   0.000000000000000000e+00   4.746873880330688553e+05
  7.500000000000000000e+04   5.798140106409117579e+05   0.000000000000000000e+00  -2.572069816865110714e-02   0.000000000000000000e+00   4.735849303053622134e+05
  7.400000000000000000e+04   5.773385380044489866e+05   0.000000000000000000e+00  -1.646692270369354023e-03   0.000000000000000000e+00   4.724262203895279090e+05
  7.300000000000000000e+04   5.748030712007352849e+05   0.000000000000000000e+00   3.621148639215603787e-02   0.000000000000000000e+00   4.712100989626152441e+05
  7.200000000000000000e+04   5.722067985845181393e+05   0.000000000000000000e+00   6.886485498494575308e-02   0.000000000000000000e+00   4.699357183354251320e+05
  7.100000000000000000e+04   5.695492655329433037e+05   0.000000000000000000e+00   8.048260448103793097e-02   0.000000000000000000e+00   4.686025854334431351e+05
  7.000000000000000000e+04   5.668304100193944760e+05   0.000000000000000000e+00   6.610958601683780689e-02   0.000000000000000000e+00   4.672105927739472245e+05
  6.900000000000000000e+04   5.640505963802939514e+05   0.000000000000000000e+00   4.086770317582198025e-02   0.000000000000000000e+00   4.657600597013656516e+05
  6.800000000000000000e+04   5.612106113373641856e+05   0.000000000000000000e+00   9.067540078933410824e-03   0.000000000000000000e+00   4.642517115399547620e+05
  6.700000000000000000e+04   5.583116668782964116e+05   0.000000000000000000e+00  -1.996271481760758873e-02   0.000000000000000000e+00   4.626866994692452135e+05
  6.600000000000000000e+04   5.553553856947921449e+05   0.000000000000000000e+00  -2.420844236550329792e-02   0.000000000000000000e+00   4.610665797651283210e+05
  6.500000000000000000e+04   5.523437672531198477e+05   0.000000000000000000e+00  -4.430089972746965345e-03   0.000000000000000000e+00   4.593932783207566245e+05
  6.400000000000000000e+04   5.492790934437615797e+05   0.000000000000000000e+00   1.483567634121873459e-02   0.000000000000000000e+00   4.576690084588006139e+05
  6.300000000000000000e+04   5.461638989802029682e+05   0.000000000000000000e+00   1.786967850015301618e-02   0.000000000000000000e+00   4.558962411312292097e+05
  6.200000000000000000e+04   5.430008869847190799e+05   0.000000000000000000e+00  -1.881795687935366350e-03   0.000000000000000000e+00   4.540776211978960782e+05
  6.100000000000000000e+04   5.397928629607156618e+05   0.000000000000000000e+00  -4.074628512775699263e-02   0.000000000000000000e+00   4.522159008048744872e+05
  6.000000000000000000e+04   5.365426696398418862e+05   0.000000000000000000e+00  -7.463682111920050266e-02   0.000000000000000000e+00   4.503138745155207580e+05
  5.900000000000000000e+04   5.332530967945747543e+05   0.000000000000000000e+00  -5.859676394317157866e-02   0.000000000000000000e+00   4.483742747817269992e+05
  5.800000000000000000e+04   5.299267800216648029e+05   0.000000000000000000e+00  -3.546157474608287175e-02   0.000000000000000000e+00   4.463996960103424499e+05
  5.700000000000000000e+04   5.265665630505655427e+05   0.000000000000000000e+00  -3.867546032103429815e-02   0.000000000000000000e+00   4.443929553796662949e+05
  5.600000000000000000e+04   5.231747877952408744e+05   0.000000000000000000e+00  -1.952140146434131265e-02   0.000000000000000000e+00   4.423563571385761024e+05
  5.500000000000000000e+04   5.197538618781809928e+05   0.000000000000000000e+00  -4.403796722473608122e-02   0.000000000000000000e+00   4.402922640832580510e+05
  5.400000000000000000e+04   5.163056587340523256e+05   0.000000000000000000e+00  -3.163548756007149992e-02   0.000000000000000000e+00   4.382025714481060277e+05
  5.300000000000000000e+04   5.128321583462078124e+05   0.000000000000000000e+00  -5.371573500455490563e-03   0.000000000000000000e+00   4.360892285490590148e+05
  5.200000000000000000e+04   5.093349986618892290e+05   0.000000000000000000e+00  -1.442692373497599621e-02   0.000000000000000000e+00   4.339538604752403335e+05
  5.100000000000000000e+04   5.058158120484496467e+05   0.000000000000000000e+00   6.185492498722980348e-03   0.000000000000000000e+00   4.317981082549637067e+05
  5.000000000000000000e+04   5.022758946902414900e+05   0.000000000000000000e+00   3.015836743283506136e-02   0.000000000000000000e+00   4.296232591193283442e+05
  4.900000000000000000e+04   4.987164218245987431e+05   0.000000000000000000e+00   4.772631841848817141e-02   0.000000000000000000e+00   4.274304912198009552e+05
  4.800000000000000000e+04   4.951384159098207019e+05   0.000000000000000000e+00   5.155560324547635992e-02   0.000000000000000000e+00   4.252208342168233939e+05
  4.700000000000000000e+04   4.915427594046572340e+05   0.000000000000000000e+00   3.869360443603430538e-02   0.000000000000000000e+00   4.229951812025733525e+05
  4.600000000000000000e+04   4.879302088357627508e+05   0.000000000000000000e+00   1.112936060125389696e-02   0.000000000000000000e+00   4.207543020764577086e+05
  4.500000000000000000e+04   4.843014082787270891e+05   0.000000000000000000e+00  -2.433358307163878756e-02   0.000000000000000000e+00   4.184988562420035596e+05
  4.400000000000000000e+04   4.806569018854677561e+05   0.000000000000000000e+00  -5.786784276999878962e-02   0.000000000000000000e+00   4.162294044032897218e+05
  4.300000000000000000e+04   4.769971468352117809e+05   0.000000000000000000e+00  -7.841886562846747677e-02   0.000000000000000000e+00   4.139464210860896274e+05
  4.200000000000000000e+04   4.733225214219318004e+05   0.000000000000000000e+00  -7.784149104894637350e-02   0.000000000000000000e+00   4.116503022347430233e+05
  4.100000000000000000e+04   4.696333505846122280e+05   0.000000000000000000e+00  -5.580915357424981460e-02   0.000000000000000000e+00   4.093413904895621235e+05
  4.000000000000000000e+04   4.659298800065049436e+05   0.000000000000000000e+00  -2.716334434273899590e-02   0.000000000000000000e+00   4.070199506052435609e+05
  3.900000000000000000e+04   4.622122918290690868e+05   0.000000000000000000e+00   9.529007849882038805e-03   0.000000000000000000e+00   4.046861863556283643e+05
  3.800000000000000000e+04   4.584807454277495272e+05   0.000000000000000000e+00   4.689564925421725594e-02   0.000000000000000000e+00   4.023402792150230380e+05
  3.700000000000000000e+04   4.547353584782950929e+05   0.000000000000000000e+00   1.045356703996213055e-01   0.000000000000000000e+00   3.999823702680607093e+05
  3.600000000000000000e+04   4.509762173555833288e+05   0.000000000000000000e+00   1.481869300134870393e-01   0.000000000000000000e+00   3.976125681379399612e+05
  3.500000000000000000e+04   4.472033440882677096e+05   0.000000000000000000e+00   1.191233252172787804e-01   0.000000000000000000e+00   3.952309292265921831e+05
  3.400000000000000000e+04   4.434168165444384795e+05   0.000000000000000000e+00   1.368797190395404373e-01   0.000000000000000000e+00   3.928375518494663993e+05
  3.300000000000000000e+04   4.396165913020460284e+05   0.000000000000000000e+00   1.209428081796837251e-01   0.000000000000000000e+00   3.904324197151080589e+05
  3.200000000000000000e+04   4.358026856097935815e+05   0.000000000000000000e+00   1.046764209856495403e-01   0.000000000000000000e+00   3.880155842682095245e+05
  3.100000000000000000e+04   4.319750513566081063e+05   0.000000000000000000e+00   7.418418935938310421e-02   0.000000000000000000e+00   3.855870266581746982e+05
  3.000000000000000000e+04   4.281336403190645506e+05   0.000000000000000000e+00   4.404165939987352701e-02   0.000000000000000000e+00   3.831467296641521971e+05
  2.900000000000000000e+04   4.242783962656111107e+05   0.000000000000000000e+00   3.413260623660741011e-02   0.000000000000000000e+00   3.806946735823491472e+05
  2.800000000000000000e+04   4.204092270148250973e+05   0.000000000000000000e+00   2.861191954081298075e-02   0.000000000000000000e+00   3.782308038806463592e+05
  2.700000000000000000e+04   4.165260306791869225e+05   0.000000000000000000e+00   1.291591335600614059e-02   0.000000000000000000e+00   3.757550462637993041e+05
  2.600000000000000000e+04   4.126287122089556651e+05   0.000000000000000000e+00  -1.944876845195504409e-03   0.000000000000000000e+00   3.732673394878649851e+05
  2.500000000000000000e+04   4.087171832451429800e+05   0.000000000000000000e+00  -2.362259670979311929e-02   0.000000000000000000e+00   3.707676289232624113e+05
  2.400000000000000000e+04   4.047913353747180081e+05   0.000000000000000000e+00  -2.785033019352421979e-01   0.000000000000000000e+00   3.682558572699659271e+05
  2.300000000000000000e+04   4.008510390289081261e+05   0.000000000000000000e+00  -2.689230389596419246e-01   0.000000000000000000e+00   3.657319358150876942e+05
  2.200000000000000000e+04   3.968961675289277337e+05   0.000000000000000000e+00  -2.370261996706808372e-01   0.000000000000000000e+00   3.631957679315450368e+05
  2.100000000000000000e+04   3.929265804347088560e+05   0.000000000000000000e+00  -2.056593070332224382e-01   0.000000000000000000e+00   3.606472545469526667e+05
  2.000000000000000000e+04   3.889421074508461170e+05   0.000000000000000000e+00  -1.760376681621615425e-01   0.000000000000000000e+00   3.580862835084602702e+05
  1.900000000000000000e+04   3.849425911224210868e+05   0.000000000000000000e+00  -1.511744884878182260e-01   0.000000000000000000e+00   3.555127456529896008e+05
  1.800000000000000000e+04   3.809278767894235207e+05   0.000000000000000000e+00  -1.382527671793036539e-01   0.000000000000000000e+00   3.529265306332675391e+05
  1.700000000000000000e+04   3.768978070410427172e+05   0.000000000000000000e+00  -1.283313948716251485e-01   0.000000000000000000e+00   3.503275291242430685e+05
  1.600000000000000000e+04   3.728521962996841175e+05   0.000000000000000000e+00  -1.136065004659876365e-01   0.000000000000000000e+00   3.477156150534966728e+05
  1.500000000000000000e+04   3.687908326195378322e+05   0.000000000000000000e+00  -9.274159772578272065e-02   0.000000000000000000e+00   3.450906423120474210e+05
  1.400000000000000000e+04   3.647135005432395265e+05   0.000000000000000000e+00  -7.158411826057066440e-02   0.000000000000000000e+00   3.424524565757676028e+05
  1.300000000000000000e+04   3.606199816614622832e+05   0.000000000000000000e+00  -5.437313113580281854e-02   0.000000000000000000e+00   3.398009008994555916e+05
  1.200000000000000000e+04   3.565100501546288724e+05   0.000000000000000000e+00  -4.552516658054177323e-02   0.000000000000000000e+00   3.371358131207424449e+05
  1.100000000000000000e+04   3.523834677549250773e+05   0.000000000000000000e+00  -3.889296334187992976e-02   0.000000000000000000e+00   3.344570240571734030e+05
  1.000000000000000000e+04   3.482399711297345348e+05   0.000000000000000000e+00  -3.040727718792308326e-02   0.000000000000000000e+00   3.317643481162844691e+05
  9.000000000000000000e+03   3.440792553902665968e+05   0.000000000000000000e+00   5.942469678732011928e-01   0.000000000000000000e+00   3.290575483227916993e+05
  8.000000000000000000e+03   3.399010580063748057e+05   0.000000000000000000e+00   5.540748859778558133e-01   0.000000000000000000e+00   3.263364618934464525e+05
  7.000000000000000000e+03   3.357050395516997087e+05   0.000000000000000000e+00   4.781583101656495249e-01   0.000000000000000000e+00   3.236008869323299150e+05
  6.000000000000000000e+03   3.314908527588387951e+05   0.000000000000000000e+00   4.660982267364715548e-01   0.000000000000000000e+00   3.208504700080447365e+05
  5.000000000000000000e+03   3.272581291856699390e+05   0.000000000000000000e+00   4.253732816441822551e-01   0.000000000000000000e+00   3.180849917010383215e+05
  4.000000000000000000e+03   3.230064501471577096e+05   0.000000000000000000e+00   4.207019952204825719e-01   0.000000000000000000e+00   3.153041644322166103e+05
  3.000000000000000000e+03   3.187354376836166484e+05   0.000000000000000000e+00   3.882177674279724267e-01   0.000000000000000000e+00   3.125076800877562491e+05
  2.000000000000000000e+03   3.144446041918423143e+05   0.000000000000000000e+00   3.602457343598410855e-01   0.000000000000000000e+00   3.096952068680158118e+05
  1.000000000000000000e+03   3.101334484669563826e+05   0.000000000000000000e+00   3.331344175766038362e-01   0.000000000000000000e+00   3.068663644667870249e+05
  0.000000000000000000e+00   3.058014237002785085e+05   0.000000000000000000e+00   3.093832621075210954e-01   0.000000000000000000e+00   3.040207414520492894e+05
 -1.000000000000000000e+03   3.014479412765365560e+05   0.000000000000000000e+00   2.839677901460377352e-01   0.000000000000000000e+00   3.011578923532491317e+05
 -2.000000000000000000e+03   2.970723567200026591e+05   0.000000000000000000e+00   2.613122938484350732e-01   0.000000000000000000e+00   2.982773409724847879e+05
 -3.000000000000000000e+03   2.926739661878659390e+05   0.000000000000000000e+00   2.431666761333343141e-01   0.000000000000000000e+00   2.953785622510332614e+05
 -4.000000000000000000e+03   2.882519966268633143e+05   0.000000000000000000e+00   2.311888512169388843e-01   0.000000000000000000e+00   2.924609757490158081e+05
 -5.000000000000000000e+03   2.838055922001787112e+05   0.000000000000000000e+00   2.230354056942560337e-01   0.000000000000000000e+00   2.895239332615767489e+05
 -6.000000000000000000e+03   2.793338030273889890e+05   0.000000000000000000e+00   2.175050780882880896e-01   0.000000000000000000e+00   2.865667106473656604e+05
 -7.000000000000000000e+03   2.748355812733187922e+05   0.000000000000000000e+00   2.097466567060641551e-01   0.000000000000000000e+00   2.835885062868865789e+05
 -8.000000000000000000e+03   2.703097637964998139e+05   0.000000000000000000e+00   2.014055346465672969e-01   0.000000000000000000e+00   2.805884340330830310e+05
 -9.000000000000000000e+03   2.657550439044964151e+05   0.000000000000000000e+00   1.943114415511904558e-01   0.000000000000000000e+00   2.775654960837875260e+05
 -1.000000000000000000e+04   2.611699456926237908e+05   0.000000000000000000e+00   1.903534179846992913e-01   0.000000000000000000e+00   2.745185615874980576e+05
 -1.100000000000000000e+04   2.565527952607012994e+05   0.000000000000000000e+00   1.898820124783541230e-01   0.000000000000000000e+00   2.714463447130369605e+05
 -1.200000000000000000e+04   2.519016822078475088e+05   0.000000000000000000e+00   1.937050947204084772e-01   0.000000000000000000e+00   2.683473761260096799e+05
 -1.300000000000000000e+04   2.472144085983002442e+05   0.000000000000000000e+00   2.016289668036061189e-01   0.000000000000000000e+00   2.652199637185134343e+05
 -1.400000000000000000e+04   2.424884206696822657e+05   0.000000000000000000e+00   2.141966576070526984e-01   0.000000000000000000e+00   2.620621409061721351e+05
 -1.500000000000000000e+04   2.377207177094939398e+05   0.000000000000000000e+00   2.323499699251028727e-01   0.000000000000000000e+00   2.588715973889202578e+05
 -1.600000000000000000e+04   2.329077273185327067e+05   0.000000000000000000e+00   2.580415292149265127e-01   0.000000000000000000e+00   2.556455852558208280e+05
 -1.700000000000000000e+04   2.280451303803632909e+05   0.000000000000000000e+00   2.934611403699091681e-01   0.000000000000000000e+00   2.523807873545936018e+05
 -1.800000000000000000e+04   2.231276059190742380e+05   0.000000000000000000e+00   3.434799642738897707e-01   0.000000000000000000e+00   2.490731276685758494e+05
 -1.900000000000000000e+04   2.181484465647630859e+05   0.000000000000000000e+00   4.141313567347188473e-01   0.000000000000000000e+00   2.457174857614989451e+05
 -2.000000000000000000e+04   2.130989488494400866e+05   0.000000000000000000e+00   5.139040370891010401e-01   0.000000000000000000e+00   2.423072476011624094e+05
 -2.100000000000000000e+04   2.079673871280903113e+05   0.000000000000000000e+00   6.628481021939324203e-01   0.000000000000000000e+00   2.388335574175724760e+05
 -2.200000000000000000e+04   2.027371316096105147e+05   0.000000000000000000e+00  -4.861615753659221523e-02   0.000000000000000000e+00   2.352839801040967577e+05
 -2.300000000000000000e+04   1.973830476243929879e+05   0.000000000000000000e+00  -1.368430432461632817e-01   0.000000000000000000e+00   2.316397789894392772e+05
 -2.400000000000000000e+04   1.918626806874533067e+05   0.000000000000000000e+00  -3.149258587387231412e-01   0.000000000000000000e+00   2.278698177646863041e+05
 -2.500000000000000000e+04   1.860910795154901862e+05   0.000000000000000000e+00   6.296433491630734625e-02   0.000000000000000000e+00   2.239125769093725830e+05
 -2.600000000000000000e+04   1.798214675921942980e+05   0.000000000000000000e+00  -1.188814575059584516e-01   0.000000000000000000e+00   2.195926502845718933e+05
 -2.700000000000000000e+04  -2.023572503387868637e+05   0.000000000000000000e+00  -2.189510438350850130e-01   0.000000000000000000e+00  -1.572999532416271977e+05
 -2.800000000000000000e+04  -2.095541633444182226e+05   0.000000000000000000e+00   1.569939663875078717e-01   0.000000000000000000e+00  -1.630413844235957076e+05
 -2.900000000000000000e+04  -2.168841678391472087e+05   0.000000000000000000e+00   1.460144562197445151e-01   0.000000000000000000e+00  -1.689132428298213345e+05
 -3.000000000000000000e+04  -2.243031709826119186e+05   0.000000000000000000e+00   1.022709025130948968e-01   0.000000000000000000e+00  -1.748739151031373476e+05
 -3.100000000000000000e+04  -2.317533071930918959e+05   0.000000000000000000e+00  -2.489560336785567318e-01   0.000000000000000000e+00  -1.808642479688671883e+05
 -3.200000000000000000e+04  -2.393464133221132215e+05   0.000000000000000000e+00  -2.162479532141409477e-01   0.000000000000000000e+00  -1.869931225542401662e+05
 -3.300000000000000000e+04  -2.472077452721881273e+05   0.000000000000000000e+00  -1.718986777451477488e-01   0.000000000000000000e+00  -1.933866661005603091e+05
 -3.400000000000000000e+04  -2.552926329177827865e+05   0.000000000000000000e+00   3.089489767347306515e-01   0.000000000000000000e+00  -2.000026787707739859e+05
 -3.500000000000000000e+04  -2.635909986229639035e+05   0.000000000000000000e+00   2.019353797880327761e-01   0.000000000000000000e+00  -2.068288944633592037e+05
 -3.600000000000000000e+04  -2.723070953717968659e+05   0.000000000000000000e+00   1.185089468629817455e-01   0.000000000000000000e+00  -2.140667857238507422e+05
 -3.700000000000000000e+04  -2.815457132659992203e+05   0.000000000000000000e+00  -2.422433293149561795e-01   0.000000000000000000e+00  -2.218244303944528219e+05
 -3.800000000000000000e+04  -2.911465938667345326e+05   0.000000000000000000e+00   3.610724611271068363e-01   0.000000000000000000e+00  -2.299439984764211986e+05
 -3.900000000000000000e+04  -3.011954779674910824e+05   0.000000000000000000e+00   2.379448784486375146e-01   0.000000000000000000e+00  -2.385076298336020554e+05
 -4.000000000000000000e+04  -3.117724729500518879e+05   0.000000000000000000e+00   1.217923808019080040e-01   0.000000000000000000e+00  -2.475993524275186937e+05
 -4.100000000000000000e+04  -3.224689343297414598e+05   0.000000000000000000e+00  -3.183409854190789590e-01   0.000000000000000000e+00  -2.568152715516500757e+05
 -4.200000000000000000e+04  -3.333651229497786844e+05   0.000000000000000000e+00  -3.005007020788053040e-01   0.000000000000000000e+00  -2.662299900725335465e+05
 -4.300000000000000000e+04  -3.444788458935774397e+05   0.000000000000000000e+00  -2.540453431107770332e-01   0.000000000000000000e+00  -2.758657393885229249e+05
 -4.400000000000000000e+04  -3.554973652595488238e+05   0.000000000000000000e+00  -2.460059168859711209e-01   0.000000000000000000e+00  -2.854083481908817193e+05
 -4.500000000000000000e+04  -3.668861226412091055e+05   0.000000000000000000e+00  -3.454882428146722195e-01   0.000000000000000000e+00  -2.953152316855354584e+05
 -4.600000000000000000e+04  -3.785335716603238252e+05   0.000000000000000000e+00  -4.193320118684713549e-01   0.000000000000000000e+00  -3.054764595971818198e+05
 -4.700000000000000000e+04  -3.911267934441095567e+05   0.000000000000000000e+00   3.604478611160085166e-01   0.000000000000000000e+00  -3.165557809457392432e+05
 -4.800000000000000000e+04  -4.951384320249943994e+05   0.000000000000000000e+00  -8.178615007473186149e-02   0.000000000000000000e+00  -4.252208605298538459e+05
 -4.900000000000000000e+04  -4.987165102299494902e+05   0.000000000000000000e+00  -4.657283327260272610e-02   0.000000000000000000e+00  -4.274305653319126577e+05
 -5.000000000000000000e+04  -5.022759709522508783e+05   0.000000000000000000e+00  -3.022819141488806982e-02   0.000000000000000000e+00  -4.296233170837188372e+05
 -5.100000000000000000e+04  -5.058158675020302180e+05   0.000000000000000000e+00  -7.483820798164797679e-03   0.000000000000000000e+00  -4.317981479193280684e+05
 -5.200000000000000000e+04  -5.093350268419432105e+05   0.000000000000000000e+00   1.285191554141663396e-02   0.000000000000000000e+00  -4.339538805955361458e+05
 -5.300000000000000000e+04  -5.128320650074788718e+05   0.000000000000000000e+00   3.958024239733858723e-03   0.000000000000000000e+00  -4.360891226015000138e+05
 -5.400000000000000000e+04  -5.163055848635982256e+05   0.000000000000000000e+00   2.978900371321892976e-02   0.000000000000000000e+00  -4.382024908895078697e+05
 -5.500000000000000000e+04  -5.197538172805607901e+05   0.000000000000000000e+00   4.243525341123863953e-02   0.000000000000000000e+00  -4.402922201965728891e+05
 -5.600000000000000000e+04  -5.231749529224874568e+05   0.000000000000000000e+00   1.690957079800175372e-02   0.000000000000000000e+00  -4.423564954306348809e+05
 -5.700000000000000000e+04  -5.265666825386966811e+05   0.000000000000000000e+00   3.612804136393116955e-02   0.000000000000000000e+00  -4.443930653856543358e+05
 -5.800000000000000000e+04  -5.299268590414441423e+05   0.000000000000000000e+00   3.401876201923312304e-02   0.000000000000000000e+00  -4.463997847663813154e+05
 -5.900000000000000000e+04  -5.332529129408812150e+05   0.000000000000000000e+00   5.360630935378182110e-02   0.000000000000000000e+00  -4.483741065251838299e+05
 -6.000000000000000000e+04  -5.365424652761401376e+05   0.000000000000000000e+00   7.226397388027584745e-02   0.000000000000000000e+00  -4.503136928045544191e+05
 -6.100000000000000000e+04  -5.397926913966424763e+05   0.000000000000000000e+00   4.056443689034167771e-02   0.000000000000000000e+00  -4.522157618302861811e+05
 -6.200000000000000000e+04  -5.430007484270681161e+05   0.000000000000000000e+00   2.843658608592935372e-03   0.000000000000000000e+00  -4.540775088277905597e+05
 -6.300000000000000000e+04  -5.461637946873280453e+05   0.000000000000000000e+00  -1.601961820110151674e-02   0.000000000000000000e+00  -4.558961498017770355e+05
 -6.400000000000000000e+04  -5.492790186069086194e+05   0.000000000000000000e+00  -1.287293436531487291e-02   0.000000000000000000e+00  -4.576689354659811361e+05
 -6.500000000000000000e+04  -5.523437106557234656e+05   0.000000000000000000e+00   5.677793264229142461e-03   0.000000000000000000e+00  -4.593932216388552333e+05
 -6.600000000000000000e+04  -5.553553357965748291e+05   0.000000000000000000e+00   2.339069003554699114e-02   0.000000000000000000e+00  -4.610665390885771485e+05
 -6.700000000000000000e+04  -5.583116013004652923e+05   0.000000000000000000e+00   1.716606470683510605e-02   0.000000000000000000e+00  -4.626866588071866427e+05
 -6.800000000000000000e+04  -5.612105409351510461e+05   0.000000000000000000e+00  -1.162974879412167518e-02   0.000000000000000000e+00  -4.642516742953865905e+05
 -6.900000000000000000e+04  -5.640505361405009171e+05   0.000000000000000000e+00  -4.261385377629174631e-02   0.000000000000000000e+00  -4.657600310847263900e+05
 -7.000000000000000000e+04  -5.668303631103290245e+05   0.000000000000000000e+00  -6.713243378531909278e-02   0.000000000000000000e+00  -4.672105691442620009e+05
 -7.100000000000000000e+04  -5.695492246992052533e+05   0.000000000000000000e+00  -8.067954599678596461e-02   0.000000000000000000e+00  -4.686025490530827083e+05
 -7.200000000000000000e+04  -5.722067597002045950e+05   0.000000000000000000e+00  -7.299418016154311795e-02   0.000000000000000000e+00  -4.699356659584622248e+05
 -7.300000000000000000e+04  -5.748030284919303376e+05   0.000000000000000000e+00  -4.404757634289351714e-02   0.000000000000000000e+00  -4.712100320948254666e+05
 -7.400000000000000000e+04  -5.773384882528659655e+05   0.000000000000000000e+00  -5.075933184572252801e-03   0.000000000000000000e+00  -4.724261483479634044e+05
 -7.500000000000000000e+04  -5.798139580338108353e+05   0.000000000000000000e+00   2.489383998815182866e-02   0.000000000000000000e+00  -4.735848685239762999e+05
 -7.600000000000000000e+04  -5.822305681024783989e+05   0.000000000000000000e+00   2.434572539633825597e-02   0.000000000000000000e+00  -4.746873459773174254e+05
 -7.700000000000000000e+04  -5.845897093438262818e+05   0.000000000000000000e+00   7.791940116197735265e-03   0.000000000000000000e+00  -4.757349879470518208e+05
 -7.800000000000000000e+04  -5.868929833815952297e+05   0.000000000000000000e+00  -7.206354257362445476e-03   0.000000000000000000e+00  -4.767294122369179386e+05
 -7.900000000000000000e+04  -5.891421543917796807e+05   0.000000000000000000e+00  -1.429730213118661671e-02   0.000000000000000000e+00  -4.776723960026861168e+05
 -8.000000000000000000e+04  -5.913390505367366131e+05   0.000000000000000000e+00   4.357464403432695366e-04   0.000000000000000000e+00  -4.785657941740232636e+05
 -8.100000000000000000e+04  -5.934858545399768045e+05   0.000000000000000000e+00  -1.186562746935026641e-01   0.000000000000000000e+00  -4.794117154039617162e+05
 -8.200000000000000000e+04  -5.955841254106927663e+05   0.000000000000000000e+00  -1.962484645715395840e-02   0.000000000000000000e+00  -4.802118610178607632e+05
 -8.300000000000000000e+04  -5.976362519317441620e+05   0.000000000000000000e+00   8.182271581162983698e-02   0.000000000000000000e+00  -4.809684866887367680e+05
 -8.400000000000000000e+04  -5.996440719922538847e+05   0.000000000000000000e+00   6.858606211863513269e-02   0.000000000000000000e+00  -4.816834656548463390e+05
 -8.500000000000000000e+04  -6.016096142483509611e+05   0.000000000000000000e+00  -7.758840606708843068e-02   0.000000000000000000e+00  -4.823587699443448801e+05
 -8.600000000000000000e+04  -6.035346522943598684e+05   0.000000000000000000e+00  -8.197900545615971479e-02   0.000000000000000000e+00  -4.829962391466753907e+05
 -8.700000000000000000e+04  -6.054210579724182608e+05   0.000000000000000000e+00  -8.224719716250307455e-02   0.000000000000000000e+00  -4.835977021736979950e+05
 -8.800000000000000000e+04  -6.072705886290137423e+05   0.000000000000000000e+00  -7.882696388021465106e-02   0.000000000000000000e+00  -4.841649023488894454e+05
 -8.900000000000000000e+04  -6.090849298139992170e+05   0.000000000000000000e+00  -7.682145231079834380e-02   0.000000000000000000e+00  -4.846995064254277386e+05
 -9.000000000000000000e+04  -6.108656806850424036e+05   0.000000000000000000e+00  -7.778021255510124410e-02   0.000000000000000000e+00  -4.852031006742910249e+05
 -9.100000000000000000e+04  -6.126143637311864877e+05   0.000000000000000000e+00  -7.975158606336942013e-02   0.000000000000000000e+00  -4.856771940158311045e+05
 -9.200000000000000000e+04  -6.143324270068486221e+05   0.000000000000000000e+00  -8.240651621214116485e-02   0.000000000000000000e+00  -4.861232173580109375e+05
 -9.300000000000000000e+04  -6.160212416913278867e+05   0.000000000000000000e+00  -8.338854690312784423e-02   0.000000000000000000e+00  -4.865425258824123302e+05
 -9.400000000000000000e+04  -6.176820752353615826e+05   0.000000000000000000e+00   1.672600730651446072e-02   0.000000000000000000e+00  -4.869363381600536522e+05
 -9.500000000000000000e+04  -6.193162136955118040e+05   0.000000000000000000e+00   7.699372892593400568e-03   0.000000000000000000e+00  -4.873059917893024976e+05
 -9.600000000000000000e+04  -6.209247863458000356e+05   0.000000000000000000e+00   2.628359326146278291e-02   0.000000000000000000e+00  -4.876525735302161775e+05
 -9.700000000000000000e+04  -6.225088977172906743e+05   0.000000000000000000e+00   3.034013306711213706e-02   0.000000000000000000e+00  -4.879771608025306487e+05
 -9.800000000000000000e+04  -6.240695795195135288e+05   0.000000000000000000e+00   3.309684666443053064e-02   0.000000000000000000e+00  -4.882807750244263443e+05
 -9.900000000000000000e+04  -6.256078125435892725e+05   0.000000000000000000e+00   3.366424973421331540e-02   0.000000000000000000e+00  -4.885643818496293970e+05
 -1.000000000000000000e+05  -6.271245122287061531e+05   0.000000000000000000e+00  -4.598977908681221860e-02   0.000000000000000000e+00  -4.888288723094910383e+05
 -1.010000000000000000e+05  -6.286205833409400657e+05   0.000000000000000000e+00  -5.301252072467194099e-02   0.000000000000000000e+00  -4.890751549700801843e+05
 -1.020000000000000000e+05  -6.300968537892089225e+05   0.000000000000000000e+00  -5.748088693828763696e-02   0.000000000000000000e+00  -4.893040332640818087e+05
 -1.030000000000000000e+05  -6.315541178772563580e+05   0.000000000000000000e+00  -5.496168034715763484e-02   0.000000000000000000e+00  -4.895162802586583421e+05
 -1.040000000000000000e+05  -6.329931323756226338e+05   0.000000000000000000e+00  -5.069402743537590461e-02   0.000000000000000000e+00  -4.897126369707510457e+05
 -1.050000000000000000e+05  -6.344146198018821888e+05   0.000000000000000000e+00  -4.494710770592643539e-02   0.000000000000000000e+00  -4.898938131082481123e+05
 -1.060000000000000000e+05  -6.358192704050759785e+05   0.000000000000000000e+00  -3.882080384352131625e-02   0.000000000000000000e+00  -4.900604825447442126e+05
 -1.070000000000000000e+05  -6.372077465324352961e+05   0.000000000000000000e+00  -3.382085514826757566e-02   0.000000000000000000e+00  -4.902132901721279486e+05
 -1.080000000000000000e+05  -6.385807272884092527e+05   0.000000000000000000e+00   6.375596288640039688e-02   0.000000000000000000e+00  -4.903528862199992291e+05
 -1.090000000000000000e+05  -6.399387379179907730e+05   0.000000000000000000e+00   5.763968581443919964e-02   0.000000000000000000e+00  -4.904797988384353230e+05
 -1.100000000000000000e+05  -6.412824146263285074e+05   0.000000000000000000e+00   5.116081140179841447e-02   0.000000000000000000e+00  -4.905946392058609636e+05
 -1.110000000000000000e+05  -6.426123336629177211e+05   0.000000000000000000e+00   4.352422544070697757e-02   0.000000000000000000e+00  -4.906979623492241953e+05
 -1.120000000000000000e+05  -6.439290572610654635e+05   0.000000000000000000e+00   3.562506838665058240e-02   0.000000000000000000e+00  -4.907903094676144538e+05
 -1.130000000000000000e+05  -6.452331342274355702e+05   0.000000000000000000e+00   2.884740484594620208e-02   0.000000000000000000e+00  -4.908722091740953038e+05
 -1.140000000000000000e+05  -6.465250604153445456e+05   0.000000000000000000e+00  -5.796520604364224782e-02   0.000000000000000000e+00  -4.909441502542374656e+05
 -1.150000000000000000e+05  -6.478054642094859155e+05   0.000000000000000000e+00  -4.819018874949394793e-02   0.000000000000000000e+00  -4.910067072125518462e+05
 -1.160000000000000000e+05  -6.490748281529743690e+05   0.000000000000000000e+00  -4.000960602006865818e-02   0.000000000000000000e+00  -4.910603502800737042e+05
 -1.170000000000000000e+05  -6.503336849398752674e+05   0.000000000000000000e+00  -3.069984136443447767e-02   0.000000000000000000e+00  -4.911055861214324832e+05
 -1.180000000000000000e+05  -6.515826182161881588e+05   0.000000000000000000e+00   6.286944186361172193e-02   0.000000000000000000e+00  -4.911429536888272269e+05
 -1.190000000000000000e+05  -6.528220769063624321e+05   0.000000000000000000e+00   4.842808340321481247e-02   0.000000000000000000e+00  -4.911728993683294393e+05
 -1.200000000000000000e+05  -6.540526841090871021e+05   0.000000000000000000e+00   3.758602606370401583e-02   0.000000000000000000e+00  -4.911959946738880826e+05
 -1.210000000000000000e+05  -6.552749751472036587e+05   0.000000000000000000e+00  -7.547787905407012110e-02   0.000000000000000000e+00  -4.912127510671938653e+05
 -1.220000000000000000e+05  -6.564896871605271008e+05   0.000000000000000000e+00  -5.805629156293504178e-02   0.000000000000000000e+00  -4.912238264800606994e+05
 -1.230000000000000000e+05  -6.576974117224803194e+05   0.000000000000000000e+00  -4.160094136815638277e-02   0.000000000000000000e+00  -4.912297801313209347e+05
 -1.240000000000000000e+05  -6.588989123720977223e+05   0.000000000000000000e+00   8.586335981495481218e-02   0.000000000000000000e+00  -4.912313037213918869e+05
 -1.250000000000000000e+05  -6.600948446123895701e+05   0.000000000000000000e+00   6.193656445335584543e-02   0.000000000000000000e+00  -4.912290173186922329e+05
 -1.260000000000000000e+05  -6.612861549575085519e+05   0.000000000000000000e+00   4.206357884218114851e-02   0.000000000000000000e+00  -4.912237741617099964e+05
 -1.270000000000000000e+05  -6.624737844756374834e+05   0.000000000000000000e+00  -8.861859814116962442e-02   0.000000000000000000e+00  -4.912164343879031949e+05
 -1.280000000000000000e+05  -6.636589836948016891e+05   0.000000000000000000e+00  -5.780278558933010791e-02   0.000000000000000000e+00  -4.912081153537263162e+05
 -1.290000000000000000e+05  -6.648430788034605794e+05   0.000000000000000000e+00   1.214931215540819981e-01   0.000000000000000000e+00  -4.912000176794314757e+05
 -1.300000000000000000e+05  -6.660275668733554194e+05   0.000000000000000000e+00   7.410406021973367507e-02   0.000000000000000000e+00  -4.911934965885699494e+05
 -1.310000000000000000e+05  -6.672145097476047231e+05   0.000000000000000000e+00  -1.492931848654869553e-01   0.000000000000000000e+00  -4.911903950624099234e+05
 -1.320000000000000000e+05  -6.684066358022822533e+05   0.000000000000000000e+00  -7.729961170368786216e-02   0.000000000000000000e+00  -4.911931758676874451e+05
 -1.330000000000000000e+05  -6.696072706312686205e+05   0.000000000000000000e+00  -3.857114168361992085e-02   0.000000000000000000e+00  -4.912048145592505462e+05
 -1.340000000000000000e+05  -6.708211548246239545e+05   0.000000000000000000e+00   5.036614881831687207e-02   0.000000000000000000e+00  -4.912295609847005690e+05
 -1.350000000000000000e+05  -6.720552158075113548e+05   0.000000000000000000e+00  -3.997337094351434417e-02   0.000000000000000000e+00  -4.912736075687468401e+05
 -1.360000000000000000e+05  -6.733204403682936681e+05   0.000000000000000000e+00  -1.338693761529971028e-02   0.000000000000000000e+00  -4.913468606752275373e+05
 -1.370000000000000000e+05  -6.746357629380619619e+05   0.000000000000000000e+00   4.573356561628772604e-02   0.000000000000000000e+00  -4.914662796395584010e+05
 -1.380000000000000000e+05  -6.760404765458232723e+05   0.000000000000000000e+00   2.783294275468845718e-04   0.000000000000000000e+00  -4.916672252446326311e+05
 -1.390000000000000000e+05  -6.776482914456267608e+05   0.000000000000000000e+00   1.669578388981155729e-04   0.000000000000000000e+00  -4.920521490222149878e+05
 -1.400000000000000000e+05  -6.788292363320114091e+05   0.000000000000000000e+00   1.400685166490768102e-05   0.000000000000000000e+00  -4.920663847722823848e+05
 -1.410000000000000000e+05  -6.794997092154979473e+05   0.000000000000000000e+00  -5.563216931186376613e-02   0.000000000000000000e+00  -4.916306141942195827e+05
 -1.420000000000000000e+05  -6.801660527748765890e+05   0.000000000000000000e+00   1.064091168787505870e+00   0.000000000000000000e+00  -4.911933554083744530e+05
 -1.430000000000000000e+05  -6.808282953562054317e+05   0.000000000000000000e+00   1.007064853336528815e-01   0.000000000000000000e+00  -4.907546580162245082e+05
 -1.440000000000000000e+05  -6.814864631444291444e+05   0.000000000000000000e+00  -9.361239716295211011e-02   0.000000000000000000e+00  -4.903144985584142851e+05
 -1.450000000000000000e+05  -6.821405750708773267e+05   0.000000000000000000e+00  -4.337256167119808992e-01   0.000000000000000000e+00  -4.898729158161718515e+05
 -1.460000000000000000e+05  -6.827906536573028425e+05   0.000000000000000000e+00  -9.684732836003597800e-01   0.000000000000000000e+00  -4.894299387051603408e+05
 -1.470000000000000000e+05  -6.834367031566125806e+05   0.000000000000000000e+00  -1.643040867083543632e-02   0.000000000000000000e+00  -4.889855357480708044e+05
 -1.480000000000000000e+05  -6.840787654075229075e+05   0.000000000000000000e+00   8.908286845362395345e-02   0.000000000000000000e+00  -4.885398105093424092e+05
 -1.490000000000000000e+05  -6.847168430074293865e+05   0.000000000000000000e+00   2.139925793341298510e-01   0.000000000000000000e+00  -4.880927370732934796e+05
 -1.500000000000000000e+05  -6.853509803783638636e+05   0.000000000000000000e+00   3.768937081640960085e-01   0.000000000000000000e+00  -4.876443505559845362e+05
