  0.000000000000000000e+00   8.598050801029177383e+05   0.000000000000000000e+00   1.057804918804308727e+04   0.000000000000000000e+00  -6.080228273128160765e+01
  1.499658705999999947e+05   6.790576771562177455e+05   1.851099999999999909e+03   3.397870657443896198e+04  -1.145339999999850988e+01   5.039379156794181908e+05
  1.489660981293333170e+05   6.785004786387473578e+05   1.838759333333333188e+03   3.436677573424358707e+04  -1.137704399999347515e+01   5.043842858303278917e+05
  1.479663256586666685e+05   6.779400718135874486e+05   1.826418666666666468e+03   3.476398810451260215e+04  -1.130068800000299234e+01   5.048297433988703415e+05
  1.469665531879999908e+05   6.773763311716006137e+05   1.814077999999999975e+03   3.517314844314462971e+04  -1.122433199998340569e+01   5.052739978233613656e+05
  1.459667807173333131e+05   6.768091960071668727e+05   1.801737333333333254e+03   3.559484666635916801e+04  -1.114797599999292288e+01   5.057170092251244932e+05
  1.449670082466666354e+05   6.762386132023392711e+05   1.789396666666666533e+03   3.602970576656475896e+04  -1.107161999998788815e+01   5.061587503331599873e+05
  1.439672357759999868e+05   6.756645250234791311e+05   1.777055999999999813e+03   3.647839533404025133e+04  -1.099526399999740534e+01   5.065991743882013834e+05
  1.429674633053333382e+05   6.750868925911280094e+05   1.764715333333333319e+03   3.694157648817112931e+04  -1.091890799999237061e+01   5.070382306863164413e+05
  1.419676908346666605e+05   6.745056707062019268e+05   1.752374666666666599e+03   3.741997425888780708e+04  -1.084255199998733588e+01   5.074758748700064025e+05
  1.409679183639999828e+05   6.739207975391581422e+05   1.740033999999999878e+03   3.791439899603365484e+04  -1.076619599999685306e+01   5.079120572468313039e+05
  1.399681458933333342e+05   6.733322088502421975e+05   1.727693333333333157e+03   3.842573917704549240e+04  -1.068984000000637025e+01   5.083467295614499599e+05
  1.389683734226666566e+05   6.727398632970412727e+05   1.715352666666666664e+03   3.895268040531449515e+04  -1.061348400000133552e+01   5.087798855870520929e+05
  1.379686009520000080e+05   6.721436019089046167e+05   1.703011999999999944e+03   3.950076518648739147e+04  -1.053712799999630079e+01   5.092113007501331740e+05
  1.369688284813333303e+05   6.715434179974921281e+05   1.690671333333333223e+03   4.006868933123809256e+04  -1.046077199999126606e+01   5.096409787591192289e+05
  1.359690560106666526e+05   6.709392606644935440e+05   1.678330666666666502e+03   4.065752473786050541e+04  -1.038441600000078324e+01   5.100688291075465968e+05
  1.349692835399999749e+05   6.703309574449228821e+05   1.665989999999999782e+03   4.126861066092556575e+04  -1.030805999999574851e+01   5.104947809895054670e+05
  1.339695110693333554e+05   6.697184261710008141e+05   1.653649333333333288e+03   4.190325087403212092e+04  -1.023170399999071378e+01   5.109187211507082684e+05
  1.329697385986666777e+05   6.691015640687904088e+05   1.641308666666666568e+03   4.256283190222233679e+04  -1.015534799998567905e+01   5.113405206026760279e+05
  1.319699661280000000e+05   6.684802434086988214e+05   1.628967999999999847e+03   4.324897681536067103e+04  -1.007899199999519624e+01   5.117601113233607612e+05
  1.309701936573333223e+05   6.678543532618589234e+05   1.616627333333333354e+03   4.396335250146000908e+04  -1.000263599999016151e+01   5.121773775388922659e+05
  1.299704211866666737e+05   6.672237618688968942e+05   1.604286666666666633e+03   4.470774691078164324e+04  -9.926279999992402736e+00   5.125921748247341020e+05
  1.289706487159999961e+05   6.665883027240126394e+05   1.591945999999999913e+03   4.548416990114844521e+04  -9.849923999994643964e+00   5.130043526509042131e+05
  1.279708762453333184e+05   6.659477882822243264e+05   1.579605333333333192e+03   4.629479354492279526e+04  -9.773568000004161149e+00   5.134137346702123177e+05
  1.269711037746666698e+05   6.653018965716896346e+05   1.567264666666666471e+03   4.714478668984145042e+04  -9.697211999991850462e+00   5.138199146336764679e+05
  1.259713313039999921e+05   6.646506844700819347e+05   1.554923999999999978e+03   4.803070196357512032e+04  -9.620856000008643605e+00   5.142231314828948234e+05
  1.249715588333333289e+05   6.639937971513074590e+05   1.542583333333333258e+03   4.895845699418960430e+04  -9.544499999989056960e+00   5.146230030504245078e+05
  1.239717863626666658e+05   6.633309575134170009e+05   1.530242666666666537e+03   4.993104732212793169e+04  -9.468144000005850103e+00   5.150191980777427671e+05
  1.229720138919999881e+05   6.626618420367873041e+05   1.517902000000000044e+03   5.095173854363080318e+04  -9.391787999986263458e+00   5.154114271165839164e+05
  1.219722414213333250e+05   6.619860953014354454e+05   1.505561333333333323e+03   5.202412767160372459e+04  -9.315432000003056601e+00   5.157994071586642531e+05
  1.209724689506666618e+05   6.613033811484130565e+05   1.493220666666666602e+03   5.315196975726928213e+04  -9.239076000005297828e+00   5.161827895569114480e+05
  1.199726964799999841e+05   6.606133005212839926e+05   1.480879999999999882e+03   5.433936936149317626e+04  -9.162720000000263099e+00   5.165612009154640837e+05
  1.189729240093333210e+05   6.599153866850967752e+05   1.468539333333333161e+03   5.559076337538225198e+04  -9.086364000002504326e+00   5.169342080494302791e+05
  1.179731515386666579e+05   6.592091075923680328e+05   1.456198666666666668e+03   5.691080942926867283e+04  -9.010008000004745554e+00   5.173012753975316300e+05
  1.169733790680000093e+05   6.584938583628137130e+05   1.443857999999999947e+03   5.830452470414563140e+04  -8.933651999985158909e+00   5.176618571410463192e+05
  1.159736065973333316e+05   6.577689908639050554e+05   1.431517333333333227e+03   5.977707069889443665e+04  -8.857296000001952052e+00   5.180153475885209045e+05
  1.149738341266666539e+05   6.570337952668542275e+05   1.419176666666666506e+03   6.133372040690731956e+04  -8.780939999996917322e+00   5.183610798283623881e+05
  1.139740616559999908e+05   6.562876184060811065e+05   1.406836000000000013e+03   6.297608485074173950e+04  -8.704584000006434508e+00   5.186985478082601330e+05
  1.129742891853333276e+05   6.555292993739255471e+05   1.394495333333333292e+03   6.471688246387247636e+04  -8.628228000001399778e+00   5.190264894575709477e+05
  1.119745167146666499e+05   6.547581369188391836e+05   1.382154666666666571e+03   6.655656593103663181e+04  -8.551872000003641006e+00   5.193442237147003179e+05
  1.109747442440000013e+05   6.539730848877648823e+05   1.369813999999999851e+03   6.849899128819850739e+04  -8.475515999998606276e+00   5.196508457553046173e+05
  1.099749717733333237e+05   6.531731720638334518e+05   1.357473333333333358e+03   7.054657871158119815e+04  -8.399160000008123461e+00   5.199454376788021764e+05
  1.089751993026666605e+05   6.523574600505215349e+05   1.345132666666666637e+03   7.269995022283792787e+04  -8.322803999995812774e+00   5.202271162749401992e+05
  1.079754268319999974e+05   6.515250969730236102e+05   1.332791999999999916e+03   7.495738887122404412e+04  -8.246448000005329959e+00   5.204950911939261714e+05
  1.069756543613333197e+05   6.506753834765133215e+05   1.320451333333333196e+03   7.731432914574157621e+04  -8.170091999993019272e+00   5.207486904557681410e+05
  1.059758818906666711e+05   6.498078399410177954e+05   1.308110666666666475e+03   7.976303566469631915e+04  -8.093736000002536457e+00   5.209874500405163853e+05
  1.049761094199999934e+05   6.489222770565423416e+05   1.295769999999999982e+03   8.229254466995844268e+04  -8.017379999997501727e+00   5.212111858710166416e+05
  1.039763369493333303e+05   6.480188382107743528e+05   1.283429333333333261e+03   8.488899868441658327e+04  -7.941023999999742955e+00   5.214200274949361919e+05
  1.029765644786666671e+05   6.470980116336721694e+05   1.271088666666666541e+03   8.753637834968055540e+04  -7.864668000001984183e+00   5.216143978504076949e+05
  1.019767920080000040e+05   6.461601162829685491e+05   1.258748000000000047e+03   9.022303859895851929e+04  -7.788312000004225411e+00   5.217944594160097768e+05
  1.009770195373333263e+05   6.452070748595086625e+05   1.246407333333333327e+03   9.292199971401013318e+04  -7.711955999999190681e+00   5.219622250624709413e+05
  9.997724706666666316e+04   6.442397283781727310e+05   1.234066666666666606e+03   9.562199717639230948e+04  -7.635599999986879993e+00   5.221183114043598180e+05
  9.897747459599998547e+04   6.432593465291211614e+05   1.221726000000000113e+03   9.830921485377298086e+04  -7.559243999996397179e+00   5.222639234027385828e+05
  9.797770212533333688e+04   6.422671327722530114e+05   1.209385333333333165e+03   1.009724967728001211e+05  -7.482887999998638406e+00   5.224001693602926680e+05
  9.697792965466665919e+04   6.412642708034468815e+05   1.197044666666666672e+03   1.036032310565564112e+05  -7.406531999993603677e+00   5.225280603970763041e+05
  9.597815718399998150e+04   6.402523586619531270e+05   1.184703999999999951e+03   1.061905879410330526e+05  -7.330175999995844904e+00   5.226491752911722870e+05
  9.497838471333333291e+04   6.392312539174980484e+05   1.172363333333333230e+03   1.087393470307459647e+05  -7.253819999998086132e+00   5.227631914816853241e+05
  9.397861224266665522e+04   6.382021147747096838e+05   1.160022666666666737e+03   1.112437903813937301e+05  -7.177464000000327360e+00   5.228712246679608943e+05
  9.297883977199997753e+04   6.371654440114609897e+05   1.147681999999999789e+03   1.137035873915504344e+05  -7.101108000009844545e+00   5.229737892849796917e+05
  9.197906730133332894e+04   6.361212137301712064e+05   1.135341333333333296e+03   1.161229385371224053e+05  -7.024752000004809815e+00   5.230706919974510092e+05
  9.097929483066666580e+04   6.350704910176827107e+05   1.123000666666666575e+03   1.184971076451797126e+05  -6.948395999992499128e+00   5.231631505406093202e+05
  8.997952236000000266e+04   6.340131553461746080e+05   1.110659999999999854e+03   1.208308711956507905e+05  -6.872039999994740356e+00   5.232508875336536439e+05
  8.897974988933332497e+04   6.329493338247301290e+05   1.098319333333333361e+03   1.231264819244340470e+05  -6.795683999989705626e+00   5.233340520680093323e+05
  8.797997741866664728e+04   6.318794812403040705e+05   1.085978666666666641e+03   1.253837886875341064e+05  -6.719327999999222811e+00   5.234130929385367781e+05
  8.698020494799999869e+04   6.308029276965957833e+05   1.073637999999999920e+03   1.276101965072830353e+05  -6.642972000001464039e+00   5.234872219696065877e+05
  8.598043247733332100e+04   6.297199381531112595e+05   1.061297333333333427e+03   1.298061174210807367e+05  -6.566616000003705267e+00   5.235567519475165172e+05
  8.498066000666667242e+04   6.286304792385494802e+05   1.048956666666666479e+03   1.319740268730257230e+05  -6.490259999998670537e+00   5.236216114815519541e+05
  8.398088753599999472e+04   6.275340791721389396e+05   1.036615999999999985e+03   1.341185491240488482e+05  -6.413903999993635807e+00   5.236813524246033630e+05
  8.298111506533331703e+04   6.264312585704349913e+05   1.024275333333333265e+03   1.362381110886587703e+05  -6.337548000003152993e+00   5.237365667231985135e+05
  8.198134259466666845e+04   6.253216110698143020e+05   1.011934666666666658e+03   1.383367593053129676e+05  -6.261191999998118263e+00   5.237867939647921594e+05
  8.098157012399999076e+04   6.242050115756086307e+05   9.995939999999999372e+02   1.404166037497512589e+05  -6.184836000000359491e+00   5.238318859121470596e+05
  7.998179765333332762e+04   6.230816028117628302e+05   9.872533333333332166e+02   1.424779469166352064e+05  -6.108479999995324761e+00   5.238720603220178746e+05
  7.898202518266666448e+04   6.219507215348581085e+05   9.749126666666664960e+02   1.445257885748718691e+05  -6.032123999990290031e+00   5.239065000987545354e+05
  7.798225271200000134e+04   6.208124234555304283e+05   9.625720000000000027e+02   1.465605036014293146e+05  -5.955767999999807216e+00   5.239353553231848637e+05
  7.698248024133333820e+04   6.196665411237165099e+05   9.502313333333332821e+02   1.485837866593083600e+05  -5.879412000002048444e+00   5.239584487252135877e+05
  7.598270777066666051e+04   6.185129126826589927e+05   9.378906666666665615e+02   1.505972177793381270e+05  -5.803055999997013714e+00   5.239756020628355327e+05
  7.498293529999999737e+04   6.173510727898939513e+05   9.255499999999999545e+02   1.526037570300053048e+05  -5.726699999999254942e+00   5.239863371216000523e+05
  7.398316282933333423e+04   6.161813319849147229e+05   9.132093333333332339e+02   1.546021256660748622e+05  -5.650344000001496170e+00   5.239910841206818004e+05
  7.298339035866665654e+04   6.150032800089201191e+05   9.008686666666667406e+02   1.565949475287438545e+05  -5.573987999996461440e+00   5.239893625320109422e+05
  7.198361788799999340e+04   6.138167290307088988e+05   8.885280000000000200e+02   1.585835064603718056e+05  -5.497631999998702668e+00   5.239809805137909134e+05
  7.098384541733333026e+04   6.126214869161060778e+05   8.761873333333332994e+02   1.605690197636464727e+05  -5.421275999993667938e+00   5.239657512518265867e+05
  6.998407294666666712e+04   6.114175979512642371e+05   8.638466666666665787e+02   1.625514390810531622e+05  -5.344920000003185123e+00   5.239437876306518447e+05
  6.898430047600000398e+04   6.102044262277678354e+05   8.515059999999998581e+02   1.645341669156793214e+05  -5.268564000005426351e+00   5.239143050071302569e+05
  6.798452800533332629e+04   6.089819633826686768e+05   8.391653333333333649e+02   1.665172057339889288e+05  -5.192208000000391621e+00   5.238773821275982773e+05
  6.698475553466667770e+04   6.077500066320974147e+05   8.268246666666666442e+02   1.685015798527341976e+05  -5.115851999995356891e+00   5.238328117570483009e+05
  6.598498306400000001e+04   6.065083468301191460e+05   8.144839999999999236e+02   1.704882777591023478e+05  -5.039496000004874077e+00   5.237803870459002792e+05
  6.498521059333333687e+04   6.052567713904934935e+05   8.021433333333332030e+02   1.724782530239350453e+05  -4.963139999996201368e+00   5.237198972614539671e+05
  6.398543812266665918e+04   6.039948401476761792e+05   7.898026666666664823e+02   1.744734667005290685e+05  -4.886784000002080575e+00   5.236508518117459025e+05
  6.298566565200000332e+04   6.027227263247310184e+05   7.774619999999999891e+02   1.764728715746476664e+05  -4.810427999997045845e+00   5.235735741972598480e+05
  6.198589318133333290e+04   6.014400257879690034e+05   7.651213333333332685e+02   1.784782721579443605e+05  -4.734072000002925051e+00   5.234875746114242356e+05
  6.098612071066666249e+04   6.001465111847197404e+05   7.527806666666665478e+02   1.804905210210672521e+05  -4.657716000001528300e+00   5.233926258232326945e+05
  5.998634823999999935e+04   5.988419452944494551e+05   7.404399999999998272e+02   1.825104590707945463e+05  -4.581359999996493571e+00   5.232884988806057372e+05
  5.898657576933332894e+04   5.975260871365503408e+05   7.280993333333331066e+02   1.845389124064709467e+05  -4.505004000002372777e+00   5.231749588253364782e+05
  5.798680329866666580e+04   5.961986902245180681e+05   7.157586666666666133e+02   1.865766987253938569e+05  -4.428647999997338047e+00   5.230517655072765192e+05
  5.698703082799999538e+04   5.948596851373048266e+05   7.034179999999998927e+02   1.886237835605925939e+05  -4.352292000003217254e+00   5.229189321781988256e+05
  5.598725835733332497e+04   5.935084962913988857e+05   6.910773333333331720e+02   1.906825773689866473e+05  -4.275935999998182524e+00   5.227756853459427366e+05
  5.498748588666666183e+04   5.921450125320637599e+05   6.787366666666666788e+02   1.927530918130349892e+05  -4.199580000004061731e+00   5.226220259078404633e+05
  5.398771341599999141e+04   5.907689690778083168e+05   6.663959999999999582e+02   1.948361117963298748e+05  -4.123223999995389022e+00   5.224576918770658667e+05
  5.298794094533333555e+04   5.893800907929353416e+05   6.540553333333334649e+02   1.969324306298364827e+05  -4.046868000001268229e+00   5.222824157561021857e+05
  5.198816847466665786e+04   5.879781031849554274e+05   6.417146666666667443e+02   1.990428325766674534e+05  -3.970511999996233499e+00   5.220959215530241490e+05
  5.098839600400000199e+04   5.865627247374629369e+05   6.293740000000000236e+02   2.011681059758736810e+05  -3.894156000002112705e+00   5.218979269763129414e+05
  4.998862353333333158e+04   5.851336657308400609e+05   6.170333333333333030e+02   2.033090441322084516e+05  -3.817799999993439997e+00   5.216881443940593163e+05
  4.898885106266666844e+04   5.836906295315758325e+05   6.046926666666668098e+02   2.054664443826638744e+05  -3.741443999999319203e+00   5.214662801747050835e+05
  4.798907859199999075e+04   5.822333128479383886e+05   5.923520000000000891e+02   2.076411101754956471e+05  -3.665087999997922452e+00   5.212320337032985990e+05
  4.698930612133332761e+04   5.807614040249730460e+05   5.800113333333333685e+02   2.098338566456539556e+05  -3.588732000000163680e+00   5.209850969732467202e+05
  4.598953365066666447e+04   5.792745806902772747e+05   5.676706666666666479e+02   2.120455159358469828e+05  -3.512375999995128950e+00   5.207251551985710976e+05
  4.498976118000000133e+04   5.777725154265735764e+05   5.553299999999999272e+02   2.142769322334222379e+05  -3.436020000001008157e+00   5.204518829725799151e+05
  4.398998870933333092e+04   5.762548755721924827e+05   5.429893333333334340e+02   2.165289634444505209e+05  -3.359663999995973427e+00   5.201649442596252193e+05
  4.299021623866666778e+04   5.747213159389243228e+05   5.306486666666667134e+02   2.188024893515972362e+05  -3.283307999998214655e+00   5.198639969646384707e+05
  4.199044376799999736e+04   5.731714853568330873e+05   5.183079999999999927e+02   2.210984046302046627e+05  -3.206951999993179925e+00   5.195486888550290605e+05
  4.099067129733332695e+04   5.716050188102823449e+05   5.059673333333332721e+02   2.234176300843367062e+05  -3.130596000009973068e+00   5.192186609642568510e+05
  3.999089882666666381e+04   5.700215424862386426e+05   4.936266666666665515e+02   2.257611089109955647e+05  -3.054239999997662380e+00   5.188735440169202047e+05
  3.899112635600000067e+04   5.684206719536291203e+05   4.812860000000000582e+02   2.281298117093099863e+05  -2.977883999999903608e+00   5.185129582764448714e+05
  3.799135388533333025e+04   5.668020140787640121e+05   4.689453333333333376e+02   2.305247368819451949e+05  -2.901527999994868878e+00   5.181365112151387148e+05
  3.699158141466666711e+04   5.651651605204227380e+05   4.566046666666666169e+02   2.329469217427660478e+05  -2.825172000000748085e+00   5.177437997011209955e+05
  3.599180894399998942e+04   5.635096923585293116e+05   4.442639999999998963e+02   2.353974388934333983e+05  -2.748816000006627291e+00   5.173344063277369714e+05
  3.499203647333334084e+04   5.618351760848516133e+05   4.319233333333331757e+02   2.378774037283939542e+05  -2.672459999997954583e+00   5.169079004787447629e+05
  3.399226400266665587e+04   5.601411643690451747e+05   4.195826666666666824e+02   2.403879753253376693e+05  -2.596104000003833789e+00   5.164638369918395765e+05
  3.299249153200000728e+04   5.584271921503125923e+05   4.072419999999999618e+02   2.429303670905503386e+05  -2.519747999998799060e+00   5.160017555701553356e+05
  3.199271906133333323e+04   5.566926336645337287e+05   3.949013333333332412e+02   2.455068183051192609e+05  -2.443391999993764330e+00   5.155207338534703013e+05
  3.099294659066665918e+04   5.549374031179769663e+05   3.825606666666665205e+02   2.481164067417418701e+05  -2.367036000008738483e+00   5.150211885297605768e+05
  2.999317412000000331e+04   5.531607223698497983e+05   3.702199999999997999e+02   2.507617243762797443e+05  -2.290679999992789817e+00   5.145021704096111353e+05
  2.899340164933332926e+04   5.513620652825616999e+05   3.578793333333333067e+02   2.534442093763104349e+05  -2.214324000007763971e+00   5.139631428698200616e+05
  2.799362917866666976e+04   5.495408775735392701e+05   3.455386666666665860e+02   2.561653828264088079e+05  -2.137967999993634294e+00   5.134035525008506957e+05
  2.699385670800000662e+04   5.476965919905621558e+05   3.331980000000000928e+02   2.589268195579869207e+05  -2.061611999997694511e+00   5.128228271199047449e+05
  2.599408423733332529e+04   5.458286025695537683e+05   3.208573333333333721e+02   2.617302164945947879e+05  -1.985256000003573718e+00   5.122203670594984433e+05
  2.499431176666667307e+04   5.439362874384709867e+05   3.085166666666666515e+02   2.645773365571575123e+05  -1.908899999998538988e+00   5.115955502175567090e+05
  2.399453929599999537e+04   5.420189893300927943e+05   2.961760000000001583e+02   2.674700641137151979e+05  -1.832544000002599205e+00   5.109477236384967691e+05
  2.299476682533333951e+04   5.400760184462458128e+05   2.838353333333334376e+02   2.704104016627536039e+05  -1.756187999997564475e+00   5.102762020422533969e+05
  2.199499435466666182e+04   5.381066507974356646e+05   2.714946666666667170e+02   2.734004753612705390e+05  -1.679832000003443682e+00   5.095802664020641241e+05
  2.099522188399999868e+04   5.361101211349560181e+05   2.591539999999999964e+02   2.764425622319329414e+05  -1.603476000007503899e+00   5.088591567725212662e+05
  1.999544941333333554e+04   5.340856212815513136e+05   2.468133333333332757e+02   2.795390970060462714e+05  -1.527119999993374222e+00   5.081120698386158329e+05
  1.899567694266666513e+04   5.320322951636750950e+05   2.344726666666667825e+02   2.826926932453485206e+05  -1.450764000008348376e+00   5.073381522354647168e+05
  1.799590447200000563e+04   5.299492349910641788e+05   2.221320000000000618e+02   2.859061551082558581e+05  -1.374407999992399709e+00   5.065364973216035869e+05
  1.699613200133333157e+04   5.278354756051338045e+05   2.097913333333333412e+02   2.891825004639792023e+05  -1.298052000007373863e+00   5.057061378428293392e+05
  1.599635953066666116e+04   5.256899896020662272e+05   1.974506666666666206e+02   2.925249863052513683e+05  -1.221696000002339133e+00   5.048460385273476131e+05
  1.499658706000000166e+04   5.235116660671433201e+05   1.851099999999999000e+02   2.959374010100741289e+05  -1.145340000007308845e+00   5.039550573466434143e+05
  1.399681458933332942e+04   5.212993116157936165e+05   1.727693333333334067e+02   2.994229923456738470e+05  -1.068984000001364620e+00   5.030321310377868358e+05
  1.299704211866667902e+04   5.190516122400051099e+05   1.604286666666666861e+02   3.029862824599160231e+05  -9.926279999972393853e-01   5.020758810941189877e+05
  1.199726964799999769e+04   5.167671489506161306e+05   1.480879999999999654e+02   3.066319016330311424e+05  -9.162720000012996024e-01   5.010848960695452406e+05
  1.099749717733333455e+04   5.144443734669476980e+05   1.357473333333332448e+02   3.103649377463438432e+05  -8.399160000062693143e-01   5.000576336940923939e+05
  9.997724706666664133e+03   5.120815861129952827e+05   1.234066666666665242e+02   3.141910082764104009e+05  -7.635600000012345845e-01   4.989923992155489977e+05
  8.997952236000000994e+03   5.096769098393055028e+05   1.110660000000000309e+02   3.181163494449636783e+05  -6.872040000062042964e-01   4.978873198752363678e+05
  7.998179765333341493e+03   5.072282616697844933e+05   9.872533333333308292e+01   3.221479101067184238e+05  -6.108479999907103775e-01   4.967403149806180736e+05
  6.998407294666669259e+03   5.047333108050627634e+05   8.638466666666658966e+01   3.262934850214893813e+05  -5.344920000056845311e-01   4.955490580146105494e+05
  5.998634823999998844e+03   5.021894298255200847e+05   7.404400000000009641e+01   3.305618727207003976e+05  -4.581360000006498012e-01   4.943109291088381433e+05
  4.998862353333337524e+03   4.995936289148780052e+05   6.170333333333314840e+01   3.349630910967451637e+05  -3.817800000056195131e-01   4.930229537450726493e+05
  3.999089882666665289e+03   4.969424740844288026e+05   4.936266666666665515e+01   3.395086692007918027e+05  -3.054240000005847833e-01   4.916817180888434523e+05
  2.999317412000003969e+03   4.942319918308257475e+05   3.702199999999993452e+01   3.442119814847070957e+05  -2.290680000053271215e-01   4.902832640792445163e+05
  1.999544941333332645e+03   4.914575434456872754e+05   2.468133333333321389e+01   3.490886494791058940e+05  -1.527120000002923916e-01   4.888229587874433491e+05
  9.997724706666715520e+02   4.886136457233492984e+05   1.234066666666672063e+01   3.541571024438239401e+05  -7.635600000531894693e-02   4.872953218348120572e+05
  0.000000000000000000e+00   4.856937266868958832e+05   0.000000000000000000e+00   3.594393880748864613e+05   0.000000000000000000e+00   4.856937835910232388e+05
 -9.997724706666715520e+02   4.826897935415495303e+05  -1.234066666666649326e+01   3.649622803516034037e+05   7.635600000531894693e-02   4.840103438824028126e+05
 -1.999544941333332645e+03   4.795919361872622976e+05  -2.468133333333344126e+01   3.707588720635351492e+05   1.527120000002923916e-01   4.822350844969707541e+05
 -2.999317412000003969e+03   4.763875952956475085e+05  -3.702199999999993452e+01   3.768709640461076051e+05   2.290680000053271215e-01   4.803554408292403677e+05
 -3.999089882666665289e+03   4.730603845486085629e+05  -4.936266666666642777e+01   3.833528975271033123e+05   3.054240000005847833e-01   4.783550499811422778e+05
 -4.998862353333337524e+03   4.695881792519338196e+05  -6.170333333333337578e+01   3.902778458073443035e+05   3.817800000056195131e-01   4.762118326485162834e+05
 -5.998634823999998844e+03   4.659398400362761458e+05  -7.404399999999986903e+01   3.977484602391744265e+05   4.581360000006498012e-01   4.738946723486384144e+05
 -6.998407294666669259e+03   4.620690266376856016e+05  -8.638466666666681704e+01   4.059168689381015720e+05   5.344920000056845311e-01   4.713572523862499511e+05
 -7.998179765333330579e+03   4.579012606550828204e+05  -9.872533333333331029e+01   4.150268288013420533e+05   6.108480000011695665e-01   4.685249411119779106e+05
 -8.997952236000000994e+03   4.533010475551243871e+05  -1.110659999999998035e+02   4.255192115231088246e+05   6.872040000062042964e-01   4.652622152023063391e+05
 -9.997724706666664133e+03   4.479612942193690105e+05  -1.234066666666667516e+02   4.383890549442251213e+05   7.635600000012345845e-01   4.612621416766312905e+05
 -1.099749717733333455e+04   4.407163168215410551e+05  -1.357473333333332448e+02   4.573880965134894359e+05   8.399160000062693143e-01   4.553592744182783063e+05
 -1.199726964800000678e+04   1.051223970724664832e+05  -1.480880000000001928e+02   7.296278662055897294e+05   9.162719999912951607e-01   1.211119214407818363e+05
 -1.299704211866667902e+04   9.272931275363128225e+04  -1.604286666666666861e+02   7.315936022124560550e+05   9.926279999972393853e-01   1.100686947218174319e+05
 -1.399681458933332942e+04   8.022532045670211664e+04  -1.727693333333331793e+02   7.333851969164421316e+05   1.068984000001364620e+00   9.891776788454345660e+04
 -1.499658706000000166e+04   6.756420406725550129e+04  -1.851100000000001273e+02   7.350233145345989615e+05   1.145340000007308845e+00   8.761358410112008278e+04
 -1.599635953066666116e+04   5.467534898779440846e+04  -1.974506666666666206e+02   7.365375370985270711e+05   1.221696000002339133e+00   7.608599378128683020e+04
 -1.699613200133334612e+04   4.143328807353835145e+04  -2.097913333333335686e+02   7.379773619740478462e+05   1.298051999996459926e+00   6.421006424636718293e+04
 -1.799590447200000563e+04   2.757943352346997199e+04  -2.221320000000000618e+02   7.394411697602205677e+05   1.374407999992399709e+00   5.172936574412792106e+04
 -1.899567694266666513e+04   1.232859415655676094e+04  -2.344726666666665551e+02   7.412214206045939354e+05   1.450764000008348376e+00   3.786254407795508450e+04
 -1.999544941333332827e+04  -5.357091337915011682e+05  -2.468133333333335031e+02   2.708806667579846689e+05   1.527120000002469169e+00  -5.097229587034057477e+05
 -2.099522188400000960e+04  -5.377843313151276670e+05  -2.591539999999999964e+02   2.674567918216451653e+05   1.603475999996589962e+00  -5.105195263466248871e+05
 -2.199499435466666910e+04  -5.398302964084506966e+05  -2.714946666666669444e+02   2.640923044368351693e+05   1.679831999992529745e+00  -5.112887333816919127e+05
 -2.299476682533333951e+04  -5.418477885871772887e+05  -2.838353333333334376e+02   2.607847911647358851e+05   1.756187999997564475e+00  -5.120313731408799067e+05
 -2.399453929599999537e+04  -5.438376660957736894e+05  -2.961759999999999309e+02   2.575316300473797310e+05   1.832544000002599205e+00  -5.127482987200854113e+05
 -2.499431176666666579e+04  -5.458007343668496469e+05  -3.085166666666668789e+02   2.543303822285288770e+05   1.908900000007633935e+00  -5.134403114529973827e+05
 -2.599408423733333620e+04  -5.477377695770292776e+05  -3.208573333333333721e+02   2.511787140866306436e+05   1.985255999992659781e+00  -5.141081796972883167e+05
 -2.699385670800000662e+04  -5.496495019633948104e+05  -3.331980000000003201e+02   2.480744472085377784e+05   2.061611999997694511e+00  -5.147526289225929650e+05
 -2.799362917866666976e+04  -5.515366360660350183e+05  -3.455386666666668134e+02   2.450154973376117705e+05   2.137967999993634294e+00  -5.153743534358197358e+05
 -2.899340164933332926e+04  -5.533998356277503772e+05  -3.578793333333333067e+02   2.419999092986842734e+05   2.214324000007763971e+00  -5.159740143898114329e+05
 -2.999317411999998876e+04  -5.552397520603484008e+05  -3.702200000000002547e+02   2.390257906308709935e+05   2.290680000003703753e+00  -5.165522415342932800e+05
 -3.099294659066667373e+04  -5.570567583171059377e+05  -3.825606666666667479e+02   2.360925285606172401e+05   2.367035999997824547e+00  -5.171092270438243286e+05
 -3.199271906133333323e+04  -5.588518223783145659e+05  -3.949013333333336959e+02   2.331962634923771839e+05   2.443391999993764330e+00  -5.176464413793219137e+05
 -3.299249153200000728e+04  -5.606253841404599370e+05  -4.072420000000001892e+02   2.303362638733346539e+05   2.519747999998799060e+00  -5.181640165844272706e+05
 -3.399226400266665587e+04  -5.623779974623310845e+05  -4.195826666666666824e+02   2.275109385884468502e+05   2.596104000003833789e+00  -5.186624988050952088e+05
 -3.499203647333332628e+04  -5.641101963539664866e+05  -4.319233333333336304e+02   2.247187526458188077e+05   2.672460000008868519e+00  -5.191424182126984815e+05
 -3.599180894400000398e+04  -5.658225010126568377e+05  -4.442640000000001237e+02   2.219582111815683311e+05   2.748815999995713355e+00  -5.196042892992693814e+05
 -3.699158141466666711e+04  -5.675154140443621436e+05  -4.566046666666666169e+02   2.192278609233745956e+05   2.825171999978920212e+00  -5.200486136711009894e+05
 -3.799135388533334481e+04  -5.691894291824932443e+05  -4.689453333333335650e+02   2.165262726330545847e+05   2.901528000005782815e+00  -5.204758780701209907e+05
 -3.899112635599999339e+04  -5.708450195517290849e+05  -4.812860000000000582e+02   2.138520568037762423e+05   2.977884000007179566e+00  -5.208865590247254004e+05
 -3.999089882666666381e+04  -5.724826509780068882e+05  -4.936266666666665515e+02   2.112038408344347845e+05   3.054239999997662380e+00  -5.212811191070029163e+05
 -4.099067129733331967e+04  -5.741027791480389424e+05  -5.059673333333330447e+02   2.085802706053902220e+05   3.130595999999059131e+00  -5.216600088514923118e+05
 -4.199044376800001191e+04  -5.757058521630808245e+05  -5.183079999999999927e+02   2.059800039167065406e+05   3.206952000004093861e+00  -5.220236666824674467e+05
 -4.299021623866667505e+04  -5.772923069562410237e+05  -5.306486666666664860e+02   2.034017117935153947e+05   3.283307999987300718e+00  -5.223725218627658905e+05
 -4.398998870933333092e+04  -5.788625733185963472e+05  -5.429893333333329792e+02   2.008440650723679573e+05   3.359663999995973427e+00  -5.227069958033099538e+05
 -4.498976117999997950e+04  -5.804170696095055901e+05  -5.553299999999999272e+02   1.983057340916716494e+05   3.436020000001008157e+00  -5.230275059030094417e+05
 -4.598953365066667175e+04  -5.819562111432079691e+05  -5.676706666666664205e+02   1.957853718080651597e+05   3.512376000006042887e+00  -5.233344629937555874e+05
 -4.698930612133334216e+04  -5.834804059957090067e+05  -5.800113333333329138e+02   1.932816181070863095e+05   3.588731999989249744e+00  -5.236282727385557373e+05
 -4.798907859199999075e+04  -5.849900618739612401e+05  -5.923519999999998618e+02   1.907930844817012839e+05   3.665087999997922452e+00  -5.239093344713369152e+05
 -4.898885106266664661e+04  -5.864855843816507841e+05  -6.046926666666663550e+02   1.883183508226617123e+05   3.741443999999319203e+00  -5.241780433793578413e+05
 -4.998862353333333886e+04  -5.879675600134002743e+05  -6.170333333333333030e+02   1.858550892924955406e+05   3.817800000004353933e+00  -5.244350652577045839e+05
 -5.098839600400000927e+04  -5.894359796218677657e+05  -6.293739999999997963e+02   1.834036235828087956e+05   3.894155999991198769e+00  -5.246802395596766146e+05
 -5.198816847466665786e+04  -5.908914708368568681e+05  -6.417146666666662895e+02   1.809614188857843692e+05   3.970511999996233499e+00  -5.249142361219613813e+05
 -5.298794094533333555e+04  -5.923344366984618828e+05  -6.540553333333332375e+02   1.785268283529914333e+05   4.046867999979440356e+00  -5.251374500112680253e+05
 -5.398771341599999869e+04  -5.937652835873751901e+05  -6.663959999999997308e+02   1.760981191262239008e+05   4.123224000006302958e+00  -5.253502777412146097e+05
 -5.498748588666665455e+04  -5.951844218994748080e+05  -6.787366666666666788e+02   1.736734499683743634e+05   4.199580000014975667e+00  -5.255531233513256302e+05
 -5.598725835733332497e+04  -5.965922700620709220e+05  -6.910773333333331720e+02   1.712508500602053537e+05   4.275935999998182524e+00  -5.257463993626971496e+05
 -5.698703082799999538e+04  -5.979890889389897930e+05  -7.034179999999996653e+02   1.688291070253370272e+05   4.352291999981389381e+00  -5.259302503877851414e+05
 -5.798680329866666580e+04  -5.993757170386615908e+05  -7.157586666666666133e+02   1.664039441281929903e+05   4.428648000004614005e+00  -5.261056814668785082e+05
 -5.898657576933332166e+04  -6.007523963209742215e+05  -7.280993333333331066e+02   1.639738938826573140e+05   4.505004000013286714e+00  -5.262728441251836484e+05
 -5.998634823999999207e+04  -6.021196125845278148e+05  -7.404400000000000546e+02   1.615361657783451374e+05   4.581359999996493571e+00  -5.264322129170038970e+05
 -6.098612071066666249e+04  -6.034781188693083823e+05  -7.527806666666665478e+02   1.590864724120096071e+05   4.657715999979700428e+00  -5.265845889848858351e+05
 -6.198589318133333290e+04  -6.048279438352334546e+05  -7.651213333333330411e+02   1.566238607534943731e+05   4.734072000006563030e+00  -5.267298625044669025e+05
 -6.298566565200001060e+04  -6.061699906437903410e+05  -7.774619999999999891e+02   1.541429903780836321e+05   4.810427999993407866e+00  -5.268689304093281971e+05
 -6.398543812266665918e+04  -6.075049117725373944e+05  -7.898026666666664823e+02   1.516392860339866893e+05   4.886783999998442596e+00  -5.270024359456644161e+05
 -6.498521059333332232e+04  -6.088332061645160429e+05  -8.021433333333334303e+02   1.491087365734983468e+05   4.963139999981649453e+00  -5.271307559905766975e+05
 -6.598498306400000001e+04  -6.101562451160936616e+05  -8.144839999999999236e+02   1.465422167954765318e+05   5.039496000012150034e+00  -5.272553566611843416e+05
 -6.698475553466667770e+04  -6.114746571134533733e+05  -8.268246666666664169e+02   1.439338223961204058e+05   5.115851999995356891e+00  -5.273768003343156306e+05
 -6.798452800533334084e+04  -6.127898490849700756e+05  -8.391653333333333649e+02   1.412728612957521982e+05   5.192207999978563748e+00  -5.274964908837011317e+05
 -6.898430047599997488e+04  -6.141025030222622445e+05  -8.515059999999998581e+02   1.385516752073467942e+05   5.268563999998150393e+00  -5.276149218254757579e+05
 -6.998407294666665257e+04  -6.154146863639283692e+05  -8.638466666666668061e+02   1.357539143851858389e+05   5.344920000010461081e+00  -5.277340990790715441e+05
 -7.098384541733333026e+04  -6.167282481074637035e+05  -8.761873333333332994e+02   1.328626631332059915e+05   5.421275999993667938e+00  -5.278556580055839149e+05
 -7.198361788799999340e+04  -6.180465941428305814e+05  -8.885279999999997926e+02   1.298490734748555551e+05   5.497631999998702668e+00  -5.279830424659468699e+05
 -7.298339035866665654e+04  -6.193734585840536747e+05  -9.008686666666667406e+02   1.266784822753172630e+05   5.573987999981909525e+00  -5.281198004571902566e+05
 -7.398316282933333423e+04  -6.207135544919662643e+05  -9.132093333333332339e+02   1.233048065210244094e+05   5.650344000008772127e+00  -5.282702076563576702e+05
 -7.498293530000001192e+04  -6.220758591481683543e+05  -9.255500000000001819e+02   1.196456713800385187e+05   5.726699999991978984e+00  -5.284426635223395424e+05
 -7.598270777066666051e+04  -6.234768786558809225e+05  -9.378906666666666752e+02   1.155485506413305702e+05   5.803055999997013714e+00  -5.286531413838298758e+05
 -7.698248024133333820e+04  -6.249458819043909898e+05  -9.502313333333331684e+02   1.107300752730440436e+05   5.879412000002048444e+00  -5.289291225089163054e+05
 -7.798225271200001589e+04  -6.265790090151493205e+05  -9.625720000000001164e+02   1.042808006492513232e+05   5.955767999985255301e+00  -5.293616363303416874e+05
 -7.898202518266663537e+04  -6.219507760886676842e+05  -9.749126666666666097e+02  -1.445257806818419194e+05   6.032124000012117904e+00  -5.239064314871860552e+05
 -7.998179765333331306e+04  -6.230814257752790581e+05  -9.872533333333335577e+02  -1.424788633387725567e+05   6.108480000002600718e+00  -5.238719005395612912e+05
 -8.098157012400001986e+04  -6.242053932640268467e+05  -9.995940000000000509e+02  -1.404145919445723121e+05   6.184836000007635448e+00  -5.238322372882972122e+05
 -8.198134259466668300e+04  -6.253219262581398943e+05  -1.011934666666666544e+03  -1.383350729362273414e+05   6.261191999990842305e+00  -5.237870735688594868e+05
 -8.298111506533333159e+04  -6.264315120546732796e+05  -1.024275333333333492e+03  -1.362367102921290789e+05   6.337547999995877035e+00  -5.237367988375540590e+05
 -8.398088753599998017e+04  -6.275342804654972861e+05  -1.036615999999999985e+03  -1.341174057730365312e+05   6.413904000000911765e+00  -5.236815416467043106e+05
 -8.498066000666667242e+04  -6.286300299572020303e+05  -1.048956666666666933e+03  -1.319765735605679220e+05   6.490260000005946495e+00  -5.236212232259351294e+05
 -8.598043247733332100e+04  -6.297195808115216205e+05  -1.061297333333333427e+03  -1.298082382572404167e+05   6.566616000010981224e+00  -5.235564213417316205e+05
 -8.698020494799999869e+04  -6.308026447182073025e+05  -1.073637999999999920e+03  -1.276119277027275675e+05   6.642972000001464039e+00  -5.234869552364466945e+05
 -8.797997741866667639e+04  -6.318792629475226859e+05  -1.085978666666666868e+03  -1.253851380109528691e+05   6.719327999984670896e+00  -5.234128997251467081e+05
 -8.897974988933335408e+04  -6.329498438478386961e+05  -1.098319333333333361e+03  -1.231232309061557462e+05   6.795684000004257541e+00  -5.233345166733718943e+05
 -8.997952236000000266e+04  -6.340135520510824863e+05  -1.110660000000000309e+03  -1.208282338859095616e+05   6.872040000009292271e+00  -5.232512618450204609e+05
 -9.097929483066666580e+04  -6.350707978112322744e+05  -1.123000666666666802e+03  -1.184950528726913763e+05   6.948395999992499128e+00  -5.231634179235830670e+05
 -9.197906730133332894e+04  -6.361214336769515648e+05  -1.135341333333333296e+03  -1.161213713936445711e+05   7.024751999975705985e+00  -5.230709002812243998e+05
 -9.297883977200000663e+04  -6.371648691280416679e+05  -1.147681999999999789e+03  -1.137078058523379441e+05   7.101108000002568588e+00  -5.229732389505597530e+05
 -9.397861224266665522e+04  -6.382016646289189812e+05  -1.160022666666666737e+03  -1.112470971045910846e+05   7.177464000007603317e+00  -5.228708346157896449e+05
 -9.497838471333333291e+04  -6.392309333497313783e+05  -1.172363333333333230e+03  -1.087418746140971343e+05   7.253819999998086132e+00  -5.227628902460157988e+05
 -9.597815718399998150e+04  -6.402521262381362030e+05  -1.184703999999999724e+03  -1.061924650727759872e+05   7.330176000003120862e+00  -5.226489593668841990e+05
 -9.697792965466667374e+04  -6.412645333584431792e+05  -1.197044666666666672e+03  -1.036007764166354027e+05   7.406532000008155592e+00  -5.225283970196532900e+05
 -9.797770212533333688e+04  -6.422676803292536642e+05  -1.209385333333333165e+03  -1.009678454036452313e+05   7.482887999991362449e+00  -5.224006396388619905e+05
 -9.897747459599998547e+04  -6.432597304648753488e+05  -1.221725999999999658e+03  -9.830563771822313720e+04   7.559243999996397179e+00  -5.222642877643230022e+05
 -9.997724706666663405e+04  -6.442400170729609672e+05  -1.234066666666666606e+03  -9.561925070205159136e+04   7.635600000001431908e+00  -5.221185833332245238e+05
 -1.009770195373333408e+05  -6.452072931133011589e+05  -1.246407333333333099e+03  -9.291991366153358831e+04   7.711956000006466638e+00  -5.219624118772500078e+05
 -1.019767920080000185e+05  -6.461602613582712365e+05  -1.258747999999999593e+03  -9.022149034005885187e+04   7.788311999996949453e+00  -5.217945945090371533e+05
 -1.029765644786666671e+05  -6.470972857756630983e+05  -1.271088666666666541e+03  -8.754398611830465961e+04   7.864668000001984183e+00  -5.216137340462601860e+05
 -1.039763369493333157e+05  -6.480182225948707201e+05  -1.283429333333333034e+03  -8.489556397556034790e+04   7.941024000007018913e+00  -5.214194826608568546e+05
 -1.049761094199999934e+05  -6.489217644344925648e+05  -1.295769999999999982e+03  -8.229830826693154813e+04   8.017380000012053642e+00  -5.212107460724744597e+05
 -1.059758818906666711e+05  -6.498074081631896552e+05  -1.308110666666666475e+03  -7.976822342099172238e+04   8.093735999995260499e+00  -5.209870825367901125e+05
 -1.069756543613333197e+05  -6.506750033707225230e+05  -1.320451333333332968e+03  -7.731914206898405973e+04   8.170091999993019272e+00  -5.207483694077178370e+05
 -1.079754268319999974e+05  -6.515247441952440422e+05  -1.332791999999999916e+03  -7.496199879128033353e+04   8.246447999976226129e+00  -5.204947960464206408e+05
 -1.089751993026666751e+05  -6.523571158182313666e+05  -1.345132666666666410e+03  -7.270449965538681136e+04   8.322804000003088731e+00  -5.202268251491592964e+05
 -1.099749717733333237e+05  -6.531728270218160469e+05  -1.357473333333333358e+03  -7.055117483230809739e+04   8.399160000015399419e+00  -5.199451306320492877e+05
 -1.109747442440000013e+05  -6.539727414220398059e+05  -1.369813999999999851e+03  -6.850372051022890082e+04   8.475515999998606276e+00  -5.196505269863060676e+05
 -1.119745167146666645e+05  -6.547578095722699072e+05  -1.382154666666666344e+03  -6.656148413135469309e+04   8.551871999981813133e+00  -5.193439098140311544e+05
 -1.129742891853333276e+05  -6.555290130176298553e+05  -1.394495333333333292e+03  -6.472200862659487029e+04   8.628228000008675735e+00  -5.190262022508616792e+05
 -1.139740616559999762e+05  -6.562873186061434681e+05  -1.406835999999999785e+03  -6.298154850099527539e+04   8.704584000013710465e+00  -5.186983138760938891e+05
 -1.149738341266666539e+05  -6.570336453350404045e+05  -1.419176666666666733e+03  -6.133553790932492848e+04   8.780939999996917322e+00  -5.183611002009708900e+05
 -1.159736065973333316e+05  -6.577688461464737775e+05  -1.431517333333333227e+03  -5.977894168342574994e+04   8.857295999980124179e+00  -5.180153540030567674e+05
 -1.169733790679999947e+05  -6.584937051713465480e+05  -1.443857999999999720e+03  -5.830647594664247299e+04   8.933652000006986782e+00  -5.176618268214553827e+05
 -1.179731515386666724e+05  -6.592089331781412475e+05  -1.456198666666666668e+03  -5.691284140143929108e+04   9.010007999997469597e+00  -5.173012148792970111e+05
 -1.189729240093333210e+05  -6.599152071068016812e+05  -1.468539333333333161e+03  -5.559285237779421004e+04   9.086364000002504326e+00  -5.169341517108668340e+05
 -1.199726964799999841e+05  -6.606131389734946424e+05  -1.480880000000000109e+03  -5.434152329281120183e+04   9.162719999985711183e+00  -5.165611887558412272e+05
 -1.209724689506666618e+05  -6.613034891478758072e+05  -1.493220666666666602e+03  -5.315008470964213484e+04   9.239076000012573786e+00  -5.161828892012714059e+05
 -1.219722414213333395e+05  -6.619861970473309048e+05  -1.505561333333333096e+03  -5.202201971899680939e+04   9.315431999995780643e+00  -5.157994945727852755e+05
 -1.229720138920000027e+05  -6.626619316229554825e+05  -1.517902000000000044e+03  -5.094939606838710461e+04   9.391787999978987500e+00  -5.154115000346574816e+05
 -1.239717863626666367e+05  -6.633310681510628201e+05  -1.530242666666666537e+03  -4.992841059225061326e+04   9.468144000005850103e+00  -5.150192557553501101e+05
 -1.249715588333333435e+05  -6.639939485714784823e+05  -1.542583333333333485e+03  -4.895551228612165141e+04   9.544500000010884833e+00  -5.146230861049337545e+05
 -1.259713313040000066e+05  -6.646508741334569640e+05  -1.554923999999999978e+03  -4.802742304726089787e+04   9.620855999994091690e+00  -5.142232783607342863e+05
 -1.269711037746666552e+05  -6.653021128150032600e+05  -1.567264666666666471e+03  -4.714117351524822152e+04   9.697211999999126419e+00  -5.138200698681651265e+05
 -1.279708762453333184e+05  -6.659478908669562079e+05  -1.579605333333333419e+03  -4.629400389947138319e+04   9.773567999982333276e+00  -5.134136756187760620e+05
 -1.289706487159999961e+05  -6.665884076409373665e+05  -1.591945999999999913e+03  -4.548336483495129505e+04   9.849924000009195879e+00  -5.130042979065662948e+05
 -1.299704211866666737e+05  -6.672238606440505246e+05  -1.604286666666666861e+03  -4.470693742111058236e+04   9.926279999992402736e+00  -5.125921126272169058e+05
 -1.309701936573333223e+05  -6.678544366828372004e+05  -1.616627333333333354e+03  -4.396253325160234817e+04   1.000263599999743747e+01  -5.121773122263286496e+05
 -1.319699661280000000e+05  -6.684803006424779305e+05  -1.628967999999999847e+03  -4.324813616516224283e+04   1.007899199998064432e+01  -5.117600678650511545e+05
 -1.329697385986666777e+05  -6.691016063723729458e+05  -1.641308666666666795e+03  -4.256195889504740626e+04   1.015534800000023097e+01  -5.113404908009403152e+05
 -1.339695110693332972e+05  -6.697184975582738407e+05  -1.653649333333333743e+03  -4.190230941519700718e+04   1.023170400001981761e+01  -5.109186911026107846e+05
 -1.349692835399999749e+05  -6.703310523956996622e+05  -1.665990000000000236e+03  -4.126763962208775774e+04   1.030805999999574851e+01  -5.104947714819153189e+05
 -1.359690560106666526e+05  -6.709393583762733033e+05  -1.678330666666666730e+03  -4.065651964148043771e+04   1.038441599998623133e+01  -5.100688500127418665e+05
 -1.369688284813333594e+05  -6.715433649462481262e+05  -1.690671333333333223e+03  -4.007080806075131841e+04   1.046077199999126606e+01  -5.096409347559048329e+05
 -1.379686009520000080e+05  -6.721435476250599604e+05  -1.703011999999999716e+03  -3.950307746895711898e+04   1.053712799999630079e+01  -5.092112870419467217e+05
 -1.389683734226666566e+05  -6.727397875930515584e+05  -1.715352666666667119e+03  -3.895518409707044339e+04   1.061348400000133552e+01  -5.087798953748154454e+05
 -1.399681458933333051e+05  -6.733321619819650659e+05  -1.727693333333333612e+03  -3.842610251345772849e+04   1.068983999999181833e+01  -5.083468223077338771e+05
 -1.409679183639999828e+05  -6.739207433174566831e+05  -1.740034000000000106e+03  -3.791481992702985735e+04   1.076619600001140498e+01  -5.079121481148503372e+05
 -1.419676908346666605e+05  -6.745055977067393251e+05  -1.752374666666666599e+03  -3.742040742617657816e+04   1.084255199998733588e+01  -5.074759467572079157e+05
 -1.429674633053333382e+05  -6.750868013746833894e+05  -1.764715333333333092e+03  -3.694201680040897190e+04   1.091890799999237061e+01  -5.070382848692215048e+05
 -1.439672357759999868e+05  -6.756644258523726603e+05  -1.777056000000000040e+03  -3.647886338615562272e+04   1.099526399999740534e+01  -5.065992126558438176e+05
 -1.449670082466666354e+05  -6.762385206973231398e+05  -1.789396666666666533e+03  -3.603018860401223355e+04   1.107162000001699198e+01  -5.061587895663923118e+05
 -1.459667807173333131e+05  -6.768091320197947789e+05  -1.801737333333333481e+03  -3.559527752841122128e+04   1.114797599999292288e+01  -5.057170800253101042e+05
 -1.469665531879999908e+05  -6.773763031225883169e+05  -1.814077999999999975e+03  -3.517356459888328391e+04   1.122433199998340569e+01  -5.052740638668827596e+05
 -1.479663256586666394e+05  -6.779400822495025350e+05  -1.826418666666666468e+03  -3.476441861318681185e+04   1.130068799998844042e+01  -5.048297986063405406e+05
 -1.489660981293333462e+05  -6.785005027500385186e+05  -1.838759333333333416e+03  -3.436724193472264596e+04   1.137704400000802707e+01  -5.043843518316748668e+05
 -1.499658705999999947e+05  -6.790575859545683488e+05  -1.851099999999999909e+03  -3.398153840532400500e+04   1.145339999999850988e+01  -5.039377657205642899e+05
