  0.000000000000000000e+00   8.598682900726492517e+05   0.000000000000000000e+00   1.505070521731482404e+04   0.000000000000000000e+00   0.000000000000000000e+00
  1.499772000000000116e+05   6.803943200822763611e+05   2.617900000000000091e+03   9.382894098104686418e+04   0.000000000000000000e+00   4.834623172879732447e+05
  1.489773520000000135e+05   6.795712411382611608e+05   2.600447333333333518e+03   9.550265100225135393e+04   0.000000000000000000e+00   4.837449641011614585e+05
  1.479775040000000154e+05   6.787365377521771006e+05   2.582994666666666944e+03   9.720535765962018922e+04   0.000000000000000000e+00   4.840191694532205001e+05
  1.469776560000000172e+05   6.778902739937655861e+05   2.565541999999999916e+03   9.893365760922864138e+04   0.000000000000000000e+00   4.842850661562751629e+05
  1.459778080000000191e+05   6.770334265500573674e+05   2.548089333333333343e+03   1.006771929259641620e+05   0.000000000000000000e+00   4.845437566946864245e+05
  1.449779600000000210e+05   6.761656054743983550e+05   2.530636666666666770e+03   1.024380798281955067e+05   0.000000000000000000e+00   4.847947347755409428e+05
  1.439781120000000228e+05   6.752868833519332111e+05   2.513184000000000196e+03   1.042143879058004095e+05   0.000000000000000000e+00   4.850380404968635412e+05
  1.429782640000000247e+05   6.743973379016197287e+05   2.495731333333333623e+03   1.060042686535831745e+05   0.000000000000000000e+00   4.852737271592948819e+05
  1.419784159999999974e+05   6.734970617039453937e+05   2.478278666666666595e+03   1.078059442956396670e+05   0.000000000000000000e+00   4.855018525324576767e+05
  1.409785679999999993e+05   6.725861577978732530e+05   2.460826000000000022e+03   1.096177418206748989e+05   0.000000000000000000e+00   4.857224799418251496e+05
  1.399787200000000012e+05   6.716647368767306907e+05   2.443373333333333449e+03   1.114381156805010687e+05   0.000000000000000000e+00   4.859356754805524251e+05
  1.389788720000000030e+05   6.707329182998144533e+05   2.425920666666666875e+03   1.132656547149623220e+05   0.000000000000000000e+00   4.861415006999041652e+05
  1.379790240000000049e+05   6.697908253390683094e+05   2.408467999999999847e+03   1.150990825976010092e+05   0.000000000000000000e+00   4.863400164318010793e+05
  1.369791760000000068e+05   6.688385884435963817e+05   2.391015333333333274e+03   1.169372217423823022e+05   0.000000000000000000e+00   4.865312807384753833e+05
  1.359793280000000086e+05   6.678762900947182206e+05   2.373562666666666701e+03   1.187790272220496990e+05   0.000000000000000000e+00   4.867154037609249935e+05
  1.349794800000000105e+05   6.669047032740608556e+05   2.356110000000000127e+03   1.206193071688095952e+05   0.000000000000000000e+00   4.868932410369423451e+05
  1.339796320000000123e+05   6.659226178905672859e+05   2.338657333333333554e+03   1.224657375174994522e+05   0.000000000000000000e+00   4.870632773772471119e+05
  1.329797840000000142e+05   6.649306901549897157e+05   2.321204666666666526e+03   1.243137480846380058e+05   0.000000000000000000e+00   4.872263139810220455e+05
  1.319799360000000161e+05   6.639289604894130025e+05   2.303751999999999953e+03   1.261629499425505928e+05   0.000000000000000000e+00   4.873823637834939291e+05
  1.309800880000000179e+05   6.629174856704701670e+05   2.286299333333333379e+03   1.280130300762814877e+05   0.000000000000000000e+00   4.875314039721473237e+05
  1.299802400000000198e+05   6.618963376721482491e+05   2.268846666666666806e+03   1.298636600127497368e+05   0.000000000000000000e+00   4.876734117459763074e+05
  1.289803920000000071e+05   6.608649911771559855e+05   2.251394000000000233e+03   1.317176955583158997e+05   0.000000000000000000e+00   4.878077511574717937e+05
  1.279805440000000090e+05   6.598244327851388371e+05   2.233941333333333205e+03   1.335692448887261271e+05   0.000000000000000000e+00   4.879357006017323001e+05
  1.269806960000000108e+05   6.587741897458612220e+05   2.216488666666666631e+03   1.354211080163694860e+05   0.000000000000000000e+00   4.880566167038292624e+05
  1.259808480000000127e+05   6.577142295423785690e+05   2.199036000000000058e+03   1.372733929766260553e+05   0.000000000000000000e+00   4.881704603033345193e+05
  1.249810000000000000e+05   6.566445126863264013e+05   2.181583333333333485e+03   1.391262567410444026e+05   0.000000000000000000e+00   4.882771649033845752e+05
  1.239811520000000019e+05   6.555649946984830312e+05   2.164130666666666912e+03   1.409798714663591818e+05   0.000000000000000000e+00   4.883766478341229376e+05
  1.229813040000000037e+05   6.544756235966570675e+05   2.146677999999999884e+03   1.428344219709658937e+05   0.000000000000000000e+00   4.884688224843319040e+05
  1.219814560000000056e+05   6.533763368328331271e+05   2.129225333333333310e+03   1.446901252735480957e+05   0.000000000000000000e+00   4.885536081316517084e+05
  1.209816080000000075e+05   6.522670629419801990e+05   2.111772666666666737e+03   1.465472524610492110e+05   0.000000000000000000e+00   4.886309282464300632e+05
  1.199817600000000093e+05   6.511483998159192270e+05   2.094320000000000164e+03   1.484030454830271774e+05   0.000000000000000000e+00   4.887014545932093752e+05
  1.189819120000000112e+05   6.500189524781312793e+05   2.076867333333333590e+03   1.502638480460962455e+05   0.000000000000000000e+00   4.887636327543556108e+05
  1.179820640000000130e+05   6.488792197427288629e+05   2.059414666666666562e+03   1.521271276254586701e+05   0.000000000000000000e+00   4.888180200810872484e+05
  1.169822160000000149e+05   6.477290774596452247e+05   2.041961999999999989e+03   1.539932318031398754e+05   0.000000000000000000e+00   4.888644835581330699e+05
  1.159823680000000168e+05   6.465684037779233186e+05   2.024509333333333416e+03   1.558625138718369126e+05   0.000000000000000000e+00   4.889028825900657102e+05
  1.149825200000000186e+05   6.453970655698218616e+05   2.007056666666666843e+03   1.577353734298762574e+05   0.000000000000000000e+00   4.889330808810699382e+05
  1.139826720000000205e+05   6.442149321268886561e+05   1.989604000000000042e+03   1.596122205062896828e+05   0.000000000000000000e+00   4.889549301015320234e+05
  1.129828240000000078e+05   6.430213504648015369e+05   1.972151333333333241e+03   1.614958095866859367e+05   0.000000000000000000e+00   4.889676820256795036e+05
  1.119829760000000097e+05   6.418171049687719205e+05   1.954698666666666668e+03   1.633820531187794986e+05   0.000000000000000000e+00   4.889723855462133652e+05
  1.109831279999999970e+05   6.406015857022125274e+05   1.937246000000000095e+03   1.652735041015405732e+05   0.000000000000000000e+00   4.889682663019540487e+05
  1.099832800000000134e+05   6.393746261321465718e+05   1.919793333333333521e+03   1.671705581707527163e+05   0.000000000000000000e+00   4.889551481519358349e+05
  1.089834320000000007e+05   6.381360508651609998e+05   1.902340666666666721e+03   1.690736211776275304e+05   0.000000000000000000e+00   4.889328485162316356e+05
  1.079835840000000026e+05   6.368856767062806757e+05   1.884887999999999920e+03   1.709831042813753884e+05   0.000000000000000000e+00   4.889011810372365289e+05
  1.069837360000000044e+05   6.356233182952045463e+05   1.867435333333333347e+03   1.728994145778713864e+05   0.000000000000000000e+00   4.888599549044412561e+05
  1.059838880000000063e+05   6.343487869955913629e+05   1.849982666666666773e+03   1.748229566194730578e+05   0.000000000000000000e+00   4.888089773806818412e+05
  1.049840400000000081e+05   6.330618845053775003e+05   1.832530000000000200e+03   1.767541411212491512e+05   0.000000000000000000e+00   4.887480555676115328e+05
  1.039841920000000100e+05   6.317624084360548295e+05   1.815077333333333399e+03   1.786933701229366416e+05   0.000000000000000000e+00   4.886769864562335424e+05
  1.029843440000000119e+05   6.304501361152225873e+05   1.797624666666666599e+03   1.806410620399733307e+05   0.000000000000000000e+00   4.885955644208230660e+05
  1.019844960000000137e+05   6.291248472457081079e+05   1.780172000000000025e+03   1.825976145355631597e+05   0.000000000000000000e+00   4.885035729966485524e+05
  1.009846480000000156e+05   6.277867557873645565e+05   1.762719333333333452e+03   1.845614713042584481e+05   0.000000000000000000e+00   4.884014576456597424e+05
  9.998480000000000291e+04   6.264348286369721172e+05   1.745266666666666879e+03   1.865367548726443492e+05   0.000000000000000000e+00   4.882876142446282902e+05
  9.898495200000001932e+04   6.250692266983940499e+05   1.727814000000000078e+03   1.885220344224858563e+05   0.000000000000000000e+00   4.881625089990019915e+05
  9.798510400000000664e+04   6.236897140400103526e+05   1.710361333333333278e+03   1.905177071814362716e+05   0.000000000000000000e+00   4.880259097755487310e+05
  9.698525600000000850e+04   6.222960525425943779e+05   1.692908666666666704e+03   1.925241663987021893e+05   0.000000000000000000e+00   4.878775806093246792e+05
  9.598540799999999581e+04   6.208880041126961587e+05   1.675456000000000131e+03   1.945417979417767783e+05   0.000000000000000000e+00   4.877172811438621138e+05
  9.498555999999999767e+04   6.194653290202757344e+05   1.658003333333333558e+03   1.965709810407676268e+05   0.000000000000000000e+00   4.875447664605285972e+05
  9.398571199999999953e+04   6.180277838896716712e+05   1.640550666666666757e+03   1.986120886424780765e+05   0.000000000000000000e+00   4.873597879778757342e+05
  9.298586400000000140e+04   6.165751195513850544e+05   1.623097999999999956e+03   2.006654921875467116e+05   0.000000000000000000e+00   4.871620949426558800e+05
  9.198601600000000326e+04   6.151064645499753533e+05   1.605645333333333383e+03   2.027338199076236342e+05   0.000000000000000000e+00   4.869505768934434163e+05
  9.098616800000000512e+04   6.136228024165990064e+05   1.588192666666666810e+03   2.048127738761693763e+05   0.000000000000000000e+00   4.867266309884160291e+05
  8.998632000000000698e+04   6.121232801646310836e+05   1.570740000000000009e+03   2.069051163787995465e+05   0.000000000000000000e+00   4.864892278853865573e+05
  8.898647200000000885e+04   6.106076589346833061e+05   1.553287333333333436e+03   2.090111917256935267e+05   0.000000000000000000e+00   4.862380969251380884e+05
  8.798662400000001071e+04   6.090756958698614035e+05   1.535834666666666635e+03   2.111313293722729431e+05   0.000000000000000000e+00   4.859729826087855618e+05
  8.698677600000001257e+04   6.075271731791449711e+05   1.518382000000000062e+03   2.132657752970947477e+05   0.000000000000000000e+00   4.856936324505148805e+05
  8.598692800000001444e+04   6.059616261258511804e+05   1.500929333333333489e+03   2.154152098954743997e+05   0.000000000000000000e+00   4.853997847421913757e+05
  8.498708000000001630e+04   6.043788655671380693e+05   1.483476666666666688e+03   2.175799080114376266e+05   0.000000000000000000e+00   4.850911592657986330e+05
  8.398723200000000361e+04   6.027786819445898291e+05   1.466024000000000115e+03   2.197601472855478351e+05   0.000000000000000000e+00   4.847674990533496020e+05
  8.298738400000000547e+04   6.011608182205985067e+05   1.448571333333333314e+03   2.219563034136985661e+05   0.000000000000000000e+00   4.844285463004139019e+05
  8.198753600000000733e+04   5.995250223757070489e+05   1.431118666666666741e+03   2.241687487388840818e+05   0.000000000000000000e+00   4.840740441951012472e+05
  8.098768800000000920e+04   5.978710332790267421e+05   1.413665999999999940e+03   2.263978966756016598e+05   0.000000000000000000e+00   4.837037387195470510e+05
  7.998784000000001106e+04   5.961986064871499548e+05   1.396213333333333367e+03   2.286441221671738895e+05   0.000000000000000000e+00   4.833173759015446994e+05
  7.898799199999999837e+04   5.945074799653962255e+05   1.378760666666666793e+03   2.309078951969196496e+05   0.000000000000000000e+00   4.829147081143808900e+05
  7.798814400000001478e+04   5.927973784903358901e+05   1.361307999999999993e+03   2.331898989845591714e+05   0.000000000000000000e+00   4.824955094576204428e+05
  7.698829600000000210e+04   5.910681279994263314e+05   1.343855333333333419e+03   2.354902375106170657e+05   0.000000000000000000e+00   4.820595169041094487e+05
  7.598844800000000396e+04   5.893194800708246185e+05   1.326402666666666619e+03   2.378094824055867794e+05   0.000000000000000000e+00   4.816064979172397288e+05
  7.498860000000000582e+04   5.875509562964966753e+05   1.308950000000000045e+03   2.401481983602880500e+05   0.000000000000000000e+00   4.811362283729426563e+05
  7.398875200000000768e+04   5.857627611345172627e+05   1.291497333333333472e+03   2.425065785561697267e+05   0.000000000000000000e+00   4.806482866143905558e+05
  7.298890400000000955e+04   5.839544603102001129e+05   1.274044666666666672e+03   2.448853666942116979e+05   0.000000000000000000e+00   4.801426009453450097e+05
  7.198905599999999686e+04   5.821258363529349444e+05   1.256592000000000098e+03   2.472851120597989357e+05   0.000000000000000000e+00   4.796189525348743191e+05
  7.098920800000001327e+04   5.802766754478696967e+05   1.239139333333333298e+03   2.497064028662345372e+05   0.000000000000000000e+00   4.790771266490328708e+05
  6.998936000000001513e+04   5.784067634856697405e+05   1.221686666666666724e+03   2.521498748969936569e+05   0.000000000000000000e+00   4.785169111837869859e+05
  6.898951200000000244e+04   5.765158961676392937e+05   1.204234000000000151e+03   2.546162141132345714e+05   0.000000000000000000e+00   4.779381010016489308e+05
  6.798966400000000431e+04   5.746038655579604674e+05   1.186781333333333350e+03   2.571061707511007553e+05   0.000000000000000000e+00   4.773404913526930031e+05
  6.698981600000000617e+04   5.726704706104134675e+05   1.169328666666666777e+03   2.596205600410523184e+05   0.000000000000000000e+00   4.767238817551473621e+05
  6.598996800000000803e+04   5.707155109539703699e+05   1.151875999999999976e+03   2.621602717721217196e+05   0.000000000000000000e+00   4.760880712949095760e+05
  6.499011999999999534e+04   5.687387945297410479e+05   1.134423333333333403e+03   2.647262649254201096e+05   0.000000000000000000e+00   4.754328627385247382e+05
  6.399027199999999721e+04   5.667401246919230325e+05   1.116970666666666830e+03   2.673195769109276007e+05   0.000000000000000000e+00   4.747580528956301860e+05
  6.299042400000001362e+04   5.647193185240047751e+05   1.099518000000000029e+03   2.699413116738323006e+05   0.000000000000000000e+00   4.740634489127962152e+05
  6.199057600000000093e+04   5.626761935297269374e+05   1.082065333333333456e+03   2.725926643540936057e+05   0.000000000000000000e+00   4.733488602848808514e+05
  6.099072800000000279e+04   5.606105623467947589e+05   1.064612666666666655e+03   2.752749373624160071e+05   0.000000000000000000e+00   4.726140961705711670e+05
  5.999088000000000466e+04   5.585222429272512672e+05   1.047160000000000082e+03   2.779895644180735108e+05   0.000000000000000000e+00   4.718589708370997105e+05
  5.899103200000000652e+04   5.564110408204358537e+05   1.029707333333333509e+03   2.807381257683993317e+05   0.000000000000000000e+00   4.710832906763346982e+05
  5.799118400000000838e+04   5.542767563929026946e+05   1.012254666666666708e+03   2.835223699413131690e+05   0.000000000000000000e+00   4.702868571190566290e+05
  5.699133599999999569e+04   5.521191710509805707e+05   9.948019999999999072e+02   2.863442371102284524e+05   0.000000000000000000e+00   4.694694600606729509e+05
  5.599148800000001211e+04   5.499380622867241036e+05   9.773493333333333339e+02   2.892058832213929854e+05   0.000000000000000000e+00   4.686308791241355939e+05
  5.499163999999999942e+04   5.477331811100800987e+05   9.598966666666667606e+02   2.921097126657627523e+05   0.000000000000000000e+00   4.677708746930298512e+05
  5.399179200000000128e+04   5.455042363399583846e+05   9.424439999999999600e+02   2.950584396076180274e+05   0.000000000000000000e+00   4.668891822233261191e+05
  5.299194400000000314e+04   5.432509414764823159e+05   9.249913333333333867e+02   2.980550680254171602e+05   0.000000000000000000e+00   4.659855140819349908e+05
  5.199209600000000501e+04   5.409728999465063680e+05   9.075386666666665860e+02   3.011031582725527114e+05   0.000000000000000000e+00   4.650596710404604091e+05
  5.099224800000000687e+04   5.386699366612739395e+05   8.900860000000000127e+02   3.042060573849607026e+05   0.000000000000000000e+00   4.641110463898614398e+05
  4.999239999999999418e+04   5.363415036153380061e+05   8.726333333333334394e+02   3.073682147448354517e+05   0.000000000000000000e+00   4.631393404164931853e+05
  4.899255200000001059e+04   5.339871119714193046e+05   8.551806666666666388e+02   3.105944621119027142e+05   0.000000000000000000e+00   4.621440733224634896e+05
  4.799270400000001246e+04   5.316062006630488904e+05   8.377280000000000655e+02   3.138902891625844641e+05   0.000000000000000000e+00   4.611246909554380691e+05
  4.699285599999999977e+04   5.291981189360779244e+05   8.202753333333332648e+02   3.172619582253661938e+05   0.000000000000000000e+00   4.600805467667985940e+05
  4.599300800000000163e+04   5.267621061352739343e+05   8.028226666666664642e+02   3.207166487890522112e+05   0.000000000000000000e+00   4.590108821855930728e+05
  4.499316000000000349e+04   5.242972605589238228e+05   7.853700000000001182e+02   3.242626551352594979e+05   0.000000000000000000e+00   4.579147993861954892e+05
  4.399331200000000536e+04   5.218025062246316229e+05   7.679173333333333176e+02   3.279096373428483494e+05   0.000000000000000000e+00   4.567912294610330719e+05
  4.299346400000000722e+04   5.192763924082304002e+05   7.504646666666667443e+02   3.316693859770729323e+05   0.000000000000000000e+00   4.556383972911838791e+05
  4.199361599999999453e+04   5.167176834305083612e+05   7.330119999999999436e+02   3.355541791517011006e+05   0.000000000000000000e+00   4.544557236209974508e+05
  4.099376800000001094e+04   5.141241830596326618e+05   7.155593333333331429e+02   3.395813490362350130e+05   0.000000000000000000e+00   4.532408267283692840e+05
  3.999391999999999825e+04   5.114934157783051487e+05   6.981066666666667970e+02   3.437711948930451181e+05   0.000000000000000000e+00   4.519912690055682324e+05
  3.899407200000000012e+04   5.088222304578502080e+05   6.806539999999999964e+02   3.481490179159742547e+05   0.000000000000000000e+00   4.507039429620829760e+05
  3.799422400000000198e+04   5.061065652421936975e+05   6.632013333333334231e+02   3.527468544919576962e+05   0.000000000000000000e+00   4.493748062059360673e+05
  3.699437600000000384e+04   5.033420824100145837e+05   6.457486666666666224e+02   3.576069132134214160e+05   0.000000000000000000e+00   4.479995666224790621e+05
  3.599452800000000570e+04   5.005196476215824368e+05   6.282959999999998217e+02   3.627822292539979680e+05   0.000000000000000000e+00   4.465688580410724971e+05
  3.499468000000000757e+04   4.976295968615726451e+05   6.108433333333334758e+02   3.683508145477439975e+05   0.000000000000000000e+00   4.450733359571039909e+05
  3.399483199999999488e+04   4.946559290518471389e+05   5.933906666666666752e+02   3.744285916062440956e+05   0.000000000000000000e+00   4.434973914572789799e+05
  3.299498399999999674e+04   4.915725281802058453e+05   5.759380000000001019e+02   3.812000635987395071e+05   0.000000000000000000e+00   4.418156072290746379e+05
  3.199513599999999860e+04   4.883319265502804192e+05   5.584853333333335286e+02   3.889912223398627248e+05   0.000000000000000000e+00   4.399798915196695016e+05
  3.099528800000000047e+04   4.848372229688607040e+05   5.410326666666665005e+02   3.984854920122653712e+05   0.000000000000000000e+00   4.378949996854051715e+05
  2.999544000000001688e+04   4.807604548584276927e+05   5.235799999999999272e+02   4.118341841712791938e+05   0.000000000000000000e+00   4.352355467512406176e+05
  2.899559199999998964e+04   3.520264133946238435e+05   5.061273333333333539e+02   6.718156717127276352e+05   0.000000000000000000e+00   3.088510919594742591e+05
  2.799574399999999150e+04   3.446228599284973461e+05   4.886746666666667807e+02   6.775311885878362227e+05   0.000000000000000000e+00   3.028806919470221619e+05
  2.699589600000000792e+04   3.373159050102282199e+05   4.712220000000002074e+02   6.829949372342554852e+05   0.000000000000000000e+00   2.970079841116622556e+05
  2.599604800000000978e+04   3.300851121600776678e+05   4.537693333333331793e+02   6.882381413514121668e+05   0.000000000000000000e+00   2.912122745245620608e+05
  2.499620000000001164e+04   3.229132689288694528e+05   4.363166666666666060e+02   6.932857732607652433e+05   0.000000000000000000e+00   2.854764232305129990e+05
  2.399635199999999895e+04   3.157890606991702807e+05   4.188640000000000327e+02   6.981556611330904998e+05   0.000000000000000000e+00   2.797894823940490605e+05
  2.299650400000000081e+04   3.086943441256422666e+05   4.014113333333334594e+02   7.028692278828762937e+05   0.000000000000000000e+00   2.741318521146012936e+05
  2.199665600000000268e+04   3.016254243861176074e+05   3.839586666666668862e+02   7.074345246497357730e+05   0.000000000000000000e+00   2.685024972167485394e+05
  2.099680800000000454e+04   2.945725926650117035e+05   3.665059999999998581e+02   7.118638477128533414e+05   0.000000000000000000e+00   2.628906321443497436e+05
  1.999696000000000640e+04   2.875295579159838962e+05   3.490533333333332848e+02   7.161653513904173160e+05   0.000000000000000000e+00   2.572913683568690612e+05
  1.899711199999999371e+04   2.804889649319516611e+05   3.316006666666667115e+02   7.203483951295627048e+05   0.000000000000000000e+00   2.516947012428768503e+05
  1.799726399999999558e+04   2.734451470867607859e+05   3.141480000000001382e+02   7.244192436453363625e+05   0.000000000000000000e+00   2.460964445942355669e+05
  1.699741599999999744e+04   2.663929825993089471e+05   2.966953333333335650e+02   7.283836504388505127e+05   0.000000000000000000e+00   2.404915405135551118e+05
  1.599756799999999930e+04   2.593276084796292707e+05   2.792426666666665369e+02   7.322467194290106418e+05   0.000000000000000000e+00   2.348751673684046546e+05
  1.499772000000000116e+04   2.522422621080116078e+05   2.617899999999999636e+02   7.360144227009346941e+05   0.000000000000000000e+00   2.292405945008957933e+05
  1.399787200000000303e+04   2.451361783718054940e+05   2.443373333333333903e+02   7.396880682172116358e+05   0.000000000000000000e+00   2.235875990862621984e+05
  1.299802400000000489e+04   2.380038990375010180e+05   2.268846666666668170e+02   7.432720867518907180e+05   0.000000000000000000e+00   2.179106045011688548e+05
  1.199817600000000675e+04   2.308388879421588499e+05   2.094319999999997890e+02   7.467713121139263967e+05   0.000000000000000000e+00   2.122027763526475173e+05
  1.099832800000000861e+04   2.236369201883844216e+05   1.919793333333332157e+02   7.501884698053551838e+05   0.000000000000000000e+00   2.064602142882622720e+05
  9.998480000000010477e+03   2.163925288728384476e+05   1.745266666666666424e+02   7.535268337353856768e+05   0.000000000000000000e+00   2.006775373711410211e+05
  8.998631999999983236e+03   2.090996294624501606e+05   1.570740000000000691e+02   7.567896958778155968e+05   0.000000000000000000e+00   1.948487408333036874e+05
  7.998783999999985099e+03   2.017511853236776078e+05   1.396213333333334958e+02   7.599805159464774188e+05   0.000000000000000000e+00   1.889669166522128507e+05
  6.998936000000016065e+03   1.943389070092025795e+05   1.221686666666664678e+02   7.631030125392322661e+05   0.000000000000000000e+00   1.830239803428150772e+05
  5.999088000000017928e+03   1.868521936102169857e+05   1.047159999999998945e+02   7.661617979694310343e+05   0.000000000000000000e+00   1.770092219370653620e+05
  4.999240000000019791e+03   1.792804672366911545e+05   8.726333333333332121e+01   7.691604961644448340e+05   0.000000000000000000e+00   1.709127012583969627e+05
  3.999391999999992549e+03   1.716071124545938219e+05   6.981066666666674791e+01   7.721055012219755445e+05   0.000000000000000000e+00   1.647179227938302793e+05
  2.999543999999994412e+03   1.638115196710751916e+05   5.235800000000017462e+01   7.750041060136243468e+05   0.000000000000000000e+00   1.584045532265462098e+05
  1.999695999999996275e+03   1.558660988104361459e+05   3.490533333333314658e+01   7.778655148020250490e+05   0.000000000000000000e+00   1.519456963443279965e+05
  9.998479999999981374e+02   1.477280008770095301e+05   1.745266666666657329e+01   7.807046022222120082e+05   0.000000000000000000e+00   1.452985626117319625e+05
  0.000000000000000000e+00   1.393348349226553109e+05   0.000000000000000000e+00   7.835416927386247553e+05   0.000000000000000000e+00   1.384015159161664487e+05
 -9.998479999999981374e+02   1.305857974437257071e+05  -1.745266666666657329e+01   7.864083914612194058e+05   0.000000000000000000e+00   1.311558970403146523e+05
 -1.999695999999996275e+03   1.212759010433788062e+05  -3.490533333333314658e+01   7.893712195533136837e+05   0.000000000000000000e+00   1.233582532704857440e+05
 -2.999543999999994412e+03   1.109422499128045165e+05  -5.235800000000017462e+01   7.925739489869188983e+05   0.000000000000000000e+00   1.145519842808717804e+05
 -3.999391999999992549e+03   9.763922819275417714e+04  -6.981066666666674791e+01   7.966164328409925802e+05   0.000000000000000000e+00   1.028119209956289415e+05
 -4.999239999999990687e+03  -1.798081480054626300e+05  -8.726333333333332121e+01   7.687382625775795896e+05   0.000000000000000000e+00  -1.714337309933264623e+05
 -5.999088000000017928e+03  -1.874973553449194878e+05  -1.047159999999998945e+02   7.656419183489412535e+05   0.000000000000000000e+00  -1.776454274791099597e+05
 -6.998936000000016065e+03  -1.951064970207164879e+05  -1.221686666666664678e+02   7.624800771462881239e+05   0.000000000000000000e+00  -1.837803493949847179e+05
 -7.998783999999985099e+03  -2.026478395229550661e+05  -1.396213333333334958e+02   7.592478406288768165e+05   0.000000000000000000e+00  -1.898501297586055298e+05
 -8.998631999999983236e+03  -2.101316318453550921e+05  -1.570740000000000691e+02   7.559405920674765948e+05   0.000000000000000000e+00  -1.958648492902986181e+05
 -9.998479999999981374e+03  -2.175663366219586169e+05  -1.745266666666666424e+02   7.525541647148494376e+05   0.000000000000000000e+00  -2.018328800890822313e+05
 -1.099832800000000861e+04  -2.249592579824879649e+05  -1.919793333333332157e+02   7.490845998505651951e+05   0.000000000000000000e+00  -2.077613925068540266e+05
 -1.199817600000000675e+04  -2.323169161559480999e+05  -2.094319999999997890e+02   7.455279733482586453e+05   0.000000000000000000e+00  -2.136567574762994191e+05
 -1.299802400000000489e+04  -2.396452280128695129e+05  -2.268846666666668170e+02   7.418803196829756489e+05   0.000000000000000000e+00  -2.195247744168417121e+05
 -1.399787200000000303e+04  -2.469505114266293240e+05  -2.443373333333333903e+02   7.381369042709756177e+05   0.000000000000000000e+00  -2.253719281366466312e+05
 -1.499772000000000116e+04  -2.542363064128247206e+05  -2.617899999999999636e+02   7.342946871752245352e+05   0.000000000000000000e+00  -2.312012603279461619e+05
 -1.599756799999999930e+04  -2.615072793930406333e+05  -2.792426666666665369e+02   7.303494958403405035e+05   0.000000000000000000e+00  -2.370169760008887097e+05
 -1.699741599999999744e+04  -2.687722545540623250e+05  -2.966953333333331102e+02   7.262934050473206444e+05   0.000000000000000000e+00  -2.428286427526391926e+05
 -1.799726399999999558e+04  -2.760349105860982090e+05  -3.141480000000001382e+02   7.221219304059703136e+05   0.000000000000000000e+00  -2.486396139972040255e+05
 -1.899711199999999371e+04  -2.833012774177489919e+05  -3.316006666666667115e+02   7.178283610746334307e+05   0.000000000000000000e+00  -2.544558215730108495e+05
 -1.999696000000002095e+04  -2.905781619428817648e+05  -3.490533333333332848e+02   7.134043909022269072e+05   0.000000000000000000e+00  -2.602853947273629019e+05
 -2.099680800000001909e+04  -2.978713502314250800e+05  -3.665059999999998581e+02   7.088429471896977630e+05   0.000000000000000000e+00  -2.661312914150799043e+05
 -2.199665600000001723e+04  -3.051902290868369164e+05  -3.839586666666664314e+02   7.041322588206711225e+05   0.000000000000000000e+00  -2.720041110736510018e+05
 -2.299650399999998626e+04  -3.125428623546998133e+05  -4.014113333333334594e+02   6.992610798203380546e+05   0.000000000000000000e+00  -2.779106617813335615e+05
 -2.399635199999998440e+04  -3.199453904316574917e+05  -4.188640000000000327e+02   6.942097645219413098e+05   0.000000000000000000e+00  -2.838702668247862021e+05
 -2.499620000000001164e+04  -3.274091502921355423e+05  -4.363166666666666060e+02   6.889619723880738020e+05   0.000000000000000000e+00  -2.898901957429238828e+05
 -2.599604800000000978e+04  -3.349493892044981476e+05  -4.537693333333331793e+02   6.834947531288240571e+05   0.000000000000000000e+00  -2.959881338104830356e+05
 -2.699589600000000792e+04  -3.425891616002130904e+05  -4.712219999999997526e+02   6.777766475242229644e+05   0.000000000000000000e+00  -3.021860256981067942e+05
 -2.799574400000000605e+04  -3.503577993431894574e+05  -4.886746666666667807e+02   6.717668471798963146e+05   0.000000000000000000e+00  -3.085123254387727357e+05
 -2.899559200000000419e+04  -3.582924201431815163e+05  -5.061273333333333539e+02   6.654105483047725866e+05   0.000000000000000000e+00  -3.150052034754533670e+05
 -2.999544000000000233e+04  -3.664433657704020152e+05  -5.235799999999999272e+02   6.586334203775202623e+05   0.000000000000000000e+00  -3.217142727053792914e+05
 -3.099528800000000047e+04  -3.748915926142190583e+05  -5.410326666666669553e+02   6.513196511878914898e+05   0.000000000000000000e+00  -3.287184295174161089e+05
 -3.199513599999999860e+04  -3.837568300884510390e+05  -5.584853333333330738e+02   6.432912882878014352e+05   0.000000000000000000e+00  -3.361371960779603687e+05
 -3.299498399999999674e+04  -3.932538012113410514e+05  -5.759380000000001019e+02   6.342297435224562651e+05   0.000000000000000000e+00  -3.441845006611357676e+05
 -3.399483199999999488e+04  -4.038239692552902852e+05  -5.933906666666666752e+02   6.234765306606151862e+05   0.000000000000000000e+00  -3.532963316486717667e+05
 -3.499468000000002212e+04  -4.167915201966983732e+05  -6.108433333333332484e+02   6.090453069384429837e+05   0.000000000000000000e+00  -3.647872154963730718e+05
 -3.599452800000002026e+04  -5.064933461661322508e+05  -6.282960000000002765e+02   3.101005872138501727e+05   0.000000000000000000e+00  -4.523670265214327956e+05
 -3.699437599999998929e+04  -5.091960841737404116e+05  -6.457486666666663950e+02   3.057644577154754079e+05   0.000000000000000000e+00  -4.536748698748457828e+05
 -3.799422399999998743e+04  -5.118683227996829082e+05  -6.632013333333334231e+02   3.015705544885112322e+05   0.000000000000000000e+00  -4.549539045139797381e+05
 -3.899407199999998556e+04  -5.145112699589960393e+05  -6.806539999999999964e+02   2.975032863449840806e+05   0.000000000000000000e+00  -4.562060274564742576e+05
 -3.999392000000001281e+04  -5.171259658753547119e+05  -6.981066666666665697e+02   2.935514040052726632e+05   0.000000000000000000e+00  -4.574320218736512470e+05
 -4.099376800000001094e+04  -5.197135124600704876e+05  -7.155593333333335977e+02   2.897032001949774567e+05   0.000000000000000000e+00  -4.586335914719746797e+05
 -4.199361600000000908e+04  -5.222746624118034961e+05  -7.330120000000001710e+02   2.859500329564306885e+05   0.000000000000000000e+00  -4.598111399817813071e+05
 -4.299346400000000722e+04  -5.248100989218550967e+05  -7.504646666666667443e+02   2.822839921938938787e+05   0.000000000000000000e+00  -4.609653213311623549e+05
 -4.399331200000000536e+04  -5.273203829605001956e+05  -7.679173333333333176e+02   2.786981716916889418e+05   0.000000000000000000e+00  -4.620966734945891658e+05
 -4.499316000000000349e+04  -5.298059989706870401e+05  -7.853699999999998909e+02   2.751864682660708204e+05   0.000000000000000000e+00  -4.632056527469435241e+05
 -4.599300800000000163e+04  -5.322673447980668861e+05  -8.028226666666669189e+02   2.717434870969727635e+05   0.000000000000000000e+00  -4.642926370668475283e+05
 -4.699285599999999977e+04  -5.347047605385808274e+05  -8.202753333333334922e+02   2.683644184805760160e+05   0.000000000000000000e+00  -4.653579473798304098e+05
 -4.799270399999999790e+04  -5.371185346750386525e+05  -8.377280000000000655e+02   2.650449602833545068e+05   0.000000000000000000e+00  -4.664018572492618696e+05
 -4.899255199999999604e+04  -5.395089074238128960e+05  -8.551806666666666388e+02   2.617812397849084809e+05   0.000000000000000000e+00  -4.674245971114441054e+05
 -4.999240000000002328e+04  -5.418760845543768955e+05  -8.726333333333332121e+02   2.585697550566328573e+05   0.000000000000000000e+00  -4.684263660051396000e+05
 -5.099224800000002142e+04  -5.442202431280014571e+05  -8.900860000000002401e+02   2.554073226804254227e+05   0.000000000000000000e+00  -4.694073385129662347e+05
 -5.199209599999999045e+04  -5.465413568329102127e+05  -9.075386666666668134e+02   2.522911512324742507e+05   0.000000000000000000e+00  -4.703676798327791039e+05
 -5.299194399999998859e+04  -5.488398746737715555e+05  -9.249913333333338414e+02   2.492182090708650649e+05   0.000000000000000000e+00  -4.713074555708268308e+05
 -5.399179199999998673e+04  -5.511158031092063757e+05  -9.424439999999999600e+02   2.461862795276439865e+05   0.000000000000000000e+00  -4.722268276596420910e+05
 -5.499164000000001397e+04  -5.533692280813333346e+05  -9.598966666666665333e+02   2.431931505129847501e+05   0.000000000000000000e+00  -4.731258968152765883e+05
 -5.599148800000001211e+04  -5.556002463953042170e+05  -9.773493333333335613e+02   2.402367565547192935e+05   0.000000000000000000e+00  -4.740047613503395696e+05
 -5.699133600000001024e+04  -5.578089527159788413e+05  -9.948020000000001346e+02   2.373151847827532911e+05   0.000000000000000000e+00  -4.748635153792416677e+05
 -5.799118400000000838e+04  -5.599954361201721476e+05  -1.012254666666667163e+03   2.344266573409605771e+05   0.000000000000000000e+00  -4.757022489685370820e+05
 -5.899103200000000652e+04  -5.621597880938376766e+05  -1.029707333333333281e+03   2.315695212820575398e+05   0.000000000000000000e+00  -4.765210525203537545e+05
 -5.999088000000000466e+04  -5.643021037334367866e+05  -1.047159999999999854e+03   2.287422368287869904e+05   0.000000000000000000e+00  -4.773200196199796046e+05
 -6.099072800000000279e+04  -5.664224801384197781e+05  -1.064612666666666883e+03   2.259433549017290643e+05   0.000000000000000000e+00  -4.780992453495946247e+05
 -6.199057600000000093e+04  -5.685210214667355176e+05  -1.082065333333333456e+03   2.231715102319597790e+05   0.000000000000000000e+00  -4.788588275193129666e+05
 -6.299042399999999907e+04  -5.705978272452397505e+05  -1.099518000000000484e+03   2.204254233385316620e+05   0.000000000000000000e+00  -4.795988509096229100e+05
 -6.399027199999999721e+04  -5.726530108991115121e+05  -1.116970666666666602e+03   2.177039269791962288e+05   0.000000000000000000e+00  -4.803194144467703300e+05
 -6.499012000000002445e+04  -5.746866762168139685e+05  -1.134423333333333176e+03   2.150059548379293410e+05   0.000000000000000000e+00  -4.810206118405052694e+05
 -6.598996800000002258e+04  -5.766989533437815262e+05  -1.151876000000000204e+03   2.123304919088517490e+05   0.000000000000000000e+00  -4.817025713922693976e+05
 -6.698981599999999162e+04  -5.786896354218336055e+05  -1.169328666666666777e+03   2.096772243667469302e+05   0.000000000000000000e+00  -4.823650024848338217e+05
 -6.798966399999998976e+04  -5.806595143312911969e+05  -1.186781333333333805e+03   2.070440874081646907e+05   0.000000000000000000e+00  -4.830089369066467043e+05
 -6.898951199999998789e+04  -5.826084444261221215e+05  -1.204233999999999924e+03   2.044306266662361741e+05   0.000000000000000000e+00  -4.836340873432683875e+05
 -6.998936000000001513e+04  -5.845365878639970906e+05  -1.221686666666666497e+03   2.018359654009754595e+05   0.000000000000000000e+00  -4.842406203527682810e+05
 -7.098920800000001327e+04  -5.864441290631343145e+05  -1.239139333333333525e+03   1.992592830303133233e+05   0.000000000000000000e+00  -4.848287095397583325e+05
 -7.198905600000001141e+04  -5.883312568205973366e+05  -1.256592000000000098e+03   1.966997776383383898e+05   0.000000000000000000e+00  -4.853985400391498697e+05
 -7.298890400000000955e+04  -5.901981747037037276e+05  -1.274044666666667126e+03   1.941566989140063524e+05   0.000000000000000000e+00  -4.859503000853689155e+05
 -7.398875200000000768e+04  -5.920455206880483311e+05  -1.291497333333333245e+03   1.916294008099152707e+05   0.000000000000000000e+00  -4.864839765829982935e+05
 -7.498859999999997672e+04  -5.938726449172918219e+05  -1.308949999999999818e+03   1.891164280368133332e+05   0.000000000000000000e+00  -4.870002470486286911e+05
 -7.598844800000000396e+04  -5.956802746063143713e+05  -1.326402666666666846e+03   1.866172452699907008e+05   0.000000000000000000e+00  -4.874991682699577650e+05
 -7.698829600000003120e+04  -5.974686707353570964e+05  -1.343855333333333419e+03   1.841310327464622969e+05   0.000000000000000000e+00  -4.879809939656216884e+05
 -7.798814400000000023e+04  -5.992381152027861681e+05  -1.361308000000000447e+03   1.816569569573825866e+05   0.000000000000000000e+00  -4.884459886869790498e+05
 -7.898799200000002747e+04  -6.009887885557913687e+05  -1.378760666666666566e+03   1.791942895491619129e+05   0.000000000000000000e+00  -4.888944616653159028e+05
 -7.998783999999999651e+04  -6.027211448537172982e+05  -1.396213333333333139e+03   1.767420455902976391e+05   0.000000000000000000e+00  -4.893266825264922227e+05
 -8.098768799999999464e+04  -6.044354817962603411e+05  -1.413666000000000167e+03   1.742993996742849704e+05   0.000000000000000000e+00  -4.897429610649552196e+05
 -8.198753600000002189e+04  -6.061330453460034914e+05  -1.431118666666666741e+03   1.718621964971638517e+05   0.000000000000000000e+00  -4.901448354276356404e+05
 -8.298738399999999092e+04  -6.078122384251913754e+05  -1.448571333333333769e+03   1.694357650166661479e+05   0.000000000000000000e+00  -4.905301384603723418e+05
 -8.398723200000001816e+04  -6.094743576300797286e+05  -1.466023999999999887e+03   1.670159659750167630e+05   0.000000000000000000e+00  -4.909004500261314679e+05
 -8.498707999999998719e+04  -6.111197624493595213e+05  -1.483476666666666915e+03   1.646017244005326938e+05   0.000000000000000000e+00  -4.912561271215078887e+05
 -8.598692800000001444e+04  -6.127488221610968467e+05  -1.500929333333333034e+03   1.621918780367590662e+05   0.000000000000000000e+00  -4.915975363425872638e+05
 -8.698677600000004168e+04  -6.143619202429001452e+05  -1.518382000000000062e+03   1.597851620420656982e+05   0.000000000000000000e+00  -4.919250513972234912e+05
 -8.798662400000001071e+04  -6.159594644185528159e+05  -1.535834666666667090e+03   1.573801894223386771e+05   0.000000000000000000e+00  -4.922390547999163391e+05
 -8.898647200000000885e+04  -6.175418703515592497e+05  -1.553287333333333208e+03   1.549754675317033543e+05   0.000000000000000000e+00  -4.925399458213854814e+05
 -8.998631999999997788e+04  -6.191095943732780870e+05  -1.570740000000000236e+03   1.525693260053903796e+05   0.000000000000000000e+00  -4.928281357572813286e+05
 -9.098616800000000512e+04  -6.206630996156282490e+05  -1.588192666666666355e+03   1.501599560659211711e+05   0.000000000000000000e+00  -4.931040512451383402e+05
 -9.198601600000003236e+04  -6.222022980287745595e+05  -1.605645333333333383e+03   1.477478064882506151e+05   0.000000000000000000e+00  -4.933672498919325881e+05
 -9.298586400000000140e+04  -6.237288627236008178e+05  -1.623098000000000411e+03   1.453259155227923766e+05   0.000000000000000000e+00  -4.936200392309078015e+05
 -9.398571200000002864e+04  -6.252427090138882631e+05  -1.640550666666666530e+03   1.428943293017643737e+05   0.000000000000000000e+00  -4.938620727080716752e+05
 -9.498555999999999767e+04  -6.267444645949563710e+05  -1.658003333333333558e+03   1.404501519191552361e+05   0.000000000000000000e+00  -4.940938441395359114e+05
 -9.598540799999999581e+04  -6.282347576340881642e+05  -1.675455999999999676e+03   1.379902629460812896e+05   0.000000000000000000e+00  -4.943158739672319498e+05
 -9.698525600000002305e+04  -6.297142478270677384e+05  -1.692908666666666704e+03   1.355111383891465666e+05   0.000000000000000000e+00  -4.945287912977166707e+05
 -9.798510399999999208e+04  -6.311836672806211282e+05  -1.710361333333333732e+03   1.330086912165383983e+05   0.000000000000000000e+00  -4.947333197150987107e+05
 -9.898495200000001932e+04  -6.326444039035040187e+05  -1.727813999999999851e+03   1.304755271375146112e+05   0.000000000000000000e+00  -4.949310189950165222e+05
 -9.998479999999998836e+04  -6.340962441756698536e+05  -1.745266666666666879e+03   1.279111878295379283e+05   0.000000000000000000e+00  -4.951211408018773654e+05
 -1.009846480000000156e+05  -6.355409381116529694e+05  -1.762719333333332997e+03   1.253058389420247258e+05   0.000000000000000000e+00  -4.953054082327498472e+05
 -1.019844960000000137e+05  -6.369797251124617178e+05  -1.780172000000000025e+03   1.226511458484826289e+05   0.000000000000000000e+00  -4.954850799355733907e+05
 -1.029843440000000119e+05  -6.384135915565707255e+05  -1.797624666666667054e+03   1.199394286214968160e+05   0.000000000000000000e+00  -4.956608186988761299e+05
 -1.039841920000000100e+05  -6.398458784572605509e+05  -1.815077333333333172e+03   1.171502392779089278e+05   0.000000000000000000e+00  -4.958358126008390682e+05
 -1.049840399999999790e+05  -6.412780791261605918e+05  -1.832530000000000200e+03   1.142702806572083500e+05   0.000000000000000000e+00  -4.960114287133907201e+05
 -1.059838880000000063e+05  -6.427141115286399145e+05  -1.849982666666666319e+03   1.112719931304830679e+05   0.000000000000000000e+00  -4.961913031988957664e+05
 -1.069837360000000335e+05  -6.441567495524362894e+05  -1.867435333333333347e+03   1.081309382374718843e+05   0.000000000000000000e+00  -4.963772991361265304e+05
 -1.079835840000000026e+05  -6.456124723551513162e+05  -1.884888000000000375e+03   1.047979021832578437e+05   0.000000000000000000e+00  -4.965753464815042098e+05
 -1.089834320000000298e+05  -6.470937025917299325e+05  -1.902340666666666493e+03   1.011825896846823889e+05   0.000000000000000000e+00  -4.967964634463844122e+05
 -1.099832799999999988e+05  -6.486175683663139353e+05  -1.919793333333333521e+03   9.714833610869203403e+04   0.000000000000000000e+00  -4.970560854028052418e+05
 -1.109831279999999970e+05  -6.502186548452621792e+05  -1.937245999999999640e+03   9.241976085208439326e+04   0.000000000000000000e+00  -4.973839352662323508e+05
 -1.119829760000000242e+05  -6.520259027471910231e+05  -1.954698666666666668e+03   8.600057170762727037e+04   0.000000000000000000e+00  -4.978943041112066130e+05
 -1.129828240000000224e+05  -6.430217546567848185e+05  -1.972151333333333696e+03  -1.614942567215529853e+05   0.000000000000000000e+00  -4.889680290808842983e+05
 -1.139826720000000205e+05  -6.442141667113821022e+05  -1.989603999999999814e+03  -1.596151647435472987e+05   0.000000000000000000e+00  -4.889543270551689784e+05
 -1.149825199999999604e+05  -6.453963533504029037e+05  -2.007056666666666843e+03  -1.577381337351667171e+05   0.000000000000000000e+00  -4.889325024456985993e+05
 -1.159823680000000168e+05  -6.465677465997345280e+05  -2.024509333333332961e+03  -1.558650846899986500e+05   0.000000000000000000e+00  -4.889023331393456319e+05
 -1.169822160000000149e+05  -6.477284814767843345e+05  -2.041961999999999989e+03  -1.539956089243264869e+05   0.000000000000000000e+00  -4.888639686086709262e+05
 -1.179820640000000130e+05  -6.488786848916807212e+05  -2.059414666666667017e+03  -1.521293208866199711e+05   0.000000000000000000e+00  -4.888175513452400919e+05
 -1.189819120000000112e+05  -6.500184772143007722e+05  -2.076867333333333136e+03  -1.502658547401157848e+05   0.000000000000000000e+00  -4.887632218365770532e+05
 -1.199817600000000093e+05  -6.511479763947644969e+05  -2.094320000000000164e+03  -1.484048625374850526e+05   0.000000000000000000e+00  -4.887011068393931491e+05
 -1.209816080000000075e+05  -6.522679815861812094e+05  -2.111772666666666282e+03  -1.465433332727618981e+05   0.000000000000000000e+00  -4.886317475822975975e+05
 -1.219814560000000056e+05  -6.533771607653741958e+05  -2.129225333333333310e+03  -1.446865403850556468e+05   0.000000000000000000e+00  -4.885542976565340068e+05
 -1.229813040000000037e+05  -6.544763553466548910e+05  -2.146678000000000338e+03  -1.428311675440273539e+05   0.000000000000000000e+00  -4.884693939844539855e+05
 -1.239811520000000019e+05  -6.555656441554346820e+05  -2.164130666666666457e+03  -1.409769346250401577e+05   0.000000000000000000e+00  -4.883771380381388008e+05
 -1.249810000000000000e+05  -6.566450914640752599e+05  -2.181583333333333485e+03  -1.391236128941074421e+05   0.000000000000000000e+00  -4.882776139649042743e+05
 -1.259808479999999981e+05  -6.577147482391279191e+05  -2.199036000000000513e+03  -1.372709984252174618e+05   0.000000000000000000e+00  -4.881708941257741535e+05
 -1.269806960000000545e+05  -6.587746557910314295e+05  -2.216488666666666631e+03  -1.354189249066869379e+05   0.000000000000000000e+00  -4.880570308110368205e+05
 -1.279805439999999944e+05  -6.598248475864747306e+05  -2.233941333333333660e+03  -1.335672578842481307e+05   0.000000000000000000e+00  -4.879360722679904429e+05
 -1.289803919999999925e+05  -6.608646580476348754e+05  -2.251393999999999778e+03  -1.317189168999148824e+05   0.000000000000000000e+00  -4.878077012244522339e+05
 -1.299802399999999907e+05  -6.618955395922695752e+05  -2.268846666666666806e+03  -1.298676315176094213e+05   0.000000000000000000e+00  -4.876727224732880713e+05
 -1.309800879999999888e+05  -6.629167613211165881e+05  -2.286299333333333834e+03  -1.280167459671673714e+05   0.000000000000000000e+00  -4.875307363293427625e+05
 -1.319799360000000452e+05  -6.639283011963936733e+05  -2.303751999999999953e+03  -1.261663932622472494e+05   0.000000000000000000e+00  -4.873817742689808365e+05
 -1.329797839999999851e+05  -6.649301072965492494e+05  -2.321204666666666981e+03  -1.243168151234797988e+05   0.000000000000000000e+00  -4.872258387078233063e+05
 -1.339796320000000414e+05  -6.659221205372917466e+05  -2.338657333333333099e+03  -1.224683829091477674e+05   0.000000000000000000e+00  -4.870629046159947757e+05
 -1.349794799999999814e+05  -6.669042851015592460e+05  -2.356110000000000127e+03  -1.206215799147575162e+05   0.000000000000000000e+00  -4.868929344056800473e+05
 -1.359793279999999795e+05  -6.678773104329736670e+05  -2.373562666666667155e+03  -1.187731601352971775e+05   0.000000000000000000e+00  -4.867163349627181306e+05
 -1.369791760000000359e+05  -6.688395039812928298e+05  -2.391015333333333274e+03  -1.169318512134244229e+05   0.000000000000000000e+00  -4.865320893037182977e+05
 -1.379790239999999758e+05  -6.697916486783920554e+05  -2.408468000000000302e+03  -1.150942703931173164e+05   0.000000000000000000e+00  -4.863406727745495737e+05
 -1.389788720000000321e+05  -6.707336421514446847e+05  -2.425920666666666420e+03  -1.132613796693205222e+05   0.000000000000000000e+00  -4.861420411981682992e+05
 -1.399787199999999721e+05  -6.716653724585815798e+05  -2.443373333333333449e+03  -1.114342874484469066e+05   0.000000000000000000e+00  -4.859361378044700250e+05
 -1.409785680000000284e+05  -6.725867179391025566e+05  -2.460826000000000477e+03  -1.096142609985193412e+05   0.000000000000000000e+00  -4.857229032476479770e+05
 -1.419784160000000265e+05  -6.734975559213642264e+05  -2.478278666666666595e+03  -1.078027522973225423e+05   0.000000000000000000e+00  -4.855022586136251339e+05
 -1.429782640000000247e+05  -6.743977719146322925e+05  -2.495731333333333623e+03  -1.060013464828802389e+05   0.000000000000000000e+00  -4.852741211807836080e+05
 -1.439781120000000228e+05  -6.752872663491038838e+05  -2.513183999999999742e+03  -1.042117326105180691e+05   0.000000000000000000e+00  -4.850384078739368706e+05
 -1.449779599999999627e+05  -6.761659481238895096e+05  -2.530636666666666770e+03  -1.024356731942039478e+05   0.000000000000000000e+00  -4.847950578103539883e+05
 -1.459778080000000191e+05  -6.770330525815713918e+05  -2.548089333333333798e+03  -1.006792991022690840e+05   0.000000000000000000e+00  -4.845436882836188306e+05
 -1.469776560000000172e+05  -6.778899017234141938e+05  -2.565541999999999916e+03  -9.893566692751276423e+04   0.000000000000000000e+00  -4.842850241306464304e+05
 -1.479775040000000154e+05  -6.787357331539657898e+05  -2.582994666666666944e+03  -9.721136496104006073e+04   0.000000000000000000e+00  -4.840185878938690294e+05
 -1.489773520000000135e+05  -6.795705096918614581e+05  -2.600447333333333063e+03  -9.550833204814021883e+04   0.000000000000000000e+00  -4.837443996054191957e+05
 -1.499772000000000116e+05  -6.803942225717154797e+05  -2.617900000000000091e+03  -9.382849015116960800e+04   0.000000000000000000e+00  -4.834624839601723943e+05
