-6.495898871293979464e+05 -3.750408961970165255e+05 -0.000000000000000000e+00
-6.585888632059246302e+05 -3.802364574572302517e+05 -0.000000000000000000e+00
-6.672544259461709298e+05 -3.852395224379910505e+05 -0.000000000000000000e+00
-6.753793462255636696e+05 -3.899304473484426853e+05 -0.000000000000000000e+00
-6.829615391902129631e+05 -3.943080284976306139e+05 -0.000000000000000000e+00
-6.900076630329639884e+05 -3.983761099949863856e+05 -0.000000000000000000e+00
-6.965113881677982863e+05 -4.021310374523182982e+05 -0.000000000000000000e+00
-7.024652818233064609e+05 -4.055685195570523501e+05 -0.000000000000000000e+00
-7.078616113272383809e+05 -4.086840918487833696e+05 -0.000000000000000000e+00
-7.126915527036928106e+05 -4.114726598026494030e+05 -0.000000000000000000e+00
-7.169444505966795841e+05 -4.139280715460013016e+05 -0.000000000000000000e+00
-7.206090311893457547e+05 -4.160438181376442080e+05 -0.000000000000000000e+00
-7.236748245715368539e+05 -4.178138547721320065e+05 -0.000000000000000000e+00
-7.261311414260544116e+05 -4.192320099693027441e+05 -0.000000000000000000e+00
-7.279610546798659489e+05 -4.202885108789845253e+05 -0.000000000000000000e+00
-7.291304690959759755e+05 -4.209636726069198921e+05 -0.000000000000000000e+00
-7.295731493530265288e+05 -4.212192541724929470e+05 -0.000000000000000000e+00
-7.291735121858152561e+05 -4.209885235464253346e+05 -0.000000000000000000e+00
-7.277474692415246973e+05 -4.201651972686632071e+05 -0.000000000000000000e+00
-7.250170850685400655e+05 -4.185888092313994421e+05 -0.000000000000000000e+00
-7.205913806910419371e+05 -4.160336276176971733e+05 -0.000000000000000000e+00
-7.139816866366723552e+05 -4.122175189761458314e+05 -0.000000000000000000e+00
-7.046668352027852088e+05 -4.068395869933296926e+05 -0.000000000000000000e+00
-6.921916181840748759e+05 -3.996370170893783215e+05 -0.000000000000000000e+00
-6.760316957873310894e+05 -3.903070815435348195e+05 -0.000000000000000000e+00
-6.554055366372264689e+05 -3.783985630058738752e+05 -0.000000000000000000e+00
-6.336640078503381228e+05 -3.658460855081698974e+05 -0.000000000000000000e+00
-6.082160446531911148e+05 -3.511536971059693606e+05 -0.000000000000000000e+00
-5.838858591744172154e+05 -3.371066579703657189e+05 -0.000000000000000000e+00
-5.609772643846408464e+05 -3.238803746017322410e+05 -0.000000000000000000e+00
-5.405136850933607202e+05 -3.120657215893284301e+05 -0.000000000000000000e+00
-5.234626059738182812e+05 -3.022212764696869999e+05 -0.000000000000000000e+00
-5.104150386930547538e+05 -2.946882599878684268e+05 -0.000000000000000000e+00
-5.015357696021752199e+05 -2.895618115880420082e+05 -0.000000000000000000e+00
-4.966396181920053205e+05 -2.867350172533872537e+05 -0.000000000000000000e+00
-4.953253538076221594e+05 -2.859762263572773081e+05 -0.000000000000000000e+00
-4.970834947875787620e+05 -2.869912895253285533e+05 -0.000000000000000000e+00
-5.013599116928780568e+05 -2.894602799767701654e+05 -0.000000000000000000e+00
-5.076307512391810305e+05 -2.930807508768731495e+05 -0.000000000000000000e+00
-5.154537299154029461e+05 -2.975973497214545496e+05 -0.000000000000000000e+00
-5.244574307919037528e+05 -3.027956388462051982e+05 -0.000000000000000000e+00
-5.343144976340141147e+05 -3.084866190409177216e+05 -0.000000000000000000e+00
-5.447487068424226018e+05 -3.145108125361732091e+05 -0.000000000000000000e+00
-5.555420734847343992e+05 -3.207423656725742621e+05 -0.000000000000000000e+00
-5.665221473549392540e+05 -3.270817142772590159e+05 -0.000000000000000000e+00
-5.775547165760755306e+05 -3.334513710869352217e+05 -0.000000000000000000e+00
-5.885200121407348197e+05 -3.397821874329351122e+05 -0.000000000000000000e+00
-5.992976225022374419e+05 -3.460046436763695092e+05 -0.000000000000000000e+00
-6.097741971319467993e+05 -3.520532968590173987e+05 -0.000000000000000000e+00
-6.198312285013780929e+05 -3.578597266274070716e+05 -0.000000000000000000e+00
-6.297175203182926634e+05 -3.635675798691899399e+05 -0.000000000000000000e+00
-6.409271568960652221e+05 -3.700394665648848168e+05 -0.000000000000000000e+00
-6.497739901051121997e+05 -3.751471880996038090e+05 -0.000000000000000000e+00
-6.600383285013455898e+05 -3.810733066357225180e+05 -0.000000000000000000e+00
-6.681836306078577181e+05 -3.857759989995481446e+05 -0.000000000000000000e+00
-6.758909081767677562e+05 -3.902257977786774863e+05 -0.000000000000000000e+00
-6.832480068012434058e+05 -3.944734206499731517e+05 -0.000000000000000000e+00
-6.901770630312091671e+05 -3.984739131295739207e+05 -0.000000000000000000e+00
-6.966197211634183768e+05 -4.021935835365016828e+05 -0.000000000000000000e+00
-7.025380901764293667e+05 -4.056105554793271003e+05 -0.000000000000000000e+00
-7.079063714480729541e+05 -4.087099341165961232e+05 -0.000000000000000000e+00
-7.127095833113862900e+05 -4.114830697788549005e+05 -0.000000000000000000e+00
-7.169405898611316225e+05 -4.139258425492934184e+05 -0.000000000000000000e+00
-7.205932305793114938e+05 -4.160346956511875615e+05 -0.000000000000000000e+00
-7.236557862755212700e+05 -4.178028630068025086e+05 -0.000000000000000000e+00
-7.261104999572872184e+05 -4.192200926117535564e+05 -0.000000000000000000e+00
-7.279345059542111121e+05 -4.202731829650810687e+05 -0.000000000000000000e+00
-7.290918177305398276e+05 -4.209413572306807619e+05 -0.000000000000000000e+00
-7.295171342338793911e+05 -4.211869138283746433e+05 -0.000000000000000000e+00
-7.290947114853747189e+05 -4.209430279408136266e+05 -0.000000000000000000e+00
-7.276338665423258208e+05 -4.200996087197000743e+05 -0.000000000000000000e+00
-7.248457540654294426e+05 -4.184898912306329585e+05 -0.000000000000000000e+00
-7.203296353174321121e+05 -4.158825088557844283e+05 -0.000000000000000000e+00
-7.135851603725161403e+05 -4.119885844307944644e+05 -0.000000000000000000e+00
-7.040733099422047380e+05 -4.064969150243627373e+05 -0.000000000000000000e+00
-6.913298858743768651e+05 -3.991394957084047492e+05 -0.000000000000000000e+00
-6.751163200586736202e+05 -3.897785891201847699e+05 -0.000000000000000000e+00
-6.555605517109815264e+05 -3.784880610004347982e+05 -0.000000000000000000e+00
-6.332703574149562046e+05 -3.656188113233355107e+05 -0.000000000000000000e+00
-6.092958365953295724e+05 -3.517771152744317660e+05 -0.000000000000000000e+00
-5.849962734023185913e+05 -3.377477559237565729e+05 -0.000000000000000000e+00
-5.618380493225395912e+05 -3.243773490173424943e+05 -0.000000000000000000e+00
-5.411556123086949810e+05 -3.124363384399018250e+05 -0.000000000000000000e+00
-5.239448505562501960e+05 -3.024997005091693136e+05 -0.000000000000000000e+00
-5.107767322233515442e+05 -2.948970838449494331e+05 -0.000000000000000000e+00
-5.017978691077915719e+05 -2.897131348081640899e+05 -0.000000000000000000e+00
-4.968211639332048362e+05 -2.868398327359390096e+05 -0.000000000000000000e+00
-4.954484704447000986e+05 -2.860473077808359521e+05 -0.000000000000000000e+00
-4.971639640608331538e+05 -2.870377484819034580e+05 -0.000000000000000000e+00
-5.014112196100330330e+05 -2.894899026165511459e+05 -0.000000000000000000e+00
-5.076706759098490002e+05 -2.931038013962305849e+05 -0.000000000000000000e+00
-5.154947663942460786e+05 -2.976210421435612370e+05 -0.000000000000000000e+00
-5.244954535103656817e+05 -3.028175912729444681e+05 -0.000000000000000000e+00
-5.343424380937454989e+05 -3.085027504728648928e+05 -0.000000000000000000e+00
-5.447772074759252137e+05 -3.145272673845980316e+05 -0.000000000000000000e+00
-5.555944569632729981e+05 -3.207726092880096403e+05 -0.000000000000000000e+00
-5.666120927339295158e+05 -3.271336442660313915e+05 -0.000000000000000000e+00
-5.776852399033979746e+05 -3.335267287651003571e+05 -0.000000000000000000e+00
-5.887107974885605508e+05 -3.398923374048597179e+05 -0.000000000000000000e+00
-5.996204282485118601e+05 -3.461910156608769903e+05 -0.000000000000000000e+00
-6.103334344077282585e+05 -3.523761726507307030e+05 -0.000000000000000000e+00
-6.207779722768405918e+05 -3.584063294010239770e+05 -0.000000000000000000e+00
-6.307205081867146073e+05 -3.641466551850172691e+05 -0.000000000000000000e+00
-6.403025957429013215e+05 -3.696788760149802547e+05 -0.000000000000000000e+00
-6.496141228220826015e+05 -3.750548886807120289e+05 -0.000000000000000000e+00
-6.574719110682634637e+05 -3.795915848398795933e+05 -0.000000000000000000e+00
-6.653933552340412280e+05 -3.841650327613620320e+05 -0.000000000000000000e+00
-6.730088819364650408e+05 -3.885618591530271806e+05 -0.000000000000000000e+00
-6.800976735859550536e+05 -3.926545749200893915e+05 -0.000000000000000000e+00
-6.866640643588765524e+05 -3.964456824004399241e+05 -0.000000000000000000e+00
-6.927167694108006544e+05 -3.999402132914937101e+05 -0.000000000000000000e+00
-6.982614512072267244e+05 -4.031414368192310794e+05 -0.000000000000000000e+00
-7.032986068375331815e+05 -4.060496399783385568e+05 -0.000000000000000000e+00
-7.078222114761725534e+05 -4.086613443341644597e+05 -0.000000000000000000e+00
-7.118182058005185099e+05 -4.109684327330058441e+05 -0.000000000000000000e+00
-7.152672764289542101e+05 -4.129597545887872111e+05 -0.000000000000000000e+00
-7.181472214322516229e+05 -4.146224916116922977e+05 -0.000000000000000000e+00
-7.204325482684076997e+05 -4.159419256757332478e+05 -0.000000000000000000e+00
-7.220882927732522367e+05 -4.168978702113145264e+05 -0.000000000000000000e+00
-7.230561924347274471e+05 -4.174566873414157308e+05 -0.000000000000000000e+00
-7.232434160474599339e+05 -4.175647809446254978e+05 -0.000000000000000000e+00
-7.225074445108292857e+05 -4.171398675798359327e+05 -0.000000000000000000e+00
-7.206637492078068899e+05 -4.160754096003322629e+05 -0.000000000000000000e+00
-7.174564503480760613e+05 -4.142236747402951005e+05 -0.000000000000000000e+00
-7.125297553814731073e+05 -4.113792460751117324e+05 -0.000000000000000000e+00
-7.054986788061609259e+05 -4.073198521216623485e+05 -0.000000000000000000e+00
-6.959654304222315550e+05 -4.018158286009492003e+05 -0.000000000000000000e+00
-6.835833942510024644e+05 -3.946670566843743436e+05 -0.000000000000000000e+00
-6.680647880069765961e+05 -3.857073851919382578e+05 -0.000000000000000000e+00
-6.499565120907914825e+05 -3.752525672171687474e+05 -0.000000000000000000e+00
-6.297837763638168108e+05 -3.636058328149087611e+05 -0.000000000000000000e+00
-6.086639867422959069e+05 -3.514123165916953585e+05 -0.000000000000000000e+00
-5.879641730608397629e+05 -3.394612735905315494e+05 -0.000000000000000000e+00
-5.688280723278443329e+05 -3.284130406810968416e+05 -0.000000000000000000e+00
-5.520280762133521494e+05 -3.187135584020101232e+05 -0.000000000000000000e+00
-5.382305819848387036e+05 -3.107475713950356003e+05 -0.000000000000000000e+00
-5.278332963245422579e+05 -3.047446957202219637e+05 -0.000000000000000000e+00
-5.208925588607657701e+05 -3.007374590771361254e+05 -0.000000000000000000e+00
-5.172055157721587457e+05 -2.986087437574150972e+05 -0.000000000000000000e+00
-5.164517228542373632e+05 -2.981735412133399514e+05 -0.000000000000000000e+00
-5.182147177845149417e+05 -2.991914068109156797e+05 -0.000000000000000000e+00
-5.220279014279390103e+05 -3.013929494139160379e+05 -0.000000000000000000e+00
-5.274852388594301883e+05 -3.045437446490461007e+05 -0.000000000000000000e+00
-5.342518835187879158e+05 -3.084504687646368402e+05 -0.000000000000000000e+00
-5.420286935316274175e+05 -3.129404121189862490e+05 -0.000000000000000000e+00
-5.505178209403302753e+05 -3.178416121135858702e+05 -0.000000000000000000e+00
-5.595005951945239212e+05 -3.230278192473142408e+05 -0.000000000000000000e+00
-5.688016385151715949e+05 -3.283977791122345370e+05 -0.000000000000000000e+00
-5.782711792944681365e+05 -3.338650210302635096e+05 -0.000000000000000000e+00
-5.878172070791618899e+05 -3.393764227414480993e+05 -0.000000000000000000e+00
-5.973211041637557792e+05 -3.448635002815889311e+05 -0.000000000000000000e+00
-6.066625029346046504e+05 -3.502567593765461352e+05 -0.000000000000000000e+00
-6.157850047454816522e+05 -3.555236382527388050e+05 -0.000000000000000000e+00
-6.247454503428692697e+05 -3.606969539304495556e+05 -0.000000000000000000e+00
-6.339411569298334653e+05 -3.660060976038221852e+05 -0.000000000000000000e+00
-6.429435459937689593e+05 -3.712036293532350683e+05 -0.000000000000000000e+00
-6.516283850059495308e+05 -3.762178234947860474e+05 -0.000000000000000000e+00
-6.599187265796766151e+05 -3.810042544340513414e+05 -0.000000000000000000e+00
-6.674524960740016541e+05 -3.853538782796125161e+05 -0.000000000000000000e+00
-6.744403470390056027e+05 -3.893883159153145389e+05 -0.000000000000000000e+00
-6.810683257652714383e+05 -3.932149812171072117e+05 -0.000000000000000000e+00
-6.873286248583297711e+05 -3.968293665836920263e+05 -0.000000000000000000e+00
-6.931811030136700720e+05 -4.002082964221041766e+05 -0.000000000000000000e+00
-6.985899391927644610e+05 -4.033310894461068674e+05 -0.000000000000000000e+00
-7.035212915331298718e+05 -4.061782070472857449e+05 -0.000000000000000000e+00
-7.079578332699293969e+05 -4.087396456132979365e+05 -0.000000000000000000e+00
-7.118849815343638184e+05 -4.110069857209167094e+05 -0.000000000000000000e+00
-7.152925779446713859e+05 -4.129743624256974435e+05 -0.000000000000000000e+00
-7.181514795176417101e+05 -4.146249500184385106e+05 -0.000000000000000000e+00
-7.204240730262912111e+05 -4.159370324924158631e+05 -0.000000000000000000e+00
-7.220673343995480100e+05 -4.168857698886145954e+05 -0.000000000000000000e+00
-7.230206779227241641e+05 -4.174361830283505260e+05 -0.000000000000000000e+00
-7.231878362002134090e+05 -4.175326919048562413e+05 -0.000000000000000000e+00
-7.224327630283215549e+05 -4.170967502058065729e+05 -0.000000000000000000e+00
-7.205476410143065732e+05 -4.160083745035597240e+05 -0.000000000000000000e+00
-7.172668581803787965e+05 -4.141142136512388824e+05 -0.000000000000000000e+00
-7.122417419679140439e+05 -4.112129614532631822e+05 -0.000000000000000000e+00
-7.050795196097790031e+05 -4.070778504467979656e+05 -0.000000000000000000e+00
-6.954017493353005266e+05 -4.014903871736724395e+05 -0.000000000000000000e+00
-6.829295690197629156e+05 -3.942895705111152492e+05 -0.000000000000000000e+00
-6.676170986986983335e+05 -3.854489116492904723e+05 -0.000000000000000000e+00
-6.497349560062875971e+05 -3.751246517521397909e+05 -0.000000000000000000e+00
-6.299534609610717744e+05 -3.637038002628112445e+05 -0.000000000000000000e+00
-6.092015390269524651e+05 -3.517226725479453453e+05 -0.000000000000000000e+00
-5.886138133383021923e+05 -3.398363435796009144e+05 -0.000000000000000000e+00
-5.693653500596446684e+05 -3.287232381241813418e+05 -0.000000000000000000e+00
-5.524517457905748161e+05 -3.189581641464671120e+05 -0.000000000000000000e+00
-5.385732905338437995e+05 -3.109454342680572881e+05 -0.000000000000000000e+00
-5.281089425296526169e+05 -3.049038401309435721e+05 -0.000000000000000000e+00
-5.211007910146567738e+05 -3.008576819672390120e+05 -0.000000000000000000e+00
-5.173604143631656771e+05 -2.986981745006300625e+05 -0.000000000000000000e+00
-5.165614433326999424e+05 -2.982368883611159399e+05 -0.000000000000000000e+00
-5.182806221828604466e+05 -2.992294567330412101e+05 -0.000000000000000000e+00
-5.220657462596244877e+05 -3.014147991376770660e+05 -0.000000000000000000e+00
-5.275202852708026767e+05 -3.045639787040860974e+05 -0.000000000000000000e+00
-5.342982909679808654e+05 -3.084772621179207927e+05 -0.000000000000000000e+00
-5.420650176320291357e+05 -3.129613838481312850e+05 -0.000000000000000000e+00
-5.505428468292530160e+05 -3.178560608172921347e+05 -0.000000000000000000e+00
-5.595379793042542879e+05 -3.230494029731304618e+05 -0.000000000000000000e+00
-5.688863877538401866e+05 -3.284467091079934617e+05 -0.000000000000000000e+00
-5.784041525267531397e+05 -3.339417931617182912e+05 -0.000000000000000000e+00
-5.879786323488795897e+05 -3.394696216643736698e+05 -0.000000000000000000e+00
-5.973539340088719036e+05 -3.448824546015041415e+05 -0.000000000000000000e+00
-6.067203749729095725e+05 -3.502901718134400435e+05 -0.000000000000000000e+00
-6.160483157123927958e+05 -3.556756609103655792e+05 -0.000000000000000000e+00
-6.250267232428959105e+05 -3.608593469149956945e+05 -0.000000000000000000e+00
-6.333147950854484225e+05 -3.656444674243563204e+05 -0.000000000000000000e+00
-6.415149501597883645e+05 -3.703788291639231611e+05 -0.000000000000000000e+00
-6.501485105352520477e+05 -3.753634175707620452e+05 -0.000000000000000000e+00
-6.566131735247113975e+05 -3.790957924879465718e+05 -0.000000000000000000e+00
-6.633017394459982170e+05 -3.829574378230940783e+05 -0.000000000000000000e+00
-6.701367923019045265e+05 -3.869036574293769081e+05 -0.000000000000000000e+00
-6.766871891735484824e+05 -3.906855308265194762e+05 -0.000000000000000000e+00
-6.827174280707653379e+05 -3.941670908771053655e+05 -0.000000000000000000e+00
-6.882289246153770946e+05 -3.973491548907746328e+05 -0.000000000000000000e+00
-6.932332622042677831e+05 -4.002384105448364280e+05 -0.000000000000000000e+00
-6.977318668332524830e+05 -4.028356811383584281e+05 -0.000000000000000000e+00
-7.017236850118318107e+05 -4.051403584383172565e+05 -0.000000000000000000e+00
-7.052113000307773473e+05 -4.071539339083352825e+05 -0.000000000000000000e+00
-7.081783444856479764e+05 -4.088669578230524203e+05 -0.000000000000000000e+00
-7.105916479168427177e+05 -4.102602792086889385e+05 -0.000000000000000000e+00
-7.124136636410544161e+05 -4.113122204775302671e+05 -0.000000000000000000e+00
-7.135897572505938588e+05 -4.119912384395900881e+05 -0.000000000000000000e+00
-7.140276336517488817e+05 -4.122440464976687217e+05 -0.000000000000000000e+00
-7.138337914500338957e+05 -4.121321316503282869e+05 -0.000000000000000000e+00
-7.128837064628055086e+05 -4.115835998271989520e+05 -0.000000000000000000e+00
-7.103771872833954403e+05 -4.101364603042375529e+05 -0.000000000000000000e+00
-7.062076487898600753e+05 -4.077291761325984262e+05 -0.000000000000000000e+00
-7.004410480166430352e+05 -4.043998276238724939e+05 -0.000000000000000000e+00
-6.926833446209620452e+05 -3.999209154800827382e+05 -0.000000000000000000e+00
-6.830163266639341600e+05 -3.943396600603318075e+05 -0.000000000000000000e+00
-6.711174374574011890e+05 -3.874698331738824490e+05 -0.000000000000000000e+00
-6.572071646789574297e+05 -3.794387334407467861e+05 -0.000000000000000000e+00
-6.416392218655530596e+05 -3.704505774666990619e+05 -0.000000000000000000e+00
-6.249513627401778940e+05 -3.608158375084651634e+05 -0.000000000000000000e+00
-6.079729940142359119e+05 -3.510133717541418737e+05 -0.000000000000000000e+00
-5.918087166499726009e+05 -3.416809218666286906e+05 -0.000000000000000000e+00
-5.773481426148241153e+05 -3.333321055547991418e+05 -0.000000000000000000e+00
-5.649840953205889091e+05 -3.261937195211991784e+05 -0.000000000000000000e+00
-5.550676672148291254e+05 -3.204684670849392423e+05 -0.000000000000000000e+00
-5.480934033866703976e+05 -3.164418739863522933e+05 -0.000000000000000000e+00
-5.433473421890293248e+05 -3.137017342763037886e+05 -0.000000000000000000e+00
-5.408498915908058407e+05 -3.122598305011316552e+05 -0.000000000000000000e+00
-5.411922454344849102e+05 -3.124574885849378770e+05 -0.000000000000000000e+00
-5.432214015440643998e+05 -3.136290224110313575e+05 -0.000000000000000000e+00
-5.461933934829477221e+05 -3.153449027569750906e+05 -0.000000000000000000e+00
-5.503135730752310483e+05 -3.177236895536894444e+05 -0.000000000000000000e+00
-5.559729069388043135e+05 -3.209911074832574232e+05 -0.000000000000000000e+00
-5.626033099703990156e+05 -3.248191724583843607e+05 -0.000000000000000000e+00
-5.695652165344036184e+05 -3.288386310871854657e+05 -0.000000000000000000e+00
-5.771442835609471658e+05 -3.332144074751665466e+05 -0.000000000000000000e+00
-5.847301312431598781e+05 -3.375940986765236012e+05 -0.000000000000000000e+00
-5.923649562333830399e+05 -3.420020669398446335e+05 -0.000000000000000000e+00
-6.002428014016277157e+05 -3.465503429683648865e+05 -0.000000000000000000e+00
-6.080596911340041552e+05 -3.510634263595780358e+05 -0.000000000000000000e+00
-6.156392573207331588e+05 -3.554394909378265729e+05 -0.000000000000000000e+00
-6.233825683451271616e+05 -3.599100936421794468e+05 -0.000000000000000000e+00
-6.312345661356488708e+05 -3.644434466802135576e+05 -0.000000000000000000e+00
-6.390349463062869618e+05 -3.689469982715128572e+05 -0.000000000000000000e+00
-6.466143811066014459e+05 -3.733229869937796029e+05 -0.000000000000000000e+00
-6.538909750914429314e+05 -3.775241304897114751e+05 -0.000000000000000000e+00
-6.607323872207293753e+05 -3.814740216241921880e+05 -0.000000000000000000e+00
-6.671428846237735124e+05 -3.851751240254791337e+05 -0.000000000000000000e+00
-6.731889533343189396e+05 -3.886658234230515081e+05 -0.000000000000000000e+00
-6.788779301284737885e+05 -3.919503557065703208e+05 -0.000000000000000000e+00
-6.842517426760490052e+05 -3.950529278274874669e+05 -0.000000000000000000e+00
-6.892833421415603952e+05 -3.979579231333548669e+05 -0.000000000000000000e+00
-6.939965966768581420e+05 -4.006791219080681913e+05 -0.000000000000000000e+00
-6.982443122728122398e+05 -4.031315416508332710e+05 -0.000000000000000000e+00
-7.020737550460812636e+05 -4.053424714668263914e+05 -0.000000000000000000e+00
-7.054371676061617909e+05 -4.072843386137846974e+05 -0.000000000000000000e+00
-7.083368049090513960e+05 -4.089584449911603006e+05 -0.000000000000000000e+00
-7.108808340512943687e+05 -4.104272409012605203e+05 -0.000000000000000000e+00
-7.128021173336212523e+05 -4.115364943215014646e+05 -0.000000000000000000e+00
-7.139187183623323217e+05 -4.121811642260052031e+05 -0.000000000000000000e+00
-7.142517690286333673e+05 -4.123734511178479297e+05 -0.000000000000000000e+00
-7.137333935223728186e+05 -4.120741668797670864e+05 -0.000000000000000000e+00
-7.123311978966635652e+05 -4.112646088578072959e+05 -0.000000000000000000e+00
-7.098901502076850738e+05 -4.098552693174708402e+05 -0.000000000000000000e+00
-7.058662069566552527e+05 -4.075320445982850506e+05 -0.000000000000000000e+00
-7.001909527525060112e+05 -4.042554350557998987e+05 -0.000000000000000000e+00
-6.925789961985765258e+05 -3.998606698903290089e+05 -0.000000000000000000e+00
-6.828452807541085640e+05 -3.942409066582501982e+05 -0.000000000000000000e+00
-6.709716718719970668e+05 -3.873856753739107517e+05 -0.000000000000000000e+00
-6.571420200119091896e+05 -3.794011221496902290e+05 -0.000000000000000000e+00
-6.417703982703658985e+05 -3.705263121993291425e+05 -0.000000000000000000e+00
-6.253169280430988874e+05 -3.610268967345129931e+05 -0.000000000000000000e+00
-6.085418834913363680e+05 -3.513418202468849486e+05 -0.000000000000000000e+00
-5.926343517461988376e+05 -3.421576025116872624e+05 -0.000000000000000000e+00
-5.780452226173426025e+05 -3.337345648818999180e+05 -0.000000000000000000e+00
-5.653840715351823019e+05 -3.264246458963641198e+05 -0.000000000000000000e+00
-5.553612354163189884e+05 -3.206379587650949252e+05 -0.000000000000000000e+00
-5.478247558918157592e+05 -3.162867702828808688e+05 -0.000000000000000000e+00
-5.427603557767261518e+05 -3.133628375131498906e+05 -0.000000000000000000e+00
-5.407046628655211534e+05 -3.121759826574944891e+05 -0.000000000000000000e+00
-5.412647418009618996e+05 -3.124993443816386280e+05 -0.000000000000000000e+00
-5.432657412015628070e+05 -3.136546219242238440e+05 -0.000000000000000000e+00
-5.462431772420550697e+05 -3.153736454236969585e+05 -0.000000000000000000e+00
-5.506138480774710188e+05 -3.178970534070635913e+05 -0.000000000000000000e+00
-5.562246925477315672e+05 -3.211364759723496391e+05 -0.000000000000000000e+00
-5.625041222210985143e+05 -3.247619063846254139e+05 -0.000000000000000000e+00
-5.691559199836429907e+05 -3.286023236134254257e+05 -0.000000000000000000e+00
-5.767273321536584990e+05 -3.329736804679294582e+05 -0.000000000000000000e+00
-5.848980896348592360e+05 -3.376910694991838536e+05 -0.000000000000000000e+00
-5.926370622986622620e+05 -3.421591674498816719e+05 -0.000000000000000000e+00
-6.002302389254133450e+05 -3.465430900193408015e+05 -0.000000000000000000e+00
-6.078931626660152106e+05 -3.509672811037568608e+05 -0.000000000000000000e+00
-6.155973653683706652e+05 -3.554153046078532352e+05 -0.000000000000000000e+00
-6.234791865772163728e+05 -3.599658762044847826e+05 -0.000000000000000000e+00
-6.309115568365420913e+05 -3.642569571744234418e+05 -0.000000000000000000e+00
-6.370313709268597886e+05 -3.677902334868588368e+05 -0.000000000000000000e+00
-6.433299120122167515e+05 -3.714266978779916535e+05 -0.000000000000000000e+00
-6.486542717174120480e+05 -3.745007183870485169e+05 -0.000000000000000000e+00
-6.547938001405458199e+05 -3.780453767748421524e+05 -0.000000000000000000e+00
-6.610214175264840014e+05 -3.816408933490235941e+05 -0.000000000000000000e+00
-6.671934184613733087e+05 -3.852042997502205544e+05 -0.000000000000000000e+00
-6.731471618816679111e+05 -3.886416951166135841e+05 -0.000000000000000000e+00
-6.786871781076984480e+05 -3.918402249760272098e+05 -0.000000000000000000e+00
-6.836503724854958709e+05 -3.947057265860890038e+05 -0.000000000000000000e+00
-6.879771078254558379e+05 -3.972037683993271203e+05 -0.000000000000000000e+00
-6.917753083452361170e+05 -3.993966604918584926e+05 -0.000000000000000000e+00
-6.953090485771471867e+05 -4.014368663659985177e+05 -0.000000000000000000e+00
-6.984187815918686101e+05 -4.032322715591558372e+05 -0.000000000000000000e+00
-7.009934814532924211e+05 -4.047187752172313631e+05 -0.000000000000000000e+00
-7.027490844162205467e+05 -4.057323730604680022e+05 -0.000000000000000000e+00
-7.035096711278101429e+05 -4.061714980031463201e+05 -0.000000000000000000e+00
-7.038315400230759988e+05 -4.063573290964718326e+05 -0.000000000000000000e+00
-7.039640106289611431e+05 -4.064338110364393215e+05 -0.000000000000000000e+00
-7.038186392839634791e+05 -4.063498808512724354e+05 -0.000000000000000000e+00
-7.030694784015561454e+05 -4.059173526141482289e+05 -0.000000000000000000e+00
-7.000345678412660491e+05 -4.041651461851983331e+05 -0.000000000000000000e+00
-6.948295026236510603e+05 -4.011600003806587774e+05 -0.000000000000000000e+00
-6.881857763369351160e+05 -3.973242432206011144e+05 -0.000000000000000000e+00
-6.799920162561781472e+05 -3.925935736323008314e+05 -0.000000000000000000e+00
-6.706984325405471027e+05 -3.872279205723449704e+05 -0.000000000000000000e+00
-6.598535927268604282e+05 -3.809666493865945959e+05 -0.000000000000000000e+00
-6.479010335774938576e+05 -3.740658361442028545e+05 -0.000000000000000000e+00
-6.352657225525811082e+05 -3.667708359226748580e+05 -0.000000000000000000e+00
-6.220644084584031953e+05 -3.591490536767443991e+05 -0.000000000000000000e+00
-6.087265738639865303e+05 -3.514484512832512846e+05 -0.000000000000000000e+00
-5.961315484003791353e+05 -3.441767099413873511e+05 -0.000000000000000000e+00
-5.853967336000687210e+05 -3.379789617267273134e+05 -0.000000000000000000e+00
-5.772228044969779439e+05 -3.332597415587209398e+05 -0.000000000000000000e+00
-5.704071817500366597e+05 -3.293247399310795008e+05 -0.000000000000000000e+00
-5.660930379599023145e+05 -3.268339678525226773e+05 -0.000000000000000000e+00
-5.629262040467587067e+05 -3.250055954402903444e+05 -0.000000000000000000e+00
-5.611494525788101600e+05 -3.239797875019871863e+05 -0.000000000000000000e+00
-5.623200359547149856e+05 -3.246556241291747428e+05 -0.000000000000000000e+00
-5.643981501706048148e+05 -3.258554239311255515e+05 -0.000000000000000000e+00
-5.666052627347983653e+05 -3.271297009641944896e+05 -0.000000000000000000e+00
-5.690189455148049165e+05 -3.285232413669696543e+05 -0.000000000000000000e+00
-5.736696562295259209e+05 -3.312083304500368540e+05 -0.000000000000000000e+00
-5.798789915053562727e+05 -3.347932918430261780e+05 -0.000000000000000000e+00
-5.855745070726909908e+05 -3.380815992890005582e+05 -0.000000000000000000e+00
-5.918522578360401094e+05 -3.417060603821255499e+05 -0.000000000000000000e+00
-5.979718124292558059e+05 -3.452391868738392368e+05 -0.000000000000000000e+00
-6.039594837351149181e+05 -3.486961705140960403e+05 -0.000000000000000000e+00
-6.105781440424070461e+05 -3.525174558241858031e+05 -0.000000000000000000e+00
-6.170315196999022737e+05 -3.562433139972224599e+05 -0.000000000000000000e+00
-6.230413596875631483e+05 -3.597130967318850453e+05 -0.000000000000000000e+00
-6.295920196254252223e+05 -3.634951220103793894e+05 -0.000000000000000000e+00
-6.365588717545317486e+05 -3.675174359625233919e+05 -0.000000000000000000e+00
-6.431721688637338812e+05 -3.713356248287521885e+05 -0.000000000000000000e+00
-6.495115896343184868e+05 -3.749956911171555403e+05 -0.000000000000000000e+00
-6.555315971800616244e+05 -3.784713440942139132e+05 -0.000000000000000000e+00
-6.611276260052167345e+05 -3.817022128428101423e+05 -0.000000000000000000e+00
-6.665301108259176835e+05 -3.848213389083346701e+05 -0.000000000000000000e+00
-6.717694238752031233e+05 -3.878462577077083406e+05 -0.000000000000000000e+00
-6.766142254982228624e+05 -3.906434052289291285e+05 -0.000000000000000000e+00
-6.811780563570983941e+05 -3.932783342038368573e+05 -0.000000000000000000e+00
-6.855039821318697650e+05 -3.957759086143954191e+05 -0.000000000000000000e+00
-6.895545349741621176e+05 -3.981144963882597513e+05 -0.000000000000000000e+00
-6.929987611366691999e+05 -4.001030212903331849e+05 -0.000000000000000000e+00
-6.958487078511394793e+05 -4.017484387931086821e+05 -0.000000000000000000e+00
-6.984943398106198292e+05 -4.032758951170913060e+05 -0.000000000000000000e+00
-7.011658063304413809e+05 -4.048182670314413263e+05 -0.000000000000000000e+00
-7.034834458226059796e+05 -4.061563568161270814e+05 -0.000000000000000000e+00
-7.049329689091473119e+05 -4.069932393603383098e+05 -0.000000000000000000e+00
-7.051115802129079821e+05 -4.070963606446448248e+05 -0.000000000000000000e+00
-7.044453432223917916e+05 -4.067117085388262058e+05 -0.000000000000000000e+00
-7.032970010779749136e+05 -4.060487128926253645e+05 -0.000000000000000000e+00
-7.013959894898849307e+05 -4.049511633405089960e+05 -0.000000000000000000e+00
-6.984454126884188736e+05 -4.032476470299179200e+05 -0.000000000000000000e+00
-6.940369703496533912e+05 -4.007024316589247319e+05 -0.000000000000000000e+00
-6.881057463017083937e+05 -3.972780378582197009e+05 -0.000000000000000000e+00
-6.802872389680888737e+05 -3.927640205444933963e+05 -0.000000000000000000e+00
-6.709353966305080103e+05 -3.873647318534721853e+05 -0.000000000000000000e+00
-6.603330945995681686e+05 -3.812434899218793144e+05 -0.000000000000000000e+00
-6.486161262363175629e+05 -3.744786950832702569e+05 -0.000000000000000000e+00
-6.360940134531664662e+05 -3.672490498970951303e+05 -0.000000000000000000e+00
-6.229609493499743985e+05 -3.596666718018325628e+05 -0.000000000000000000e+00
-6.099814675850645872e+05 -3.521729645109200501e+05 -0.000000000000000000e+00
-5.979969600994464708e+05 -3.452537058879933320e+05 -0.000000000000000000e+00
-5.869210891345009441e+05 -3.388590488048724947e+05 -0.000000000000000000e+00
-5.775572074333472410e+05 -3.334528091840515845e+05 -0.000000000000000000e+00
-5.705801553257029736e+05 -3.294246062715531443e+05 -0.000000000000000000e+00
-5.651818047700772295e+05 -3.263078671250826446e+05 -0.000000000000000000e+00
-5.610524319139218424e+05 -3.239237725949969608e+05 -0.000000000000000000e+00
-5.603072276662678923e+05 -3.234935287220127066e+05 -0.000000000000000000e+00
-5.622932003673099680e+05 -3.246401305955625721e+05 -0.000000000000000000e+00
-5.644851383786515798e+05 -3.259056465964576346e+05 -0.000000000000000000e+00
-5.667339826923158253e+05 -3.272040174663172802e+05 -0.000000000000000000e+00
-5.701131474933384452e+05 -3.291549791738237836e+05 -0.000000000000000000e+00
-5.746436214333890239e+05 -3.317706495226685656e+05 -0.000000000000000000e+00
-5.796308573429888347e+05 -3.346500315175881842e+05 -0.000000000000000000e+00
-5.846025078919766238e+05 -3.375204153003630345e+05 -0.000000000000000000e+00
-5.908959406312992796e+05 -3.411539303865378024e+05 -0.000000000000000000e+00
-5.984407129376383964e+05 -3.455099067085771239e+05 -0.000000000000000000e+00
-6.049160795734677231e+05 -3.492484613788747229e+05 -0.000000000000000000e+00
-6.108336522983778268e+05 -3.526649735845507239e+05 -0.000000000000000000e+00
-6.169824723385060206e+05 -3.562149964899172774e+05 -0.000000000000000000e+00
-6.232935852001690073e+05 -3.598587191994845052e+05 -0.000000000000000000e+00
-6.301796455727333669e+05 -3.638343880092406180e+05 -0.000000000000000000e+00
-6.372292647026052000e+05 -3.679044875115564209e+05 -0.000000000000000000e+00
-6.424134445479316637e+05 -3.708975751407830976e+05 -0.000000000000000000e+00
-6.467261806259743171e+05 -3.733875344763848116e+05 -0.000000000000000000e+00
-6.523838389840796590e+05 -3.766539850524198846e+05 -0.000000000000000000e+00
-6.582428152996260906e+05 -3.800366666053762892e+05 -0.000000000000000000e+00
-6.639674569434573641e+05 -3.833417899994563777e+05 -0.000000000000000000e+00
-6.693411303965752013e+05 -3.864442818141510943e+05 -0.000000000000000000e+00
-6.743605834251438500e+05 -3.893422643713799189e+05 -0.000000000000000000e+00
-6.787517920356319519e+05 -3.918775298447130481e+05 -0.000000000000000000e+00
-6.824067585181773175e+05 -3.939877257272896240e+05 -0.000000000000000000e+00
-6.855656104476734763e+05 -3.958114897391144186e+05 -0.000000000000000000e+00
-6.888490441987797385e+05 -3.977071810991819366e+05 -0.000000000000000000e+00
-6.919693517129028914e+05 -3.995086914824153064e+05 -0.000000000000000000e+00
-6.944593017609409289e+05 -4.009462648129188456e+05 -0.000000000000000000e+00
-6.954782340959083522e+05 -4.015345456707982812e+05 -0.000000000000000000e+00
-6.947051043531039031e+05 -4.010881790056716418e+05 -0.000000000000000000e+00
-6.939479719419368776e+05 -4.006510484042721801e+05 -0.000000000000000000e+00
-6.941823299768804573e+05 -4.007863550788335851e+05 -0.000000000000000000e+00
-6.944578841982624726e+05 -4.009454463827247964e+05 -0.000000000000000000e+00
-6.944196564005680848e+05 -4.009233755534354132e+05 -0.000000000000000000e+00
-6.913313933069166960e+05 -3.991403660249874229e+05 -0.000000000000000000e+00
-6.851403316070156870e+05 -3.955659548859799979e+05 -0.000000000000000000e+00
-6.780908089692306239e+05 -3.914959110933964257e+05 -0.000000000000000000e+00
-6.701505323969336459e+05 -3.869115902769406675e+05 -0.000000000000000000e+00
-6.614478378856745549e+05 -3.818870872581901494e+05 -0.000000000000000000e+00
-6.516821623411566252e+05 -3.762488718537442037e+05 -0.000000000000000000e+00
-6.417727196230863919e+05 -3.705276524329471868e+05 -0.000000000000000000e+00
-6.320291520739519037e+05 -3.649022010855870903e+05 -0.000000000000000000e+00
-6.215875028453370323e+05 -3.588737120926626376e+05 -0.000000000000000000e+00
-6.112013428696577903e+05 -3.528772598348577158e+05 -0.000000000000000000e+00
-6.012864707791411784e+05 -3.471529057644171990e+05 -0.000000000000000000e+00
-5.934644814688153565e+05 -3.426368781305022421e+05 -0.000000000000000000e+00
-5.890286832415779354e+05 -3.400758688299358473e+05 -0.000000000000000000e+00
-5.847686283431467600e+05 -3.376163249875640031e+05 -0.000000000000000000e+00
-5.818424869949663989e+05 -3.359269164925051737e+05 -0.000000000000000000e+00
-5.790577577800027793e+05 -3.343191523306257441e+05 -0.000000000000000000e+00
-5.773001081614528084e+05 -3.333043728502148879e+05 -0.000000000000000000e+00
-5.788659491549521917e+05 -3.342084115693198983e+05 -0.000000000000000000e+00
-5.807408511263737455e+05 -3.352908867272242787e+05 -0.000000000000000000e+00
-5.821346845476280432e+05 -3.360956168281909195e+05 -0.000000000000000000e+00
-5.834096457657158608e+05 -3.368317160306602600e+05 -0.000000000000000000e+00
-5.872464248317703605e+05 -3.390468814572679694e+05 -0.000000000000000000e+00
-5.934152315006580902e+05 -3.426084436481290613e+05 -0.000000000000000000e+00
-5.977078078471370973e+05 -3.450867637572857202e+05 -0.000000000000000000e+00
-6.024992760722760577e+05 -3.478531192268832237e+05 -0.000000000000000000e+00
-6.076686090897809481e+05 -3.508376350360705401e+05 -0.000000000000000000e+00
-6.124254867993401131e+05 -3.535840196621866198e+05 -0.000000000000000000e+00
-6.181690638643215643e+05 -3.569000754267650191e+05 -0.000000000000000000e+00
-6.236332868840694427e+05 -3.600548460581286345e+05 -0.000000000000000000e+00
-6.280769579699088354e+05 -3.626204007557281293e+05 -0.000000000000000000e+00
-6.331901567901513772e+05 -3.655725074710152694e+05 -0.000000000000000000e+00
-6.392291977318030549e+05 -3.690591493843250209e+05 -0.000000000000000000e+00
-6.450298498218180612e+05 -3.724081574299705680e+05 -0.000000000000000000e+00
-6.506262497086067451e+05 -3.756392404111007927e+05 -0.000000000000000000e+00
-6.558344839160655392e+05 -3.786462158327797661e+05 -0.000000000000000000e+00
-6.605831919360674219e+05 -3.813878836864307523e+05 -0.000000000000000000e+00
-6.649834264533420792e+05 -3.839283602694767760e+05 -0.000000000000000000e+00
-6.693930986071961233e+05 -3.864742856745424215e+05 -0.000000000000000000e+00
-6.738120250091064954e+05 -3.890255540222144919e+05 -0.000000000000000000e+00
-6.779056907581610139e+05 -3.913890330444034771e+05 -0.000000000000000000e+00
-6.818200132161098300e+05 -3.936489681691952283e+05 -0.000000000000000000e+00
-6.855311685789697804e+05 -3.957916047169469530e+05 -0.000000000000000000e+00
-6.879373592289407970e+05 -3.971808195364292478e+05 -0.000000000000000000e+00
-6.890588943089637905e+05 -3.978283381167861517e+05 -0.000000000000000000e+00
-6.908465459399180254e+05 -3.988604392671348760e+05 -0.000000000000000000e+00
-6.935833938908119453e+05 -4.004405591683145612e+05 -0.000000000000000000e+00
-6.958790869162041927e+05 -4.017659781545014703e+05 -0.000000000000000000e+00
-6.975666965788069647e+05 -4.027403200474922196e+05 -0.000000000000000000e+00
-6.968772131672697142e+05 -4.023422466142394114e+05 -0.000000000000000000e+00
-6.950170499642192153e+05 -4.012682808882215759e+05 -0.000000000000000000e+00
-6.935407001626833808e+05 -4.004159099328868324e+05 -0.000000000000000000e+00
-6.911793181728221243e+05 -3.990525654053808539e+05 -0.000000000000000000e+00
-6.880462958482960239e+05 -3.972437141229386325e+05 -0.000000000000000000e+00
-6.839158196816697018e+05 -3.948589825962555478e+05 -0.000000000000000000e+00
-6.783265101462975144e+05 -3.916319932314243051e+05 -0.000000000000000000e+00
-6.707256067518338095e+05 -3.872436096105463221e+05 -0.000000000000000000e+00
-6.616625467808763497e+05 -3.820110494966323604e+05 -0.000000000000000000e+00
-6.526094948466073256e+05 -3.767842675253944471e+05 -0.000000000000000000e+00
-6.433978491057793144e+05 -3.714659213772478979e+05 -0.000000000000000000e+00
-6.337314005591360619e+05 -3.658849947067357716e+05 -0.000000000000000000e+00
-6.235289122924776748e+05 -3.599945853595765657e+05 -0.000000000000000000e+00
-6.137231097276477376e+05 -3.543332026091516600e+05 -0.000000000000000000e+00
-6.045907749940445647e+05 -3.490606466923761182e+05 -0.000000000000000000e+00
-5.954544154118135339e+05 -3.437857670281617902e+05 -0.000000000000000000e+00
-5.879023773016891209e+05 -3.394255957923511742e+05 -0.000000000000000000e+00
-5.830476257730161306e+05 -3.366227036904230481e+05 -0.000000000000000000e+00
-5.790770130966199795e+05 -3.343302693928580265e+05 -0.000000000000000000e+00
-5.752198754507398698e+05 -3.321033499347076868e+05 -0.000000000000000000e+00
-5.753581347571446095e+05 -3.321831739824784454e+05 -0.000000000000000000e+00
-5.787411599155489821e+05 -3.341363644683584571e+05 -0.000000000000000000e+00
-5.808322876628681552e+05 -3.353436776361830998e+05 -0.000000000000000000e+00
-5.827776885503029916e+05 -3.364668553622253239e+05 -0.000000000000000000e+00
-5.856896142717493931e+05 -3.381480564613626339e+05 -0.000000000000000000e+00
-5.893811690388688585e+05 -3.402793765998872695e+05 -0.000000000000000000e+00
-5.930034899274713825e+05 -3.423707245400131214e+05 -0.000000000000000000e+00
-5.962133647333369590e+05 -3.442239466232446139e+05 -0.000000000000000000e+00
-6.013620886738609988e+05 -3.471965637762892875e+05 -0.000000000000000000e+00
-6.086771665841859067e+05 -3.514199259769584169e+05 -0.000000000000000000e+00
-6.139980736093542073e+05 -3.544919530802723020e+05 -0.000000000000000000e+00
-6.188726861515203491e+05 -3.573063119436870911e+05 -0.000000000000000000e+00
-6.241616913739157608e+05 -3.603599205325823859e+05 -0.000000000000000000e+00
-6.286951489286624128e+05 -3.629773134721751558e+05 -0.000000000000000000e+00
-6.341629420680826297e+05 -3.661341453130925656e+05 -0.000000000000000000e+00
-6.405759110744624631e+05 -3.698366746952307294e+05 -0.000000000000000000e+00
-6.453578366779254284e+05 -3.725975207296347944e+05 -0.000000000000000000e+00
-6.501614863983952673e+05 -3.753709091888407129e+05 -0.000000000000000000e+00
-6.552039882202275330e+05 -3.782821989730647765e+05 -0.000000000000000000e+00
-6.603773293869799236e+05 -3.812690288882990717e+05 -0.000000000000000000e+00
-6.654599288627308561e+05 -3.842034690638068714e+05 -0.000000000000000000e+00
-6.700834077911404893e+05 -3.868728358677167562e+05 -0.000000000000000000e+00
-6.739273885369624477e+05 -3.890921591860767803e+05 -0.000000000000000000e+00
-6.770842335857559228e+05 -3.909147645247876644e+05 -0.000000000000000000e+00
-6.797155825274951058e+05 -3.924339745446325978e+05 -0.000000000000000000e+00
-6.827386994726075791e+05 -3.941793719266850385e+05 -0.000000000000000000e+00
-6.859482442621496739e+05 -3.960324034749033162e+05 -0.000000000000000000e+00
-6.885909265049770474e+05 -3.975581567791823181e+05 -0.000000000000000000e+00
-6.890059501387326745e+05 -3.977977707858512294e+05 -0.000000000000000000e+00
-6.867967802897972288e+05 -3.965223059788827086e+05 -0.000000000000000000e+00
-6.849339015925602289e+05 -3.954467724615653278e+05 -0.000000000000000000e+00
-6.849706586966051254e+05 -3.954679941854802892e+05 -0.000000000000000000e+00
-6.850527272560150595e+05 -3.955153764903476113e+05 -0.000000000000000000e+00
-6.778791884503501933e+05 -3.913737319298547809e+05 -0.000000000000000000e+00
-6.703319533235611161e+05 -3.870163336977657164e+05 -0.000000000000000000e+00
-6.627792417496981798e+05 -3.826557736374842934e+05 -0.000000000000000000e+00
-6.546566121651175199e+05 -3.779661712602990447e+05 -0.000000000000000000e+00
-6.460768817461342551e+05 -3.730126615933246794e+05 -0.000000000000000000e+00
-6.382085405397893628e+05 -3.684698726797655690e+05 -0.000000000000000000e+00
-6.308206932659771992e+05 -3.642044970674982760e+05 -0.000000000000000000e+00
-6.221463671928426484e+05 -3.591963725741354865e+05 -0.000000000000000000e+00
-6.129057042540637776e+05 -3.538612733389409259e+05 -0.000000000000000000e+00
-6.026713235144333448e+05 -3.479524508639261476e+05 -0.000000000000000000e+00
-5.958582561122964835e+05 -3.440189245652953396e+05 -0.000000000000000000e+00
-5.931220202691658633e+05 -3.424391580646975781e+05 -0.000000000000000000e+00
-5.907717572062481195e+05 -3.410822330526555888e+05 -0.000000000000000000e+00
-5.921593448713566177e+05 -3.418833571646302007e+05 -0.000000000000000000e+00
-5.941294326461557066e+05 -3.430207878717376152e+05 -0.000000000000000000e+00
-5.952830346799690742e+05 -3.436868203164975275e+05 -0.000000000000000000e+00
-5.952371843951569172e+05 -3.436603486422187998e+05 -0.000000000000000000e+00
-6.049604921095808968e+05 -3.492741029685550020e+05 -0.000000000000000000e+00
-6.079777686580427689e+05 -3.510161283960290020e+05 -0.000000000000000000e+00
-6.106241513959581498e+05 -3.525440181821432780e+05 -0.000000000000000000e+00
-6.150320946957903216e+05 -3.550889454328739666e+05 -0.000000000000000000e+00
-6.190388092877353774e+05 -3.574022231810994563e+05 -0.000000000000000000e+00
-6.239774891907108249e+05 -3.602535713525236933e+05 -0.000000000000000000e+00
-6.292263243161942810e+05 -3.632839877251535654e+05 -0.000000000000000000e+00
-6.330119527685061330e+05 -3.654696213311476749e+05 -0.000000000000000000e+00
-6.383225869839832885e+05 -3.685357174250210519e+05 -0.000000000000000000e+00
-6.436825414915585425e+05 -3.716302886028137873e+05 -0.000000000000000000e+00
-6.493905285798705881e+05 -3.749257964847816620e+05 -0.000000000000000000e+00
-6.544477677864355501e+05 -3.778455949020482949e+05 -0.000000000000000000e+00
-6.588908767810661811e+05 -3.804108250761371455e+05 -0.000000000000000000e+00
-6.623830884983879514e+05 -3.824270544512000051e+05 -0.000000000000000000e+00
-6.660158107479119208e+05 -3.845244076198537950e+05 -0.000000000000000000e+00
-6.704895054568446940e+05 -3.871072964643283631e+05 -0.000000000000000000e+00
-6.746403035298241302e+05 -3.895037608491147985e+05 -0.000000000000000000e+00
-6.786833012300487608e+05 -3.918379866596725769e+05 -0.000000000000000000e+00
-6.830648084389970172e+05 -3.943676510262151132e+05 -0.000000000000000000e+00
-6.827900982618376147e+05 -3.942090470314829727e+05 -0.000000000000000000e+00
-6.862133167232255219e+05 -3.961854431316602277e+05 -0.000000000000000000e+00
-6.888319034625790082e+05 -3.976972848905223073e+05 -0.000000000000000000e+00
-6.861471549640969606e+05 -3.961472446222172584e+05 -0.000000000000000000e+00
-6.839999650083702290e+05 -3.949075639232771937e+05 -0.000000000000000000e+00
-6.815118389398738509e+05 -3.934710436678530532e+05 -0.000000000000000000e+00
-6.785779494245526148e+05 -3.917771617664097575e+05 -0.000000000000000000e+00
-6.747809406518264441e+05 -3.895849577293609036e+05 -0.000000000000000000e+00
-6.708004918016993906e+05 -3.872868445142445271e+05 -0.000000000000000000e+00
-6.645650223638792522e+05 -3.836867945557953790e+05 -0.000000000000000000e+00
-6.555191579003544757e+05 -3.784641622727264767e+05 -0.000000000000000000e+00
-6.477114270025413716e+05 -3.739563667371139163e+05 -0.000000000000000000e+00
-6.408081956982932752e+05 -3.699707842853280017e+05 -0.000000000000000000e+00
-6.332517627579062246e+05 -3.656080756930821808e+05 -0.000000000000000000e+00
-6.252413495975104161e+05 -3.609832614986075787e+05 -0.000000000000000000e+00
-6.181249944609228987e+05 -3.568746319448497961e+05 -0.000000000000000000e+00
-6.112930035305975471e+05 -3.529301801421253476e+05 -0.000000000000000000e+00
-6.034545799873211654e+05 -3.484046641993924277e+05 -0.000000000000000000e+00
-5.968406086747810477e+05 -3.445860860816849745e+05 -0.000000000000000000e+00
-5.935760850744087948e+05 -3.427013125022341264e+05 -0.000000000000000000e+00
-5.905626123087618034e+05 -3.409614831897922559e+05 -0.000000000000000000e+00
-5.919656543515848462e+05 -3.417715298909004778e+05 -0.000000000000000000e+00
-5.939515607565777609e+05 -3.429180934884085436e+05 -0.000000000000000000e+00
-5.954612043214888545e+05 -3.437896866069903481e+05 -0.000000000000000000e+00
-5.984710606825003633e+05 -3.455274279872424668e+05 -0.000000000000000000e+00
-6.019817937221479369e+05 -3.475543506527359132e+05 -0.000000000000000000e+00
-6.043802965256470488e+05 -3.489391268919882132e+05 -0.000000000000000000e+00
-6.053955077001182362e+05 -3.495252593368534581e+05 -0.000000000000000000e+00
-6.211601033973188605e+05 -3.586269529062978108e+05 -0.000000000000000000e+00
-6.248933817091394449e+05 -3.607823621445872122e+05 -0.000000000000000000e+00
-6.304218043819267768e+05 -3.639741984629150247e+05 -0.000000000000000000e+00
-6.341049169886800228e+05 -3.661006445178797585e+05 -0.000000000000000000e+00
-6.400693711601690156e+05 -3.695442237393580726e+05 -0.000000000000000000e+00
-6.858370448518185876e+05 -3.959682024654149427e+05 -0.000000000000000000e+00
-6.913853940952257253e+05 -3.991715433946540579e+05 -0.000000000000000000e+00
-5.854542010186163243e+05 -3.380121405562954023e+05 -0.000000000000000000e+00
-6.434364073968073353e+05 -3.714881830169524765e+05 -0.000000000000000000e+00
-6.479058241384886205e+05 -3.740686019758827752e+05 -0.000000000000000000e+00
-6.523913241745352279e+05 -3.766583066291443538e+05 -0.000000000000000000e+00
-6.569985235999535071e+05 -3.793182744576198747e+05 -0.000000000000000000e+00
-6.616993590193918208e+05 -3.820323030524487258e+05 -0.000000000000000000e+00
-6.660118164658437017e+05 -3.845221015200265101e+05 -0.000000000000000000e+00
-6.695180561845670454e+05 -3.865464299654748174e+05 -0.000000000000000000e+00
-6.721783845749730244e+05 -3.880823712778085028e+05 -0.000000000000000000e+00
-6.744751853305996628e+05 -3.894084298123444314e+05 -0.000000000000000000e+00
-6.775225903484696755e+05 -3.911678499197415658e+05 -0.000000000000000000e+00
-6.806943934789421037e+05 -3.929990913109362591e+05 -0.000000000000000000e+00
-6.840085774007289438e+05 -3.949125362903238274e+05 -0.000000000000000000e+00
-6.799987139109465061e+05 -3.925974405250843265e+05 -0.000000000000000000e+00
-6.769728328272971557e+05 -3.908504472669035313e+05 -0.000000000000000000e+00
-6.764928547710654093e+05 -3.905733318069330417e+05 -0.000000000000000000e+00
-6.756207778193157865e+05 -3.900698379440863500e+05 -0.000000000000000000e+00
-6.703808078287899261e+05 -3.870445398595106672e+05 -0.000000000000000000e+00
-6.632739387369031319e+05 -3.829413870762143633e+05 -0.000000000000000000e+00
-6.564931236930182204e+05 -3.790264816853023949e+05 -0.000000000000000000e+00
-6.489817210644440493e+05 -3.746897713557034149e+05 -0.000000000000000000e+00
-6.414088878389709862e+05 -3.703175940544484183e+05 -0.000000000000000000e+00
-6.340526147426632233e+05 -3.660704478020627284e+05 -0.000000000000000000e+00
-6.266099736315847840e+05 -3.617734369530997938e+05 -0.000000000000000000e+00
-6.385315075539145619e+05 -3.686563377723101294e+05 -0.000000000000000000e+00
-6.376472953906153562e+05 -3.681458376418086118e+05 -0.000000000000000000e+00
-6.419395647399823647e+05 -3.706239805061000516e+05 -0.000000000000000000e+00
-6.460033194518215023e+05 -3.729701903829009389e+05 -0.000000000000000000e+00
-6.500487741324002855e+05 -3.753058347317275475e+05 -0.000000000000000000e+00
-6.540239905502772890e+05 -3.776009270006758743e+05 -0.000000000000000000e+00
-6.580635666235571261e+05 -3.799331773339959327e+05 -0.000000000000000000e+00
-6.620239157897419063e+05 -3.822196859911776264e+05 -0.000000000000000000e+00
-6.653708959542479133e+05 -3.841520658901275019e+05 -0.000000000000000000e+00
-6.675886584215760231e+05 -3.854324916476380313e+05 -0.000000000000000000e+00
-6.695807298534417059e+05 -3.865826146250706515e+05 -0.000000000000000000e+00
-6.726906203195692506e+05 -3.883781107228396577e+05 -0.000000000000000000e+00
-6.697857094099579845e+05 -3.867009596272037015e+05 -0.000000000000000000e+00
-6.689365519582341658e+05 -3.862106983438666211e+05 -0.000000000000000000e+00
-6.678892180542941205e+05 -3.856060198324954254e+05 -0.000000000000000000e+00
-6.630567576969329966e+05 -3.828159975443247240e+05 -0.000000000000000000e+00
-6.570498175873714499e+05 -3.793478890550634242e+05 -0.000000000000000000e+00
-6.512468084557312541e+05 -3.759975201708010864e+05 -0.000000000000000000e+00
-6.446717080892769154e+05 -3.722013842042798642e+05 -0.000000000000000000e+00
-6.378454078165990068e+05 -3.682602179042801145e+05 -0.000000000000000000e+00
-6.303916270852633752e+05 -3.639567755925630336e+05 -0.000000000000000000e+00
-6.222599856913239928e+05 -3.592619702448185999e+05 -0.000000000000000000e+00
-6.126094092508309986e+05 -3.536902073390649166e+05 -0.000000000000000000e+00
-6.103051635076578241e+05 -3.523598504389648442e+05 -0.000000000000000000e+00
-6.078444608189431019e+05 -3.509391630792397191e+05 -0.000000000000000000e+00
-6.040413282024736982e+05 -3.487434234393573133e+05 -0.000000000000000000e+00
-6.016767216964416439e+05 -3.473782172365721781e+05 -0.000000000000000000e+00
-6.033562475688526174e+05 -3.483478919511195854e+05 -0.000000000000000000e+00
-6.053565465952792438e+05 -3.495027651324867038e+05 -0.000000000000000000e+00
-6.068103236054823501e+05 -3.503421036806691554e+05 -0.000000000000000000e+00
-6.051409464255673811e+05 -3.493782883164662635e+05 -0.000000000000000000e+00
-6.702953851360444678e+05 -3.869952210448591504e+05 -0.000000000000000000e+00
-6.647601711715700803e+05 -3.837994637724477216e+05 -0.000000000000000000e+00
-6.636599687712067971e+05 -3.831642616204348742e+05 -0.000000000000000000e+00
-6.624446367578984937e+05 -3.824625893553965725e+05 -0.000000000000000000e+00
-6.613332017044270178e+05 -3.818209020280880504e+05 -0.000000000000000000e+00
-6.111642136863979977e+05 -3.528558232909078943e+05 -0.000000000000000000e+00
-6.162500800481537590e+05 -3.557921496039300109e+05 -0.000000000000000000e+00
-6.095781990613386733e+05 -3.519401373201911920e+05 -0.000000000000000000e+00
-6.204900857532341033e+05 -3.582401180391237140e+05 -0.000000000000000000e+00
-6.185086373840399319e+05 -3.570961282897840720e+05 -0.000000000000000000e+00
-6.194588979308146518e+05 -3.576447614722647704e+05 -0.000000000000000000e+00
-6.225848793128654361e+05 -3.594495476646735333e+05 -0.000000000000000000e+00
-6.247803135442608036e+05 -3.607170822091578157e+05 -0.000000000000000000e+00
-6.188967899987197015e+05 -3.573202283063561190e+05 -0.000000000000000000e+00
-6.120877756749840919e+05 -3.533890420536313322e+05 -0.000000000000000000e+00
-6.288460761795588769e+05 -3.630644513611082803e+05 -0.000000000000000000e+00
-6.273544037097390974e+05 -3.622032338591150474e+05 -0.000000000000000000e+00
-6.270479652619510889e+05 -3.620263115387946018e+05 -0.000000000000000000e+00
-6.284611062924568541e+05 -3.628421888931600261e+05 -0.000000000000000000e+00
-6.299858386778470594e+05 -3.637224935463071452e+05 -0.000000000000000000e+00
-6.313622862697126111e+05 -3.645171859339961666e+05 -0.000000000000000000e+00
-6.265760580897899345e+05 -3.617538558059148490e+05 -0.000000000000000000e+00
-6.208813539120913483e+05 -3.584660168159652967e+05 -0.000000000000000000e+00
-6.141299533744108630e+05 -3.545680938981284271e+05 -0.000000000000000000e+00
-6.359530172706028679e+05 -3.671676457131372881e+05 -0.000000000000000000e+00
-6.344728779985447181e+05 -3.663130869059764082e+05 -0.000000000000000000e+00
-6.334847853189297020e+05 -3.657426113314163522e+05 -0.000000000000000000e+00
-6.336740152453694027e+05 -3.658518632803850924e+05 -0.000000000000000000e+00
-6.343963142462543910e+05 -3.662688828029814176e+05 -0.000000000000000000e+00
-6.352206222241179785e+05 -3.667447972358961124e+05 -0.000000000000000000e+00
-6.364004234533867566e+05 -3.674259557932046591e+05 -0.000000000000000000e+00
-6.329783934129436966e+05 -3.654502458281798754e+05 -0.000000000000000000e+00
-6.286140824829229387e+05 -3.629305097379051731e+05 -0.000000000000000000e+00
-6.231220321245716186e+05 -3.597596729851080454e+05 -0.000000000000000000e+00
-6.161309673159351805e+05 -3.557233798359197099e+05 -0.000000000000000000e+00
-6.421874205301849870e+05 -3.707670801132937195e+05 -0.000000000000000000e+00
-6.403601175256114220e+05 -3.697120862317121937e+05 -0.000000000000000000e+00
-6.388955005699062021e+05 -3.688664892380760866e+05 -0.000000000000000000e+00
-6.381537775535992114e+05 -3.684382552549470565e+05 -0.000000000000000000e+00
-6.380498751643209253e+05 -3.683782671825278085e+05 -0.000000000000000000e+00
-6.383468785522627877e+05 -3.685497421685063164e+05 -0.000000000000000000e+00
-6.390505496540569002e+05 -3.689560068685480510e+05 -0.000000000000000000e+00
-6.401868771432442591e+05 -3.696120658503179438e+05 -0.000000000000000000e+00
-6.380273394849022152e+05 -3.683652562019490288e+05 -0.000000000000000000e+00
-6.351421328303674236e+05 -3.666994813632856822e+05 -0.000000000000000000e+00
-6.314053941004947992e+05 -3.645420742517024628e+05 -0.000000000000000000e+00
-6.266056005420720903e+05 -3.617709121486924705e+05 -0.000000000000000000e+00
-6.203067998755188892e+05 -3.581342978882861789e+05 -0.000000000000000000e+00
-6.133394269083841937e+05 -3.541116832301664399e+05 -0.000000000000000000e+00
-6.161893678657015553e+05 -3.557570974090481177e+05 -0.000000000000000000e+00
-6.212089907668402884e+05 -3.586551780422510346e+05 -0.000000000000000000e+00
-6.251641838256227784e+05 -3.609387098194360151e+05 -0.000000000000000000e+00
-6.289926684884664137e+05 -3.631490864701171522e+05 -0.000000000000000000e+00
-6.338455954076690832e+05 -3.659509251332763815e+05 -0.000000000000000000e+00
-6.416598667331046890e+05 -3.704624967865374056e+05 -0.000000000000000000e+00
-6.479143307386583183e+05 -3.740735132637806237e+05 -0.000000000000000000e+00
-6.534527296303178882e+05 -3.772711093547597993e+05 -0.000000000000000000e+00
-6.584288911433101166e+05 -3.801440975438168971e+05 -0.000000000000000000e+00
-6.479836477148429258e+05 -3.741135334386402392e+05 -0.000000000000000000e+00
-6.456056268861661665e+05 -3.727405824730651802e+05 -0.000000000000000000e+00
-6.436050941532042343e+05 -3.715855743611669168e+05 -0.000000000000000000e+00
-6.421941430509460624e+05 -3.707709613624647609e+05 -0.000000000000000000e+00
-6.413424470019587316e+05 -3.702792344193141907e+05 -0.000000000000000000e+00
-6.410465963755478151e+05 -3.701084249805159052e+05 -0.000000000000000000e+00
-6.412080798611406935e+05 -3.702016575143926893e+05 -0.000000000000000000e+00
-6.418215223997996654e+05 -3.705558287292197929e+05 -0.000000000000000000e+00
-6.428334837587039219e+05 -3.711400848921926226e+05 -0.000000000000000000e+00
-6.417101934661876876e+05 -3.704915529394303448e+05 -0.000000000000000000e+00
-6.401175420526089147e+05 -3.695720352170753758e+05 -0.000000000000000000e+00
-6.379002615052362671e+05 -3.682918876961808419e+05 -0.000000000000000000e+00
-6.349449797513042577e+05 -3.665856549800170469e+05 -0.000000000000000000e+00
-6.311433741702823900e+05 -3.643907969744612346e+05 -0.000000000000000000e+00
-6.263973391336913919e+05 -3.616506723685020697e+05 -0.000000000000000000e+00
-6.209487356436001137e+05 -3.585049196767903049e+05 -0.000000000000000000e+00
-6.528419239870430902e+05 -3.769184605521925841e+05 -0.000000000000000000e+00
-6.499093730671930825e+05 -3.752253514892048552e+05 -0.000000000000000000e+00
-6.474970037039049203e+05 -3.738325693879256141e+05 -0.000000000000000000e+00
-6.455896834238229785e+05 -3.727313775107894908e+05 -0.000000000000000000e+00
-6.442111768516954035e+05 -3.719354963702919777e+05 -0.000000000000000000e+00
-6.433451961795691168e+05 -3.714355221961268689e+05 -0.000000000000000000e+00
-6.429871149313295027e+05 -3.712287838910639402e+05 -0.000000000000000000e+00
-6.431386743127298541e+05 -3.713162867407136364e+05 -0.000000000000000000e+00
-6.436899151724899421e+05 -3.716345457994844764e+05 -0.000000000000000000e+00
-6.445087062175277388e+05 -3.721072750297471066e+05 -0.000000000000000000e+00
-6.440946574961871374e+05 -3.718682238890234730e+05 -0.000000000000000000e+00
-6.434575986079305876e+05 -3.715004177683989401e+05 -0.000000000000000000e+00
-6.424403763764394680e+05 -3.709131242392218555e+05 -0.000000000000000000e+00
-6.408853877976983786e+05 -3.700153511646988918e+05 -0.000000000000000000e+00
-6.386074984363534022e+05 -3.687002111287421430e+05 -0.000000000000000000e+00
-6.355972588703382062e+05 -3.669622485049780225e+05 -0.000000000000000000e+00
-6.318666225734426407e+05 -3.648083646347167669e+05 -0.000000000000000000e+00
-6.269810505617340095e+05 -3.619876783186115208e+05 -0.000000000000000000e+00
-6.559250397718490567e+05 -3.786984982804930769e+05 -0.000000000000000000e+00
-6.525797624607101316e+05 -3.767671015243930742e+05 -0.000000000000000000e+00
-6.500293311570677906e+05 -3.752946093246854725e+05 -0.000000000000000000e+00
-6.478904341248353012e+05 -3.740597165473572095e+05 -0.000000000000000000e+00
-6.462462944403481670e+05 -3.731104720579331624e+05 -0.000000000000000000e+00
-6.450625301037356257e+05 -3.724270253995328676e+05 -0.000000000000000000e+00
-6.443650008625584887e+05 -3.720243067043715855e+05 -0.000000000000000000e+00
-6.441736671632913640e+05 -3.719138401415947010e+05 -0.000000000000000000e+00
-6.443590253161486471e+05 -3.720208567210432957e+05 -0.000000000000000000e+00
-6.448101534014543286e+05 -3.722813156425335910e+05 -0.000000000000000000e+00
-6.454787527305287076e+05 -3.726673316451546852e+05 -0.000000000000000000e+00
-6.455051005137466127e+05 -3.726825435448880889e+05 -0.000000000000000000e+00
-6.454659717884883285e+05 -3.726599525648271665e+05 -0.000000000000000000e+00
-6.452657767449606908e+05 -3.725443699025560636e+05 -0.000000000000000000e+00
-6.447572574215780478e+05 -3.722507761343129096e+05 -0.000000000000000000e+00
-6.437604468070250005e+05 -3.716752672576696496e+05 -0.000000000000000000e+00
-6.420555827275578631e+05 -3.706909635224575759e+05 -0.000000000000000000e+00
-6.397194797027816530e+05 -3.693422138122483739e+05 -0.000000000000000000e+00
-6.365408667284598341e+05 -3.675070407558740117e+05 -0.000000000000000000e+00
-6.316124927852376131e+05 -3.646616427330875304e+05 -0.000000000000000000e+00
-6.347919277793919900e+05 -3.664972903828334529e+05 -0.000000000000000000e+00
-6.421328032088399632e+05 -3.707355467881127843e+05 -0.000000000000000000e+00
-6.477809819655544125e+05 -3.739965243137329817e+05 -0.000000000000000000e+00
-6.529163637191628804e+05 -3.769614383515703375e+05 -0.000000000000000000e+00
-6.615685594599168980e+05 -3.819567858915759716e+05 -0.000000000000000000e+00
-6.579958875376883661e+05 -3.798941027955511236e+05 -0.000000000000000000e+00
-6.629694760454547359e+05 -3.827656054593484732e+05 -0.000000000000000000e+00
-6.666488846951442538e+05 -3.848899130337053211e+05 -0.000000000000000000e+00
-6.847594424122343771e+05 -3.953460484068415826e+05 -0.000000000000000000e+00
-6.773320466364948079e+05 -3.910578394563404727e+05 -0.000000000000000000e+00
-6.774966008753273636e+05 -3.911528448904267279e+05 -0.000000000000000000e+00
-6.744020339229045203e+05 -3.893661958274200442e+05 -0.000000000000000000e+00
-6.719143382056000410e+05 -3.879299240353724454e+05 -0.000000000000000000e+00
-6.691321243987972848e+05 -3.863236121450717910e+05 -0.000000000000000000e+00
-6.656785955527503975e+05 -3.843297163361524581e+05 -0.000000000000000000e+00
-6.713129111253659939e+05 -3.875826899487014161e+05 -0.000000000000000000e+00
-6.667045924029048765e+05 -3.849220758937768987e+05 -0.000000000000000000e+00
-6.636600320597750833e+05 -3.831642981601068168e+05 -0.000000000000000000e+00
-6.609776710955860326e+05 -3.816156363353685592e+05 -0.000000000000000000e+00
-6.572635623163183918e+05 -3.794712946318588220e+05 -0.000000000000000000e+00
-6.712980912966956384e+05 -3.875741337166292360e+05 -0.000000000000000000e+00
-6.758544891022219090e+05 -3.902047712161848322e+05 -0.000000000000000000e+00
-6.755294829737687251e+05 -3.900171288404341321e+05 -0.000000000000000000e+00
-6.794158120279717259e+05 -3.922609019660376944e+05 -0.000000000000000000e+00
-6.820994827305239160e+05 -3.938103199685724685e+05 -0.000000000000000000e+00
-6.713190327369017759e+05 -3.875862242627694504e+05 -0.000000000000000000e+00
-6.662961320709511638e+05 -3.846862512111701071e+05 -0.000000000000000000e+00
-6.693913909508740762e+05 -3.864732997587051941e+05 -0.000000000000000000e+00
-6.728193871209077770e+05 -3.884524542702551698e+05 -0.000000000000000000e+00
-6.750661102860566461e+05 -3.897496004944484448e+05 -0.000000000000000000e+00
-6.330240548388957977e+05 -3.654766084647449316e+05 -0.000000000000000000e+00
-6.329413013300383464e+05 -3.654288307041297085e+05 -0.000000000000000000e+00
-6.336345392523985356e+05 -3.658290718052168377e+05 -0.000000000000000000e+00
-6.378440876167850802e+05 -3.682594556865621125e+05 -0.000000000000000000e+00
-6.417039470755964285e+05 -3.704879465841409983e+05 -0.000000000000000000e+00
-6.452158464420831297e+05 -3.725155426287489827e+05 -0.000000000000000000e+00
-6.486055437080831034e+05 -3.744725852577454061e+05 -0.000000000000000000e+00
-6.518461931813706178e+05 -3.763435751034971327e+05 -0.000000000000000000e+00
-6.551989969109831145e+05 -3.782793172393289278e+05 -0.000000000000000000e+00
-6.587282558332491899e+05 -3.803169358281391324e+05 -0.000000000000000000e+00
-6.617056872874675319e+05 -3.820359566797257285e+05 -0.000000000000000000e+00
-6.634138702493685996e+05 -3.830221765726044541e+05 -0.000000000000000000e+00
-6.597496495106833754e+05 -3.809066377427543048e+05 -0.000000000000000000e+00
-6.586140781290888553e+05 -3.802510152999066631e+05 -0.000000000000000000e+00
-6.573719237876136322e+05 -3.795338571564808954e+05 -0.000000000000000000e+00
-6.273600839341912651e+05 -3.622065133382315398e+05 -0.000000000000000000e+00
-6.278041151771446457e+05 -3.624628748958793003e+05 -0.000000000000000000e+00
-6.293006974666537717e+05 -3.633269270835918142e+05 -0.000000000000000000e+00
-6.319886508901132038e+05 -3.648788177161953063e+05 -0.000000000000000000e+00
-6.353647773801377043e+05 -3.668280252540291985e+05 -0.000000000000000000e+00
-6.388745136735667475e+05 -3.688543724478250369e+05 -0.000000000000000000e+00
-6.423227723202779889e+05 -3.708452255057392176e+05 -0.000000000000000000e+00
-6.452649026763237780e+05 -3.725438652587932302e+05 -0.000000000000000000e+00
-6.480081991554707056e+05 -3.741277082194956602e+05 -0.000000000000000000e+00
-6.504871814143677475e+05 -3.755589492939861375e+05 -0.000000000000000000e+00
-6.531661839646163862e+05 -3.771056721375319175e+05 -0.000000000000000000e+00
-6.561746464657798642e+05 -3.788426087724255631e+05 -0.000000000000000000e+00
-6.586910717101654736e+05 -3.802954675646671676e+05 -0.000000000000000000e+00
-6.598323343802888412e+05 -3.809543758744789520e+05 -0.000000000000000000e+00
-6.599504272466574330e+05 -3.810225568226661999e+05 -0.000000000000000000e+00
-6.214440839508600766e+05 -3.587909091553294566e+05 -0.000000000000000000e+00
-6.235600931197071914e+05 -3.600125876185710658e+05 -0.000000000000000000e+00
-6.271797288840780966e+05 -3.621023853014989872e+05 -0.000000000000000000e+00
-6.311822974787526764e+05 -3.644132693570842966e+05 -0.000000000000000000e+00
-6.349989235826284857e+05 -3.666167994655531948e+05 -0.000000000000000000e+00
-6.380981483884183690e+05 -3.684061377414551098e+05 -0.000000000000000000e+00
-6.168473272322562989e+05 -3.561369704264443717e+05 -0.000000000000000000e+00
-6.757436467296100454e+05 -3.901407763425197918e+05 -0.000000000000000000e+00
-5.980900536564991344e+05 -3.453074534782175324e+05 -0.000000000000000000e+00
-6.818682632251180476e+05 -3.936768253248844994e+05 -0.000000000000000000e+00
-6.674609633076161845e+05 -3.853587668392191408e+05 -0.000000000000000000e+00
-6.645848355551569257e+05 -3.836982337071130751e+05 -0.000000000000000000e+00
-6.687894247888417449e+05 -3.861257544330128003e+05 -0.000000000000000000e+00
-6.633872724558488699e+05 -3.830068203293560073e+05 -0.000000000000000000e+00
-6.583853567951181903e+05 -3.801189629761693068e+05 -0.000000000000000000e+00
-6.572449056868567131e+05 -3.794605232218169258e+05 -0.000000000000000000e+00
-6.540901212965068407e+05 -3.776391076048132381e+05 -0.000000000000000000e+00
-6.500038196971634170e+05 -3.752798802764422726e+05 -0.000000000000000000e+00
-6.460350514990695519e+05 -3.729885108889215626e+05 -0.000000000000000000e+00
-6.544231871445600409e+05 -3.778314032618445926e+05 -0.000000000000000000e+00
-6.419450296359841013e+05 -3.706271356652777176e+05 -0.000000000000000000e+00
-6.364733155155236600e+05 -3.674680400449012523e+05 -0.000000000000000000e+00
-6.298715216888611903e+05 -3.636564926019432023e+05 -0.000000000000000000e+00
-6.538811927465137560e+05 -3.775184826502333162e+05 -0.000000000000000000e+00
-6.513124551894713659e+05 -3.760354213301973650e+05 -0.000000000000000000e+00
-6.491524026161717484e+05 -3.747883143955391133e+05 -0.000000000000000000e+00
-6.474283561133241747e+05 -3.737929356830246397e+05 -0.000000000000000000e+00
-6.461013828171343775e+05 -3.730268072932619834e+05 -0.000000000000000000e+00
-6.452403333754672203e+05 -3.725296801663298975e+05 -0.000000000000000000e+00
-6.448389127495266730e+05 -3.722979198598848307e+05 -0.000000000000000000e+00
-6.447676059039130341e+05 -3.722567508333747392e+05 -0.000000000000000000e+00
-6.449428262931971112e+05 -3.723579143722954323e+05 -0.000000000000000000e+00
-6.453489020603348035e+05 -3.725923623257637373e+05 -0.000000000000000000e+00
-6.460799473284283886e+05 -3.730144315080873785e+05 -0.000000000000000000e+00
-6.464328233572441386e+05 -3.732181645783146960e+05 -0.000000000000000000e+00
-6.467276662343298085e+05 -3.733883921927688061e+05 -0.000000000000000000e+00
-6.470234791049938649e+05 -3.735591798332764301e+05 -0.000000000000000000e+00
-6.472047593267461052e+05 -3.736638420181038091e+05 -0.000000000000000000e+00
-6.471047450951999053e+05 -3.736060987745978637e+05 -0.000000000000000000e+00
-6.465328868217995623e+05 -3.732759362465118757e+05 -0.000000000000000000e+00
-6.452427010284821736e+05 -3.725310471314354218e+05 -0.000000000000000000e+00
-6.436928747369111516e+05 -3.716362545047997264e+05 -0.000000000000000000e+00
-6.549469931492612232e+05 -3.781338227996619535e+05 -0.000000000000000000e+00
-6.522368543137612287e+05 -3.765691234134447877e+05 -0.000000000000000000e+00
-6.499694870219239965e+05 -3.752600582971508265e+05 -0.000000000000000000e+00
-6.481353751617718954e+05 -3.742011333209681325e+05 -0.000000000000000000e+00
-6.466586736567366170e+05 -3.733485593095232616e+05 -0.000000000000000000e+00
-6.456859274272363400e+05 -3.727869440120680956e+05 -0.000000000000000000e+00
-6.451300052115594735e+05 -3.724659821711985278e+05 -0.000000000000000000e+00
-6.448460099694660166e+05 -3.723020174417273374e+05 -0.000000000000000000e+00
-6.450537347518816823e+05 -3.724219474007723620e+05 -0.000000000000000000e+00
-6.455317261662507663e+05 -3.726979158725286834e+05 -0.000000000000000000e+00
-6.464086239506836282e+05 -3.732041930444227764e+05 -0.000000000000000000e+00
-6.472421400593668222e+05 -3.736854237941449392e+05 -0.000000000000000000e+00
-6.478069534535976127e+05 -3.740115189593459945e+05 -0.000000000000000000e+00
-6.483621895569184562e+05 -3.743320846730620833e+05 -0.000000000000000000e+00
-6.489729922707397491e+05 -3.746847317843085038e+05 -0.000000000000000000e+00
-6.494638679923627060e+05 -3.749681390143262106e+05 -0.000000000000000000e+00
-6.496463239458487369e+05 -3.750734800081865978e+05 -0.000000000000000000e+00
-6.493798652331401827e+05 -3.749196399986764300e+05 -0.000000000000000000e+00
-6.482618761831619777e+05 -3.742741687197204446e+05 -0.000000000000000000e+00
-6.476235772171812132e+05 -3.739056466398880002e+05 -0.000000000000000000e+00
-6.137254541657863883e+05 -3.543345561711420887e+05 -0.000000000000000000e+00
-6.216791918781722197e+05 -3.589266487804517383e+05 -0.000000000000000000e+00
-6.265915288762165001e+05 -3.617627878686228069e+05 -0.000000000000000000e+00
-6.300492807785442565e+05 -3.637591218602226581e+05 -0.000000000000000000e+00
-6.337281262954795966e+05 -3.658831043097323272e+05 -0.000000000000000000e+00
-6.368582777802733472e+05 -3.676902981120822951e+05 -0.000000000000000000e+00
-6.148754030279752333e+05 -3.549984794562811730e+05 -0.000000000000000000e+00
-6.134401833944165846e+05 -3.541698550144998590e+05 -0.000000000000000000e+00
-6.094762997279763222e+05 -3.518813057126441854e+05 -0.000000000000000000e+00
-6.171319785440331325e+05 -3.563013139379238710e+05 -0.000000000000000000e+00
-6.221708551308569731e+05 -3.592105106917399680e+05 -0.000000000000000000e+00
-6.265078090764189838e+05 -3.617144522196731996e+05 -0.000000000000000000e+00
-6.305013848728553858e+05 -3.640201442807749263e+05 -0.000000000000000000e+00
-6.331393697045235895e+05 -3.655431855334566790e+05 -0.000000000000000000e+00
-6.359365592933360022e+05 -3.671581436955319368e+05 -0.000000000000000000e+00
-6.383541312468717806e+05 -3.685539295136911096e+05 -0.000000000000000000e+00
-6.404926574192715343e+05 -3.697886081749951700e+05 -0.000000000000000000e+00
-6.396200889926020755e+05 -3.692848305589712108e+05 -0.000000000000000000e+00
-6.056332986503848806e+05 -3.496625480060007540e+05 -0.000000000000000000e+00
-6.126295518417587737e+05 -3.537018366693592397e+05 -0.000000000000000000e+00
-6.183703436530504841e+05 -3.570162843669701251e+05 -0.000000000000000000e+00
-6.238764597807382233e+05 -3.601952419954799698e+05 -0.000000000000000000e+00
-6.287311700176190352e+05 -3.629981102575807017e+05 -0.000000000000000000e+00
-6.334371553378740791e+05 -3.657151121490324149e+05 -0.000000000000000000e+00
-6.344429562898948789e+05 -3.662958115994327818e+05 -0.000000000000000000e+00
-6.362811681575935800e+05 -3.673571037160762353e+05 -0.000000000000000000e+00
-6.383490853886367986e+05 -3.685510162860808778e+05 -0.000000000000000000e+00
-6.401745644742961740e+05 -3.696049571275863564e+05 -0.000000000000000000e+00
-6.418244869674352231e+05 -3.705575403231421951e+05 -0.000000000000000000e+00
-6.433976931572582107e+05 -3.714658313403272768e+05 -0.000000000000000000e+00
-6.425403251862266334e+05 -3.709708297114576562e+05 -0.000000000000000000e+00
-6.422979671509346226e+05 -3.708309042345415219e+05 -0.000000000000000000e+00
-6.051780578752006404e+05 -3.493997146219020360e+05 -0.000000000000000000e+00
-6.043313721840756480e+05 -3.489108804102120339e+05 -0.000000000000000000e+00
-6.144969045234607765e+05 -3.547799532428118400e+05 -0.000000000000000000e+00
-6.212747328406872693e+05 -3.586931342462836183e+05 -0.000000000000000000e+00
-6.269530334786012536e+05 -3.619715026481228997e+05 -0.000000000000000000e+00
-6.323825655963091413e+05 -3.651062444778552745e+05 -0.000000000000000000e+00
-6.371405118722135667e+05 -3.678532460410384811e+05 -0.000000000000000000e+00
-6.374567008419507183e+05 -3.680357978278310038e+05 -0.000000000000000000e+00
-6.379293969758587191e+05 -3.683087090679876856e+05 -0.000000000000000000e+00
-6.391651966390323360e+05 -3.690221983361854218e+05 -0.000000000000000000e+00
-6.406030356557255145e+05 -3.698523350795245497e+05 -0.000000000000000000e+00
-6.418791521735884016e+05 -3.705891012946300325e+05 -0.000000000000000000e+00
-6.430629642738887342e+05 -3.712725755294084083e+05 -0.000000000000000000e+00
-6.442122586439417209e+05 -3.719361209433365730e+05 -0.000000000000000000e+00
-6.454782794385885354e+05 -3.726670583899255726e+05 -0.000000000000000000e+00
-6.450252431874288013e+05 -3.724054977883658721e+05 -0.000000000000000000e+00
-6.445707846555061406e+05 -3.721431160326247918e+05 -0.000000000000000000e+00
-6.447812111195778707e+05 -3.722646058083012467e+05 -0.000000000000000000e+00
-6.019475019631544128e+05 -3.475345522964500124e+05 -0.000000000000000000e+00
-6.117346713812907692e+05 -3.531851771946155350e+05 -0.000000000000000000e+00
-6.189261191684133373e+05 -3.573371615103738732e+05 -0.000000000000000000e+00
-6.252222421715115197e+05 -3.609722298210635781e+05 -0.000000000000000000e+00
-6.315666717354449211e+05 -3.646351879376551369e+05 -0.000000000000000000e+00
-6.373619397737975232e+05 -3.679810874996240600e+05 -0.000000000000000000e+00
-6.419812317273952067e+05 -3.706480369524991838e+05 -0.000000000000000000e+00
-6.410443481063598301e+05 -3.701071269416950527e+05 -0.000000000000000000e+00
-6.407403792761155637e+05 -3.699316304557282710e+05 -0.000000000000000000e+00
-6.406845231500706868e+05 -3.698993819063203409e+05 -0.000000000000000000e+00
-6.414107236776191276e+05 -3.703186539763860637e+05 -0.000000000000000000e+00
-6.423287717402392300e+05 -3.708486892724687932e+05 -0.000000000000000000e+00
-6.431555703237146372e+05 -3.713260416572039248e+05 -0.000000000000000000e+00
-6.439331871861312538e+05 -3.717749989620465785e+05 -0.000000000000000000e+00
-6.447052531546620885e+05 -3.722207514568099868e+05 -0.000000000000000000e+00
-6.456720937800633255e+05 -3.727789571521488833e+05 -0.000000000000000000e+00
-6.469479448873905931e+05 -3.735155701324101537e+05 -0.000000000000000000e+00
-6.470026717467127601e+05 -3.735471666993717081e+05 -0.000000000000000000e+00
-6.468931270588216139e+05 -3.734839210443294724e+05 -0.000000000000000000e+00
-6.466923929517947836e+05 -3.733680271536019864e+05 -0.000000000000000000e+00
-6.470935753313837340e+05 -3.735996499084518291e+05 -0.000000000000000000e+00
-6.037568388263788074e+05 -3.485791734214873286e+05 -0.000000000000000000e+00
-6.137212100004178938e+05 -3.543321058011241257e+05 -0.000000000000000000e+00
-6.239543992778591346e+05 -3.602402403851232375e+05 -0.000000000000000000e+00
-6.304488828753010603e+05 -3.639898322383539053e+05 -0.000000000000000000e+00
-6.400689825835943921e+05 -3.695439993945681490e+05 -0.000000000000000000e+00
-6.446873766118924832e+05 -3.722104304300298099e+05 -0.000000000000000000e+00
-6.487659884022632614e+05 -3.745652180451203603e+05 -0.000000000000000000e+00
-6.457449722509681014e+05 -3.728210335569438757e+05 -0.000000000000000000e+00
-6.442301458461683942e+05 -3.719464481243572081e+05 -0.000000000000000000e+00
-6.435130089103089413e+05 -3.715324089213929255e+05 -0.000000000000000000e+00
-6.429878169320963789e+05 -3.712291891913956497e+05 -0.000000000000000000e+00
-6.430912691173591884e+05 -3.712889173384054448e+05 -0.000000000000000000e+00
-6.435097498238652479e+05 -3.715305272869573673e+05 -0.000000000000000000e+00
-6.444003896564693423e+05 -3.720447384340623394e+05 -0.000000000000000000e+00
-6.444922207468785346e+05 -3.720977571388300275e+05 -0.000000000000000000e+00
-6.449607346218845341e+05 -3.723682537506838562e+05 -0.000000000000000000e+00
-6.458476496858659666e+05 -3.728803144016218721e+05 -0.000000000000000000e+00
-6.476948374067995464e+05 -3.739467887295466498e+05 -0.000000000000000000e+00
-6.488302413670020178e+05 -3.746023145116085070e+05 -0.000000000000000000e+00
-6.496739804632087471e+05 -3.750894475059292745e+05 -0.000000000000000000e+00
-6.505602829998722300e+05 -3.756011545140553499e+05 -0.000000000000000000e+00
-6.514837822897019796e+05 -3.761343370776349911e+05 -0.000000000000000000e+00
-6.520958032351791626e+05 -3.764876875352559146e+05 -0.000000000000000000e+00
-6.524618338236960117e+05 -3.766990153940677992e+05 -0.000000000000000000e+00
-6.525805289037590846e+05 -3.767675440304937074e+05 -0.000000000000000000e+00
-6.565451465842382750e+05 -3.790565171155522694e+05 -0.000000000000000000e+00
-6.605050297366942978e+05 -3.813427567195822485e+05 -0.000000000000000000e+00
-6.672679448732832680e+05 -3.852473275941984612e+05 -0.000000000000000000e+00
-6.063187704207232455e+05 -3.500583053171274951e+05 -0.000000000000000000e+00
-6.161381319836472394e+05 -3.557275163587519201e+05 -0.000000000000000000e+00
-6.185127358654214768e+05 -3.570984945491129765e+05 -0.000000000000000000e+00
-6.257688226871056249e+05 -3.612877982288756175e+05 -0.000000000000000000e+00
-6.240631266001727199e+05 -3.603030141339292750e+05 -0.000000000000000000e+00
-6.439774593454863643e+05 -3.718005595051678247e+05 -0.000000000000000000e+00
-6.447652296485753031e+05 -3.722553789017158560e+05 -0.000000000000000000e+00
-6.443983678180926945e+05 -3.720435711251313332e+05 -0.000000000000000000e+00
-6.447843367399158888e+05 -3.722664103860447649e+05 -0.000000000000000000e+00
-6.453872871242158581e+05 -3.726145239527283702e+05 -0.000000000000000000e+00
-6.462846093419779791e+05 -3.731325931767031434e+05 -0.000000000000000000e+00
-6.485817065210093278e+05 -3.744588228513716022e+05 -0.000000000000000000e+00
-6.488605204217511928e+05 -3.746197961320187314e+05 -0.000000000000000000e+00
-6.491294451921478612e+05 -3.747750599205989856e+05 -0.000000000000000000e+00
-6.488268270353510743e+05 -3.746003432463107165e+05 -0.000000000000000000e+00
-6.518489108781492105e+05 -3.763451441664638696e+05 -0.000000000000000000e+00
-6.545521404633766506e+05 -3.779058544951762888e+05 -0.000000000000000000e+00
-6.570546427201270126e+05 -3.793506748467587167e+05 -0.000000000000000000e+00
-6.563734197600068292e+05 -3.789573705873551662e+05 -0.000000000000000000e+00
-6.557632418654345674e+05 -3.786050842156703584e+05 -0.000000000000000000e+00
-6.529489100198356900e+05 -3.769802289670248865e+05 -0.000000000000000000e+00
-6.505772664476161590e+05 -3.756109599121821229e+05 -0.000000000000000000e+00
-6.510999966872885125e+05 -3.759127583567705005e+05 -0.000000000000000000e+00
-6.536014027468746062e+05 -3.773569458186250995e+05 -0.000000000000000000e+00
-6.510794605211815797e+05 -3.759009017957405304e+05 -0.000000000000000000e+00
-6.469780021507790079e+05 -3.735329237015185645e+05 -0.000000000000000000e+00
-6.491851107555702329e+05 -3.748071984486255096e+05 -0.000000000000000000e+00
-6.506162123723049881e+05 -3.756334453522850526e+05 -0.000000000000000000e+00
-6.518133524177228101e+05 -3.763246144797647139e+05 -0.000000000000000000e+00
-6.532466058581647230e+05 -3.771521037394207669e+05 -0.000000000000000000e+00
-6.544627585597672733e+05 -3.778542498290667427e+05 -0.000000000000000000e+00
-6.549913609577906318e+05 -3.781594385658598039e+05 -0.000000000000000000e+00
-6.556342496214832645e+05 -3.785306105089017074e+05 -0.000000000000000000e+00
-6.520785788150335429e+05 -3.764777430116482428e+05 -0.000000000000000000e+00
-6.488883980163678061e+05 -3.746358912687749835e+05 -0.000000000000000000e+00
-6.586918378406737465e+05 -3.802959098903223639e+05 -0.000000000000000000e+00
-6.620110832962425193e+05 -3.822122771476014168e+05 -0.000000000000000000e+00
-6.511358976933263475e+05 -3.759334858122706064e+05 -0.000000000000000000e+00
-6.525766424396918155e+05 -3.767653001794182346e+05 -0.000000000000000000e+00
-6.542633975420553470e+05 -3.777391486918248120e+05 -0.000000000000000000e+00
-6.565200011451301398e+05 -3.790419993895143270e+05 -0.000000000000000000e+00
-6.579233971277680248e+05 -3.798522504378699232e+05 -0.000000000000000000e+00
-6.579164594275343698e+05 -3.798482449547724682e+05 -0.000000000000000000e+00
-6.636081026022115257e+05 -3.831343166738036089e+05 -0.000000000000000000e+00
-6.640641270025051199e+05 -3.833976024840701721e+05 -0.000000000000000000e+00
-6.669262266733357683e+05 -3.850500364994718111e+05 -0.000000000000000000e+00
-6.600722556473241420e+05 -3.810928944825860672e+05 -0.000000000000000000e+00
-6.623179250950191636e+05 -3.823894323427237105e+05 -0.000000000000000000e+00
-6.583907111161629437e+05 -3.801220542948658112e+05 -0.000000000000000000e+00
-6.540753226787216263e+05 -3.776305636188513017e+05 -0.000000000000000000e+00
-6.550781360310124001e+05 -3.782095381777433213e+05 -0.000000000000000000e+00
-6.570344979737938847e+05 -3.793390442720405408e+05 -0.000000000000000000e+00
-6.446156079030059045e+05 -3.721689947466347367e+05 -0.000000000000000000e+00
-6.307401824934346369e+05 -3.641580141512982082e+05 -0.000000000000000000e+00
-6.356287343535306863e+05 -3.669804208836720791e+05 -0.000000000000000000e+00
-5.982087387447459623e+05 -3.453759763458656380e+05 -0.000000000000000000e+00
-6.094286776723698713e+05 -3.518538111060204683e+05 -0.000000000000000000e+00
-6.009564217583931750e+05 -3.469623518734425888e+05 -0.000000000000000000e+00
-6.607604291903604753e+05 -3.814902116629073280e+05 -0.000000000000000000e+00
-6.632939267491229111e+05 -3.829529271604500245e+05 -0.000000000000000000e+00
