Mu-Hu               
 0.15000000E+06  0.85351818E+06
 0.14925000E+06  0.85348697E+06
 0.14850000E+06  0.85345554E+06
 0.14775000E+06  0.85342389E+06
 0.14700000E+06  0.85339203E+06
 0.14625000E+06  0.85335995E+06
 0.14550000E+06  0.85332764E+06
 0.14475000E+06  0.85329511E+06
 0.14400000E+06  0.85326236E+06
 0.14325000E+06  0.85322937E+06
 0.14250000E+06  0.85319616E+06
 0.14175000E+06  0.85316271E+06
 0.14100000E+06  0.85312903E+06
 0.14025000E+06  0.85309511E+06
 0.13950000E+06  0.85306095E+06
 0.13875000E+06  0.85302655E+06
 0.13800000E+06  0.85299191E+06
 0.13725000E+06  0.85295702E+06
 0.13650000E+06  0.85292189E+06
 0.13575000E+06  0.85288651E+06
 0.13500000E+06  0.85285087E+06
 0.13425000E+06  0.85281498E+06
 0.13350000E+06  0.85277883E+06
 0.13275000E+06  0.85274243E+06
 0.13200000E+06  0.85270576E+06
 0.13125000E+06  0.85266883E+06
 0.13050000E+06  0.85263163E+06
 0.12975000E+06  0.85259417E+06
 0.12900000E+06  0.85255643E+06
 0.12825000E+06  0.85251842E+06
 0.12750000E+06  0.85248014E+06
 0.12675000E+06  0.85244157E+06
 0.12600000E+06  0.85240272E+06
 0.12525000E+06  0.85236359E+06
 0.12450000E+06  0.85232418E+06
 0.12375000E+06  0.85228447E+06
 0.12300000E+06  0.85224447E+06
 0.12225000E+06  0.85220418E+06
 0.12150000E+06  0.85216359E+06
 0.12075000E+06  0.85212270E+06
 0.12000000E+06  0.85208150E+06
 0.11925000E+06  0.85204000E+06
 0.11850000E+06  0.85199819E+06
 0.11775000E+06  0.85195607E+06
 0.11700000E+06  0.85191363E+06
 0.11625000E+06  0.85187088E+06
 0.11550000E+06  0.85182780E+06
 0.11475000E+06  0.85178440E+06
 0.11400000E+06  0.85174068E+06
 0.11325000E+06  0.85169662E+06
 0.11250000E+06  0.85165223E+06
 0.11175000E+06  0.85160750E+06
 0.11100000E+06  0.85156243E+06
 0.11025000E+06  0.85151702E+06
 0.10950000E+06  0.85147126E+06
 0.10875000E+06  0.85142515E+06
 0.10800000E+06  0.85137869E+06
 0.10725000E+06  0.85133187E+06
 0.10650000E+06  0.85128469E+06
 0.10575000E+06  0.85123714E+06
 0.10500000E+06  0.85118923E+06
 0.10425000E+06  0.85114095E+06
 0.10350000E+06  0.85109229E+06
 0.10275000E+06  0.85104325E+06
 0.10200000E+06  0.85099382E+06
 0.10125000E+06  0.85094402E+06
 0.10050000E+06  0.85089382E+06
 0.99750000E+05  0.85084322E+06
 0.99000000E+05  0.85079223E+06
 0.98250000E+05  0.85074083E+06
 0.97500000E+05  0.85068903E+06
 0.96750000E+05  0.85063682E+06
 0.96000000E+05  0.85058419E+06
 0.95250000E+05  0.85053114E+06
 0.94500000E+05  0.85047767E+06
 0.93750000E+05  0.85042377E+06
 0.93000000E+05  0.85036944E+06
 0.92250000E+05  0.85031467E+06
 0.91500000E+05  0.85025946E+06
 0.90750000E+05  0.85020381E+06
 0.90000000E+05  0.85014770E+06
 0.89250000E+05  0.85009114E+06
 0.88500000E+05  0.85003411E+06
 0.87750000E+05  0.84997663E+06
 0.87000000E+05  0.84991867E+06
 0.86250000E+05  0.84986023E+06
 0.85500000E+05  0.84980132E+06
 0.84750000E+05  0.84974192E+06
 0.84000000E+05  0.84968203E+06
 0.83250000E+05  0.84962165E+06
 0.82500000E+05  0.84956076E+06
 0.81750000E+05  0.84949937E+06
 0.81000000E+05  0.84943747E+06
 0.80250000E+05  0.84937504E+06
 0.79500000E+05  0.84931210E+06
 0.78750000E+05  0.84924863E+06
 0.78000000E+05  0.84918462E+06
 0.77250000E+05  0.84912007E+06
 0.76500000E+05  0.84905497E+06
 0.75750000E+05  0.84898933E+06
 0.75000000E+05  0.84892312E+06
 0.74250000E+05  0.84885635E+06
 0.73500000E+05  0.84878901E+06
 0.72750000E+05  0.84872109E+06
 0.72000000E+05  0.84865258E+06
 0.71250000E+05  0.84858349E+06
 0.70500000E+05  0.84851380E+06
 0.69750000E+05  0.84844350E+06
 0.69000000E+05  0.84837259E+06
 0.68250000E+05  0.84830107E+06
 0.67500000E+05  0.84822892E+06
 0.66750000E+05  0.84815614E+06
 0.66000000E+05  0.84808272E+06
 0.65250000E+05  0.84800865E+06
 0.64500000E+05  0.84793393E+06
 0.63750000E+05  0.84785854E+06
 0.63000000E+05  0.84778249E+06
 0.62250000E+05  0.84770576E+06
 0.61500000E+05  0.84762834E+06
 0.60750000E+05  0.84755023E+06
 0.60000000E+05  0.84747142E+06
 0.59250000E+05  0.84739189E+06
 0.58500000E+05  0.84731165E+06
 0.57750000E+05  0.84723068E+06
 0.57000000E+05  0.84714898E+06
 0.56250000E+05  0.84706653E+06
 0.55500000E+05  0.84698332E+06
 0.54750000E+05  0.84689935E+06
 0.54000000E+05  0.84681461E+06
 0.53250000E+05  0.84672909E+06
 0.52500000E+05  0.84664278E+06
 0.51750000E+05  0.84655566E+06
 0.51000000E+05  0.84646773E+06
 0.50250000E+05  0.84637898E+06
 0.49500000E+05  0.84628940E+06
 0.48750000E+05  0.84619898E+06
 0.48000000E+05  0.84610770E+06
 0.47250000E+05  0.84601556E+06
 0.46500000E+05  0.84592254E+06
 0.45750000E+05  0.84582864E+06
 0.45000000E+05  0.84573383E+06
 0.44250000E+05  0.84563812E+06
 0.43500000E+05  0.84554149E+06
 0.42750000E+05  0.84544392E+06
 0.42000000E+05  0.84534541E+06
 0.41250000E+05  0.84524593E+06
 0.40500000E+05  0.84514549E+06
 0.39750000E+05  0.84504406E+06
 0.39000000E+05  0.84494163E+06
 0.38250000E+05  0.84483819E+06
 0.37500000E+05  0.84473373E+06
 0.36750000E+05  0.84462822E+06
 0.36000000E+05  0.84452166E+06
 0.35250000E+05  0.84441403E+06
 0.34500000E+05  0.84430531E+06
 0.33750000E+05  0.84419550E+06
 0.33000000E+05  0.84408456E+06
 0.32250000E+05  0.84397249E+06
 0.31500000E+05  0.84385927E+06
 0.30750000E+05  0.84374489E+06
 0.30000000E+05  0.84362931E+06
 0.29250000E+05  0.84351253E+06
 0.28500000E+05  0.84339452E+06
 0.27750000E+05  0.84327527E+06
 0.27000000E+05  0.84315475E+06
 0.26250000E+05  0.84303294E+06
 0.25500000E+05  0.84290981E+06
 0.24750000E+05  0.84278535E+06
 0.24000000E+05  0.84265951E+06
 0.23250000E+05  0.84253228E+06
 0.22500000E+05  0.84240362E+06
 0.21750000E+05  0.84227349E+06
 0.21000000E+05  0.84214186E+06
 0.20250000E+05  0.84200867E+06
 0.19500000E+05  0.84187386E+06
 0.18750000E+05  0.84173737E+06
 0.18000000E+05  0.84159912E+06
 0.17250000E+05  0.84145898E+06
 0.16500000E+05  0.84131681E+06
 0.15750000E+05  0.84117239E+06
 0.15000000E+05  0.84102540E+06
 0.14250000E+05  0.84087534E+06
 0.13500000E+05  0.84072133E+06
 0.12750000E+05  0.84056169E+06
 0.12000000E+05  0.84039283E+06
 0.11250000E+05  0.84020526E+06
 0.10500000E+05  0.83996551E+06
 0.97500000E+04  0.83946099E+06
 0.90000000E+04  0.92649617E+05
 0.82500000E+04  0.85499669E+05
 0.75000000E+04  0.78275535E+05
 0.67500000E+04  0.70980692E+05
 0.60000000E+04  0.63626884E+05
 0.52500000E+04  0.56245986E+05
 0.45000000E+04  0.48830912E+05
 0.37500000E+04  0.41291442E+05
 0.30000000E+04  0.33511551E+05
 0.22500000E+04  0.25462507E+05
 0.15000000E+04  0.17236480E+05
 0.75000000E+03  0.89467666E+04
 0.00000000E+00  0.63932070E+03
 -.75000000E+03  -.77258772E+04
 -.15000000E+04  -.16205493E+05
 -.22500000E+04  -.24722110E+05
 -.30000000E+04  -.33069130E+05
 -.37500000E+04  -.41119040E+05
 -.45000000E+04  -.48891752E+05
 -.52500000E+04  -.56480172E+05
 -.60000000E+04  -.63961237E+05
 -.67500000E+04  -.71308160E+05
 -.75000000E+04  -.78390448E+05
 -.82500000E+04  -.85109144E+05
 -.90000000E+04  -.91481814E+05
 -.97500000E+04  -.97597837E+05
 -.10500000E+05  -.10356174E+06
 -.11250000E+05  -.10947084E+06
 -.12000000E+05  -.11540886E+06
 -.12750000E+05  -.12144444E+06
 -.13500000E+05  -.12764054E+06
 -.14250000E+05  -.13408114E+06
 -.15000000E+05  -.14090383E+06
 -.15750000E+05  -.14831073E+06
 -.16500000E+05  -.15650691E+06
 -.17250000E+05  -.16549438E+06
 -.18000000E+05  -.17485904E+06
 -.18750000E+05  -.18396440E+06
 -.19500000E+05  -.19239256E+06
 -.20250000E+05  -.20004022E+06
 -.21000000E+05  -.20700183E+06
 -.21750000E+05  -.21347555E+06
 -.22500000E+05  -.21968495E+06
 -.23250000E+05  -.22583600E+06
 -.24000000E+05  -.23208963E+06
 -.24750000E+05  -.23850460E+06
 -.25500000E+05  -.24496045E+06
 -.26250000E+05  -.25121154E+06
 -.27000000E+05  -.25710248E+06
 -.27750000E+05  -.26265580E+06
 -.28500000E+05  -.26799293E+06
 -.29250000E+05  -.27326216E+06
 -.30000000E+05  -.27861341E+06
 -.30750000E+05  -.28418401E+06
 -.31500000E+05  -.29005236E+06
 -.32250000E+05  -.29614053E+06
 -.33000000E+05  -.30218951E+06
 -.33750000E+05  -.30796007E+06
 -.34500000E+05  -.31340087E+06
 -.35250000E+05  -.31859371E+06
 -.36000000E+05  -.32365893E+06
 -.36750000E+05  -.32871266E+06
 -.37500000E+05  -.33384962E+06
 -.38250000E+05  -.33912204E+06
 -.39000000E+05  -.34450966E+06
 -.39750000E+05  -.34991437E+06
 -.40500000E+05  -.35521980E+06
 -.41250000E+05  -.36036973E+06
 -.42000000E+05  -.36538728E+06
 -.42750000E+05  -.37034776E+06
 -.43500000E+05  -.37535077E+06
 -.44250000E+05  -.38050088E+06
 -.45000000E+05  -.38587820E+06
 -.45750000E+05  -.39147683E+06
 -.46500000E+05  -.39714567E+06
 -.47250000E+05  -.40265874E+06
 -.48000000E+05  -.40788373E+06
 -.48750000E+05  -.41282757E+06
 -.49500000E+05  -.41756982E+06
 -.50250000E+05  -.42220736E+06
 -.51000000E+05  -.42683313E+06
 -.51750000E+05  -.43152819E+06
 -.52500000E+05  -.43635033E+06
 -.53250000E+05  -.44131108E+06
 -.54000000E+05  -.44635190E+06
 -.54750000E+05  -.45135772E+06
 -.55500000E+05  -.45622096E+06
 -.56250000E+05  -.46089532E+06
 -.57000000E+05  -.46539473E+06
 -.57750000E+05  -.46976566E+06
 -.58500000E+05  -.47406491E+06
 -.59250000E+05  -.47834825E+06
 -.60000000E+05  -.48266387E+06
 -.60750000E+05  -.48704517E+06
 -.61500000E+05  -.49150036E+06
 -.62250000E+05  -.49600249E+06
 -.63000000E+05  -.50049089E+06
 -.63750000E+05  -.50489240E+06
 -.64500000E+05  -.50915061E+06
 -.65250000E+05  -.51324133E+06
 -.66000000E+05  -.51716911E+06
 -.66750000E+05  -.52095597E+06
 -.67500000E+05  -.52463175E+06
 -.68250000E+05  -.52822859E+06
 -.69000000E+05  -.53177846E+06
 -.69750000E+05  -.53531242E+06
 -.70500000E+05  -.53886064E+06
 -.71250000E+05  -.54245239E+06
 -.72000000E+05  -.54611569E+06
 -.72750000E+05  -.54987622E+06
 -.73500000E+05  -.55375490E+06
 -.74250000E+05  -.55776426E+06
 -.75000000E+05  -.56190383E+06
 -.75750000E+05  -.56615624E+06
 -.76500000E+05  -.57048713E+06
 -.77250000E+05  -.57485145E+06
 -.78000000E+05  -.57920542E+06
 -.78750000E+05  -.58351868E+06
 -.79500000E+05  -.58778058E+06
 -.80250000E+05  -.59199946E+06
 -.81000000E+05  -.59619801E+06
 -.81750000E+05  -.60040831E+06
 -.82500000E+05  -.60466813E+06
 -.83250000E+05  -.60901857E+06
 -.84000000E+05  -.61350250E+06
 -.84750000E+05  -.61816405E+06
 -.85500000E+05  -.62305096E+06
 -.86250000E+05  -.62822477E+06
 -.87000000E+05  -.63378961E+06
 -.87750000E+05  -.63996833E+06
 -.88500000E+05  -.64736991E+06
 -.89250000E+05  -.66018775E+06
 -.90000000E+05  -.85014770E+06
 -.90750000E+05  -.85020381E+06
 -.91500000E+05  -.85025946E+06
 -.92250000E+05  -.85031467E+06
 -.93000000E+05  -.85036944E+06
 -.93750000E+05  -.85042377E+06
 -.94500000E+05  -.85047767E+06
 -.95250000E+05  -.85053114E+06
 -.96000000E+05  -.85058419E+06
 -.96750000E+05  -.85063682E+06
 -.97500000E+05  -.85068903E+06
 -.98250000E+05  -.85074083E+06
 -.99000000E+05  -.85079223E+06
 -.99750000E+05  -.85084322E+06
 -.10050000E+06  -.85089382E+06
 -.10125000E+06  -.85094402E+06
 -.10200000E+06  -.85099382E+06
 -.10275000E+06  -.85104325E+06
 -.10350000E+06  -.85109229E+06
 -.10425000E+06  -.85114095E+06
 -.10500000E+06  -.85118923E+06
 -.10575000E+06  -.85123714E+06
 -.10650000E+06  -.85128469E+06
 -.10725000E+06  -.85133187E+06
 -.10800000E+06  -.85137869E+06
 -.10875000E+06  -.85142515E+06
 -.10950000E+06  -.85147126E+06
 -.11025000E+06  -.85151702E+06
 -.11100000E+06  -.85156243E+06
 -.11175000E+06  -.85160750E+06
 -.11250000E+06  -.85165223E+06
 -.11325000E+06  -.85169662E+06
 -.11400000E+06  -.85174068E+06
 -.11475000E+06  -.85178440E+06
 -.11550000E+06  -.85182780E+06
 -.11625000E+06  -.85187088E+06
 -.11700000E+06  -.85191363E+06
 -.11775000E+06  -.85195607E+06
 -.11850000E+06  -.85199819E+06
 -.11925000E+06  -.85204000E+06
 -.12000000E+06  -.85208150E+06
 -.12075000E+06  -.85212270E+06
 -.12150000E+06  -.85216359E+06
 -.12225000E+06  -.85220418E+06
 -.12300000E+06  -.85224447E+06
 -.12375000E+06  -.85228447E+06
 -.12450000E+06  -.85232418E+06
 -.12525000E+06  -.85236359E+06
 -.12600000E+06  -.85240272E+06
 -.12675000E+06  -.85244157E+06
 -.12750000E+06  -.85248014E+06
 -.12825000E+06  -.85251842E+06
 -.12900000E+06  -.85255643E+06
 -.12975000E+06  -.85259417E+06
 -.13050000E+06  -.85263163E+06
 -.13125000E+06  -.85266883E+06
 -.13200000E+06  -.85270576E+06
 -.13275000E+06  -.85274243E+06
 -.13350000E+06  -.85277883E+06
 -.13425000E+06  -.85281498E+06
 -.13500000E+06  -.85285087E+06
 -.13575000E+06  -.85288651E+06
 -.13650000E+06  -.85292189E+06
 -.13725000E+06  -.85295702E+06
 -.13800000E+06  -.85299191E+06
 -.13875000E+06  -.85302655E+06
 -.13950000E+06  -.85306095E+06
 -.14025000E+06  -.85309511E+06
 -.14100000E+06  -.85312903E+06
 -.14175000E+06  -.85316271E+06
 -.14250000E+06  -.85319616E+06
 -.14325000E+06  -.85322937E+06
 -.14400000E+06  -.85326236E+06
 -.14475000E+06  -.85329511E+06
 -.14550000E+06  -.85332764E+06
 -.14625000E+06  -.85335995E+06
 -.14700000E+06  -.85339203E+06
 -.14775000E+06  -.85342389E+06
 -.14850000E+06  -.85345554E+06
 -.14925000E+06  -.85348697E+06
 -.15000000E+06  -.85351818E+06
Mv-Hv               
 0.00000000E+00  -.11982190E+03
 0.00000000E+00  -.12075218E+03
 0.00000000E+00  -.12169186E+03
 0.00000000E+00  -.12264251E+03
 0.00000000E+00  -.12360426E+03
 0.00000000E+00  -.12457730E+03
 0.00000000E+00  -.12556179E+03
 0.00000000E+00  -.12655795E+03
 0.00000000E+00  -.12756594E+03
 0.00000000E+00  -.12858595E+03
 0.00000000E+00  -.12961818E+03
 0.00000000E+00  -.13066283E+03
 0.00000000E+00  -.13172011E+03
 0.00000000E+00  -.13279022E+03
 0.00000000E+00  -.13387336E+03
 0.00000000E+00  -.13496977E+03
 0.00000000E+00  -.13607965E+03
 0.00000000E+00  -.13720324E+03
 0.00000000E+00  -.13834077E+03
 0.00000000E+00  -.13949246E+03
 0.00000000E+00  -.14065857E+03
 0.00000000E+00  -.14183933E+03
 0.00000000E+00  -.14303501E+03
 0.00000000E+00  -.14424584E+03
 0.00000000E+00  -.14547212E+03
 0.00000000E+00  -.14671408E+03
 0.00000000E+00  -.14797203E+03
 0.00000000E+00  -.14924624E+03
 0.00000000E+00  -.15053696E+03
 0.00000000E+00  -.15184455E+03
 0.00000000E+00  -.15316925E+03
 0.00000000E+00  -.15451142E+03
 0.00000000E+00  -.15587132E+03
 0.00000000E+00  -.15724934E+03
 0.00000000E+00  -.15864577E+03
 0.00000000E+00  -.16006093E+03
 0.00000000E+00  -.16149521E+03
 0.00000000E+00  -.16294891E+03
 0.00000000E+00  -.16442247E+03
 0.00000000E+00  -.16591622E+03
 0.00000000E+00  -.16743049E+03
 0.00000000E+00  -.16896577E+03
 0.00000000E+00  -.17052237E+03
 0.00000000E+00  -.17210079E+03
 0.00000000E+00  -.17370135E+03
 0.00000000E+00  -.17532459E+03
 0.00000000E+00  -.17697090E+03
 0.00000000E+00  -.17864068E+03
 0.00000000E+00  -.18033450E+03
 0.00000000E+00  -.18205273E+03
 0.00000000E+00  -.18379598E+03
 0.00000000E+00  -.18556462E+03
 0.00000000E+00  -.18735931E+03
 0.00000000E+00  -.18918043E+03
 0.00000000E+00  -.19102861E+03
 0.00000000E+00  -.19290447E+03
 0.00000000E+00  -.19480844E+03
 0.00000000E+00  -.19674126E+03
 0.00000000E+00  -.19870339E+03
 0.00000000E+00  -.20069561E+03
 0.00000000E+00  -.20271840E+03
 0.00000000E+00  -.20477249E+03
 0.00000000E+00  -.20685865E+03
 0.00000000E+00  -.20897742E+03
 0.00000000E+00  -.21112959E+03
 0.00000000E+00  -.21331597E+03
 0.00000000E+00  -.21553718E+03
 0.00000000E+00  -.21779407E+03
 0.00000000E+00  -.22008745E+03
 0.00000000E+00  -.22241815E+03
 0.00000000E+00  -.22478703E+03
 0.00000000E+00  -.22719496E+03
 0.00000000E+00  -.22964286E+03
 0.00000000E+00  -.23213165E+03
 0.00000000E+00  -.23466231E+03
 0.00000000E+00  -.23723584E+03
 0.00000000E+00  -.23985325E+03
 0.00000000E+00  -.24251560E+03
 0.00000000E+00  -.24522400E+03
 0.00000000E+00  -.24797957E+03
 0.00000000E+00  -.25078347E+03
 0.00000000E+00  -.25363692E+03
 0.00000000E+00  -.25654111E+03
 0.00000000E+00  -.25949734E+03
 0.00000000E+00  -.26250695E+03
 0.00000000E+00  -.26557126E+03
 0.00000000E+00  -.26869178E+03
 0.00000000E+00  -.27186992E+03
 0.00000000E+00  -.27510721E+03
 0.00000000E+00  -.27840522E+03
 0.00000000E+00  -.28176558E+03
 0.00000000E+00  -.28518997E+03
 0.00000000E+00  -.28868014E+03
 0.00000000E+00  -.29223790E+03
 0.00000000E+00  -.29586512E+03
 0.00000000E+00  -.29956375E+03
 0.00000000E+00  -.30333581E+03
 0.00000000E+00  -.30718339E+03
 0.00000000E+00  -.31110867E+03
 0.00000000E+00  -.31511400E+03
 0.00000000E+00  -.31920153E+03
 0.00000000E+00  -.32337379E+03
 0.00000000E+00  -.32763333E+03
 0.00000000E+00  -.33198289E+03
 0.00000000E+00  -.33642498E+03
 0.00000000E+00  -.34096255E+03
 0.00000000E+00  -.34559860E+03
 0.00000000E+00  -.35033636E+03
 0.00000000E+00  -.35517875E+03
 0.00000000E+00  -.36012945E+03
 0.00000000E+00  -.36519163E+03
 0.00000000E+00  -.37036930E+03
 0.00000000E+00  -.37566591E+03
 0.00000000E+00  -.38108582E+03
 0.00000000E+00  -.38663299E+03
 0.00000000E+00  -.39231180E+03
 0.00000000E+00  -.39812678E+03
 0.00000000E+00  -.40408269E+03
 0.00000000E+00  -.41018469E+03
 0.00000000E+00  -.41643780E+03
 0.00000000E+00  -.42284749E+03
 0.00000000E+00  -.42941956E+03
 0.00000000E+00  -.43615989E+03
 0.00000000E+00  -.44307465E+03
 0.00000000E+00  -.45017076E+03
 0.00000000E+00  -.45745527E+03
 0.00000000E+00  -.46493549E+03
 0.00000000E+00  -.47261919E+03
 0.00000000E+00  -.48051447E+03
 0.00000000E+00  -.48862986E+03
 0.00000000E+00  -.49697451E+03
 0.00000000E+00  -.50555794E+03
 0.00000000E+00  -.51439009E+03
 0.00000000E+00  -.52348183E+03
 0.00000000E+00  -.53284418E+03
 0.00000000E+00  -.54248935E+03
 0.00000000E+00  -.55242981E+03
 0.00000000E+00  -.56267915E+03
 0.00000000E+00  -.57325138E+03
 0.00000000E+00  -.58416177E+03
 0.00000000E+00  -.59542594E+03
 0.00000000E+00  -.60706092E+03
 0.00000000E+00  -.61908524E+03
 0.00000000E+00  -.63151803E+03
 0.00000000E+00  -.64437967E+03
 0.00000000E+00  -.65769236E+03
 0.00000000E+00  -.67147963E+03
 0.00000000E+00  -.68576663E+03
 0.00000000E+00  -.70058028E+03
 0.00000000E+00  -.71594924E+03
 0.00000000E+00  -.73190422E+03
 0.00000000E+00  -.74847825E+03
 0.00000000E+00  -.76570710E+03
 0.00000000E+00  -.78363023E+03
 0.00000000E+00  -.80229364E+03
 0.00000000E+00  -.82173795E+03
 0.00000000E+00  -.84201128E+03
 0.00000000E+00  -.86316622E+03
 0.00000000E+00  -.88525966E+03
 0.00000000E+00  -.90835375E+03
 0.00000000E+00  -.93251526E+03
 0.00000000E+00  -.95781479E+03
 0.00000000E+00  -.98433252E+03
 0.00000000E+00  -.10121559E+04
 0.00000000E+00  -.10413790E+04
 0.00000000E+00  -.10721047E+04
 0.00000000E+00  -.11044452E+04
 0.00000000E+00  -.11385231E+04
 0.00000000E+00  -.11744722E+04
 0.00000000E+00  -.12124386E+04
 0.00000000E+00  -.12525811E+04
 0.00000000E+00  -.12950722E+04
 0.00000000E+00  -.13400983E+04
 0.00000000E+00  -.13878586E+04
 0.00000000E+00  -.14385638E+04
 0.00000000E+00  -.14924318E+04
 0.00000000E+00  -.15496802E+04
 0.00000000E+00  -.16105113E+04
 0.00000000E+00  -.16750866E+04
 0.00000000E+00  -.17434806E+04
 0.00000000E+00  -.18155958E+04
 0.00000000E+00  -.18910032E+04
 0.00000000E+00  -.19686270E+04
 0.00000000E+00  -.20460794E+04
 0.00000000E+00  -.21181076E+04
 0.00000000E+00  -.21724124E+04
 0.00000000E+00  -.21755666E+04
 0.00000000E+00  -.20025534E+04
 0.00000000E+00  0.69496687E+03
 0.00000000E+00  0.73655723E+03
 0.00000000E+00  0.90326491E+03
 0.00000000E+00  0.12401249E+04
 0.00000000E+00  0.16774865E+04
 0.00000000E+00  0.20651729E+04
 0.00000000E+00  0.22616761E+04
 0.00000000E+00  0.22001846E+04
 0.00000000E+00  0.19078523E+04
 0.00000000E+00  0.15110854E+04
 0.00000000E+00  0.11728268E+04
 0.00000000E+00  0.95038561E+03
 0.00000000E+00  0.74981306E+03
 0.00000000E+00  0.42908221E+03
 0.00000000E+00  -.74068405E+02
 0.00000000E+00  -.66883426E+03
 0.00000000E+00  -.11875616E+04
 0.00000000E+00  -.15808631E+04
 0.00000000E+00  -.19541998E+04
 0.00000000E+00  -.24569118E+04
 0.00000000E+00  -.31861416E+04
 0.00000000E+00  -.41235506E+04
 0.00000000E+00  -.51309387E+04
 0.00000000E+00  -.60651249E+04
 0.00000000E+00  -.68837766E+04
 0.00000000E+00  -.76268565E+04
 0.00000000E+00  -.83553096E+04
 0.00000000E+00  -.91101886E+04
 0.00000000E+00  -.98907928E+04
 0.00000000E+00  -.10645069E+05
 0.00000000E+00  -.11278099E+05
 0.00000000E+00  -.11678475E+05
 0.00000000E+00  -.11737309E+05
 0.00000000E+00  -.11336340E+05
 0.00000000E+00  -.10328161E+05
 0.00000000E+00  -.86098428E+04
 0.00000000E+00  -.63819117E+04
 0.00000000E+00  -.42209090E+04
 0.00000000E+00  -.25722346E+04
 0.00000000E+00  -.14661019E+04
 0.00000000E+00  -.74305776E+03
 0.00000000E+00  -.25495543E+03
 0.00000000E+00  0.85204891E+02
 0.00000000E+00  0.31309750E+03
 0.00000000E+00  0.42826906E+03
 0.00000000E+00  0.40878515E+03
 0.00000000E+00  0.23827171E+03
 0.00000000E+00  -.62374577E+02
 0.00000000E+00  -.44257930E+03
 0.00000000E+00  -.85806443E+03
 0.00000000E+00  -.12854370E+04
 0.00000000E+00  -.17172735E+04
 0.00000000E+00  -.21547610E+04
 0.00000000E+00  -.26016019E+04
 0.00000000E+00  -.30563907E+04
 0.00000000E+00  -.35034100E+04
 0.00000000E+00  -.39153650E+04
 0.00000000E+00  -.42752054E+04
 0.00000000E+00  -.45859185E+04
 0.00000000E+00  -.48594507E+04
 0.00000000E+00  -.51066825E+04
 0.00000000E+00  -.53337826E+04
 0.00000000E+00  -.55407164E+04
 0.00000000E+00  -.57199242E+04
 0.00000000E+00  -.58567446E+04
 0.00000000E+00  -.59349654E+04
 0.00000000E+00  -.59453470E+04
 0.00000000E+00  -.58877339E+04
 0.00000000E+00  -.57653619E+04
 0.00000000E+00  -.55789498E+04
 0.00000000E+00  -.53242071E+04
 0.00000000E+00  -.49923056E+04
 0.00000000E+00  -.45743447E+04
 0.00000000E+00  -.40729872E+04
 0.00000000E+00  -.35161180E+04
 0.00000000E+00  -.29487118E+04
 0.00000000E+00  -.24032134E+04
 0.00000000E+00  -.18882882E+04
 0.00000000E+00  -.13992008E+04
 0.00000000E+00  -.92850103E+03
 0.00000000E+00  -.47153033E+03
 0.00000000E+00  -.29706245E+02
 0.00000000E+00  0.38625939E+03
 0.00000000E+00  0.75407374E+03
 0.00000000E+00  0.10434011E+04
 0.00000000E+00  0.12289617E+04
 0.00000000E+00  0.13035564E+04
 0.00000000E+00  0.12767940E+04
 0.00000000E+00  0.11640139E+04
 0.00000000E+00  0.97777784E+03
 0.00000000E+00  0.72489219E+03
 0.00000000E+00  0.40641482E+03
 0.00000000E+00  0.18827151E+02
 0.00000000E+00  -.44374744E+03
 0.00000000E+00  -.98547882E+03
 0.00000000E+00  -.16027585E+04
 0.00000000E+00  -.22787550E+04
 0.00000000E+00  -.29839723E+04
 0.00000000E+00  -.36841047E+04
 0.00000000E+00  -.43491592E+04
 0.00000000E+00  -.49579429E+04
 0.00000000E+00  -.54978679E+04
 0.00000000E+00  -.59628128E+04
 0.00000000E+00  -.63509535E+04
 0.00000000E+00  -.66632093E+04
 0.00000000E+00  -.69023435E+04
 0.00000000E+00  -.70726099E+04
 0.00000000E+00  -.71798422E+04
 0.00000000E+00  -.72318806E+04
 0.00000000E+00  -.72391662E+04
 0.00000000E+00  -.72151542E+04
 0.00000000E+00  -.71759318E+04
 0.00000000E+00  -.71382921E+04
 0.00000000E+00  -.71159870E+04
 0.00000000E+00  -.71152864E+04
 0.00000000E+00  -.71324984E+04
 0.00000000E+00  -.71556570E+04
 0.00000000E+00  -.71695375E+04
 0.00000000E+00  -.71606619E+04
 0.00000000E+00  -.71198535E+04
 0.00000000E+00  -.70423226E+04
 0.00000000E+00  -.69265407E+04
 0.00000000E+00  -.67729814E+04
 0.00000000E+00  -.65831385E+04
 0.00000000E+00  -.63588428E+04
 0.00000000E+00  -.61017228E+04
 0.00000000E+00  -.58125601E+04
 0.00000000E+00  -.54901923E+04
 0.00000000E+00  -.51293450E+04
 0.00000000E+00  -.47154115E+04
 0.00000000E+00  -.42054648E+04
 0.00000000E+00  -.32900750E+04
 0.00000000E+00  0.25078530E+03
 0.00000000E+00  0.24798313E+03
 0.00000000E+00  0.24522759E+03
 0.00000000E+00  0.24251918E+03
 0.00000000E+00  0.23985679E+03
 0.00000000E+00  0.23723931E+03
 0.00000000E+00  0.23466571E+03
 0.00000000E+00  0.23213489E+03
 0.00000000E+00  0.22964596E+03
 0.00000000E+00  0.22719793E+03
 0.00000000E+00  0.22478984E+03
 0.00000000E+00  0.22242087E+03
 0.00000000E+00  0.22009000E+03
 0.00000000E+00  0.21779644E+03
 0.00000000E+00  0.21553936E+03
 0.00000000E+00  0.21331797E+03
 0.00000000E+00  0.21113155E+03
 0.00000000E+00  0.20897919E+03
 0.00000000E+00  0.20686024E+03
 0.00000000E+00  0.20477404E+03
 0.00000000E+00  0.20271976E+03
 0.00000000E+00  0.20069679E+03
 0.00000000E+00  0.19870454E+03
 0.00000000E+00  0.19674223E+03
 0.00000000E+00  0.19480931E+03
 0.00000000E+00  0.19290523E+03
 0.00000000E+00  0.19102928E+03
 0.00000000E+00  0.18918101E+03
 0.00000000E+00  0.18735973E+03
 0.00000000E+00  0.18556502E+03
 0.00000000E+00  0.18379623E+03
 0.00000000E+00  0.18205296E+03
 0.00000000E+00  0.18033459E+03
 0.00000000E+00  0.17864075E+03
 0.00000000E+00  0.17697084E+03
 0.00000000E+00  0.17532452E+03
 0.00000000E+00  0.17370121E+03
 0.00000000E+00  0.17210058E+03
 0.00000000E+00  0.17052215E+03
 0.00000000E+00  0.16896545E+03
 0.00000000E+00  0.16743016E+03
 0.00000000E+00  0.16591578E+03
 0.00000000E+00  0.16442203E+03
 0.00000000E+00  0.16294842E+03
 0.00000000E+00  0.16149467E+03
 0.00000000E+00  0.16006038E+03
 0.00000000E+00  0.15864515E+03
 0.00000000E+00  0.15724872E+03
 0.00000000E+00  0.15587066E+03
 0.00000000E+00  0.15451072E+03
 0.00000000E+00  0.15316855E+03
 0.00000000E+00  0.15184379E+03
 0.00000000E+00  0.15053620E+03
 0.00000000E+00  0.14924542E+03
 0.00000000E+00  0.14797121E+03
 0.00000000E+00  0.14671326E+03
 0.00000000E+00  0.14547126E+03
 0.00000000E+00  0.14424498E+03
 0.00000000E+00  0.14303411E+03
 0.00000000E+00  0.14183843E+03
 0.00000000E+00  0.14065764E+03
 0.00000000E+00  0.13949153E+03
 0.00000000E+00  0.13833982E+03
 0.00000000E+00  0.13720229E+03
 0.00000000E+00  0.13607869E+03
 0.00000000E+00  0.13496880E+03
 0.00000000E+00  0.13387239E+03
 0.00000000E+00  0.13278924E+03
 0.00000000E+00  0.13171913E+03
 0.00000000E+00  0.13066186E+03
 0.00000000E+00  0.12961722E+03
 0.00000000E+00  0.12858499E+03
 0.00000000E+00  0.12756499E+03
 0.00000000E+00  0.12655702E+03
 0.00000000E+00  0.12556089E+03
 0.00000000E+00  0.12457639E+03
 0.00000000E+00  0.12360338E+03
 0.00000000E+00  0.12264165E+03
 0.00000000E+00  0.12169104E+03
 0.00000000E+00  0.12075135E+03
 0.00000000E+00  0.11982245E+03
Mw-Hw               
 0.00000000E+00  0.81671521E-04
 0.00000000E+00  -.89158884E-04
 0.00000000E+00  -.89328036E-04
 0.00000000E+00  -.80470154E-04
 0.00000000E+00  -.70700068E-04
 0.00000000E+00  -.60015848E-04
 0.00000000E+00  -.60741633E-04
 0.00000000E+00  -.49261418E-04
 0.00000000E+00  -.36876958E-04
 0.00000000E+00  -.23597086E-04
 0.00000000E+00  -.24568319E-04
 0.00000000E+00  -.10497138E-04
 0.00000000E+00  0.44276866E-05
 0.00000000E+00  0.20184016E-04
 0.00000000E+00  0.36736982E-04
 0.00000000E+00  0.35556048E-04
 0.00000000E+00  0.52816391E-04
 0.00000000E+00  0.70781021E-04
 0.00000000E+00  0.69625815E-04
 0.00000000E+00  0.88224574E-04
 0.00000000E+00  0.87168160E-04
 0.00000000E+00  0.10634792E-03
 0.00000000E+00  0.10540298E-03
 0.00000000E+00  0.12511192E-03
 0.00000000E+00  0.12428938E-03
 0.00000000E+00  0.14446515E-03
 0.00000000E+00  0.14377373E-03
 0.00000000E+00  0.14322308E-03
 0.00000000E+00  0.16379803E-03
 0.00000000E+00  0.16337325E-03
 0.00000000E+00  0.18425811E-03
 0.00000000E+00  0.18397157E-03
 0.00000000E+00  0.20506362E-03
 0.00000000E+00  0.20491297E-03
 0.00000000E+00  0.20489299E-03
 0.00000000E+00  0.22607938E-03
 0.00000000E+00  0.22617671E-03
 0.00000000E+00  0.24731072E-03
 0.00000000E+00  0.24751859E-03
 0.00000000E+00  0.24784302E-03
 0.00000000E+00  0.26874680E-03
 0.00000000E+00  0.26914830E-03
 0.00000000E+00  0.28965335E-03
 0.00000000E+00  0.29010568E-03
 0.00000000E+00  0.31001688E-03
 0.00000000E+00  0.31048044E-03
 0.00000000E+00  0.31102125E-03
 0.00000000E+00  0.33000678E-03
 0.00000000E+00  0.33049410E-03
 0.00000000E+00  0.34839631E-03
 0.00000000E+00  0.34876679E-03
 0.00000000E+00  0.36532654E-03
 0.00000000E+00  0.36550675E-03
 0.00000000E+00  0.38044618E-03
 0.00000000E+00  0.39380751E-03
 0.00000000E+00  0.39338561E-03
 0.00000000E+00  0.40458042E-03
 0.00000000E+00  0.40371609E-03
 0.00000000E+00  0.41243414E-03
 0.00000000E+00  0.41101208E-03
 0.00000000E+00  0.41692206E-03
 0.00000000E+00  0.42031276E-03
 0.00000000E+00  0.41759346E-03
 0.00000000E+00  0.41756754E-03
 0.00000000E+00  0.41457524E-03
 0.00000000E+00  0.41018340E-03
 0.00000000E+00  0.40319127E-03
 0.00000000E+00  0.39281391E-03
 0.00000000E+00  0.37887111E-03
 0.00000000E+00  0.36121232E-03
 0.00000000E+00  0.33970350E-03
 0.00000000E+00  0.31422945E-03
 0.00000000E+00  0.28469619E-03
 0.00000000E+00  0.25103346E-03
 0.00000000E+00  0.21319719E-03
 0.00000000E+00  0.17117200E-03
 0.00000000E+00  0.12497376E-03
 0.00000000E+00  0.74651972E-04
 0.00000000E+00  0.20292360E-04
 0.00000000E+00  -.80049709E-04
 0.00000000E+00  -.14470271E-03
 0.00000000E+00  -.21270346E-03
 0.00000000E+00  -.23445014E-03
 0.00000000E+00  -.25684625E-03
 0.00000000E+00  -.27991694E-03
 0.00000000E+00  -.25608577E-03
 0.00000000E+00  -.28036809E-03
 0.00000000E+00  -.30533108E-03
 0.00000000E+00  -.33091778E-03
 0.00000000E+00  -.35709936E-03
 0.00000000E+00  -.38384163E-03
 0.00000000E+00  -.41110469E-03
 0.00000000E+00  -.43884239E-03
 0.00000000E+00  -.46700185E-03
 0.00000000E+00  -.49552293E-03
 0.00000000E+00  -.52433769E-03
 0.00000000E+00  -.55336980E-03
 0.00000000E+00  -.58253394E-03
 0.00000000E+00  -.61173525E-03
 0.00000000E+00  -.68535040E-03
 0.00000000E+00  -.71361921E-03
 0.00000000E+00  -.74147488E-03
 0.00000000E+00  -.76878579E-03
 0.00000000E+00  -.83671059E-03
 0.00000000E+00  -.86125017E-03
 0.00000000E+00  -.88461995E-03
 0.00000000E+00  -.90661695E-03
 0.00000000E+00  -.96243827E-03
 0.00000000E+00  -.97921522E-03
 0.00000000E+00  -.10247026E-02
 0.00000000E+00  -.10346223E-02
 0.00000000E+00  -.10669093E-02
 0.00000000E+00  -.10681786E-02
 0.00000000E+00  -.10842466E-02
 0.00000000E+00  -.10886005E-02
 0.00000000E+00  -.10800666E-02
 0.00000000E+00  -.10574745E-02
 0.00000000E+00  -.10197045E-02
 0.00000000E+00  -.95274227E-03
 0.00000000E+00  -.85107671E-03
 0.00000000E+00  -.71238520E-03
 0.00000000E+00  -.48490696E-03
 0.00000000E+00  -.11828814E-03
 0.00000000E+00  0.17648100E-03
 0.00000000E+00  0.23663557E-03
 0.00000000E+00  0.21778924E-03
 0.00000000E+00  0.28468372E-03
 0.00000000E+00  0.27634929E-03
 0.00000000E+00  0.34909474E-03
 0.00000000E+00  0.50239541E-03
 0.00000000E+00  0.58026248E-03
 0.00000000E+00  0.66061843E-03
 0.00000000E+00  0.82345392E-03
 0.00000000E+00  0.90745392E-03
 0.00000000E+00  0.10748128E-02
 0.00000000E+00  0.11605016E-02
 0.00000000E+00  0.12466035E-02
 0.00000000E+00  0.12537423E-02
 0.00000000E+00  0.12646107E-02
 0.00000000E+00  0.12081098E-02
 0.00000000E+00  0.12272591E-02
 0.00000000E+00  0.13122139E-02
 0.00000000E+00  0.13304267E-02
 0.00000000E+00  0.13483624E-02
 0.00000000E+00  0.14214032E-02
 0.00000000E+00  0.14862802E-02
 0.00000000E+00  0.15409221E-02
 0.00000000E+00  0.15829757E-02
 0.00000000E+00  0.16098018E-02
 0.00000000E+00  0.16573997E-02
 0.00000000E+00  0.17376628E-02
 0.00000000E+00  0.18100669E-02
 0.00000000E+00  0.16840328E-02
 0.00000000E+00  0.37373953E-03
 0.00000000E+00  -.99189844E-04
 0.00000000E+00  -.59833279E-03
 0.00000000E+00  -.78275519E-03
 0.00000000E+00  -.98599793E-03
 0.00000000E+00  -.12042155E-02
 0.00000000E+00  -.16289050E-02
 0.00000000E+00  -.20620393E-02
 0.00000000E+00  -.18301516E-02
 0.00000000E+00  -.13573800E-02
 0.00000000E+00  -.99684954E-03
 0.00000000E+00  -.71481915E-03
 0.00000000E+00  -.51984581E-03
 0.00000000E+00  -.39691445E-03
 0.00000000E+00  -.31605445E-03
 0.00000000E+00  -.27656161E-03
 0.00000000E+00  -.24651669E-03
 0.00000000E+00  -.23159727E-03
 0.00000000E+00  -.22181980E-03
 0.00000000E+00  -.21536779E-03
 0.00000000E+00  -.21386296E-03
 0.00000000E+00  -.21275308E-03
 0.00000000E+00  -.21158604E-03
 0.00000000E+00  -.21281378E-03
 0.00000000E+00  -.21326184E-03
 0.00000000E+00  -.21279411E-03
 0.00000000E+00  -.21169245E-03
 0.00000000E+00  -.20976668E-03
 0.00000000E+00  -.20805702E-03
 0.00000000E+00  -.20468793E-03
 0.00000000E+00  -.20063708E-03
 0.00000000E+00  -.19543781E-03
 0.00000000E+00  -.18825870E-03
 0.00000000E+00  -.17660953E-03
 0.00000000E+00  -.14830066E-03
 0.00000000E+00  0.66344325E+04
 0.00000000E+00  0.66414451E+04
 0.00000000E+00  0.66481094E+04
 0.00000000E+00  0.66543306E+04
 0.00000000E+00  0.66601090E+04
 0.00000000E+00  0.66662656E+04
 0.00000000E+00  0.66746656E+04
 0.00000000E+00  0.66866110E+04
 0.00000000E+00  0.67011565E+04
 0.00000000E+00  0.67154453E+04
 0.00000000E+00  0.67272319E+04
 0.00000000E+00  0.67364823E+04
 0.00000000E+00  0.67443794E+04
 0.00000000E+00  0.67515227E+04
 0.00000000E+00  0.67562781E+04
 0.00000000E+00  0.67555811E+04
 0.00000000E+00  0.67488366E+04
 0.00000000E+00  0.67387051E+04
 0.00000000E+00  0.67279751E+04
 0.00000000E+00  0.67176307E+04
 0.00000000E+00  0.67064684E+04
 0.00000000E+00  0.66922229E+04
 0.00000000E+00  0.66743540E+04
 0.00000000E+00  0.66552044E+04
 0.00000000E+00  0.66378191E+04
 0.00000000E+00  0.66241386E+04
 0.00000000E+00  0.66149495E+04
 0.00000000E+00  0.66103166E+04
 0.00000000E+00  0.66099211E+04
 0.00000000E+00  0.66134140E+04
 0.00000000E+00  0.66208337E+04
 0.00000000E+00  0.66327824E+04
 0.00000000E+00  0.66499948E+04
 0.00000000E+00  0.66722449E+04
 0.00000000E+00  0.66966457E+04
 0.00000000E+00  0.67162019E+04
 0.00000000E+00  0.67219679E+04
 0.00000000E+00  0.67101325E+04
 0.00000000E+00  0.66853284E+04
 0.00000000E+00  0.66553789E+04
 0.00000000E+00  0.66267193E+04
 0.00000000E+00  0.66030656E+04
 0.00000000E+00  0.65856315E+04
 0.00000000E+00  0.65736778E+04
 0.00000000E+00  0.65646969E+04
 0.00000000E+00  0.65546638E+04
 0.00000000E+00  0.65399360E+04
 0.00000000E+00  0.65206677E+04
 0.00000000E+00  0.65008792E+04
 0.00000000E+00  0.64848413E+04
 0.00000000E+00  0.64750515E+04
 0.00000000E+00  0.64722951E+04
 0.00000000E+00  0.64759384E+04
 0.00000000E+00  0.64837368E+04
 0.00000000E+00  0.64914063E+04
 0.00000000E+00  0.64935645E+04
 0.00000000E+00  0.64877554E+04
 0.00000000E+00  0.64770228E+04
 0.00000000E+00  0.64664650E+04
 0.00000000E+00  0.64596611E+04
 0.00000000E+00  0.64581679E+04
 0.00000000E+00  0.64620377E+04
 0.00000000E+00  0.64701457E+04
 0.00000000E+00  0.64803690E+04
 0.00000000E+00  0.64901769E+04
 0.00000000E+00  0.64980303E+04
 0.00000000E+00  0.65045936E+04
 0.00000000E+00  0.65122218E+04
 0.00000000E+00  0.65234439E+04
 0.00000000E+00  0.65400114E+04
 0.00000000E+00  0.65626123E+04
 0.00000000E+00  0.65906488E+04
 0.00000000E+00  0.66217688E+04
 0.00000000E+00  0.66516402E+04
 0.00000000E+00  0.66756527E+04
 0.00000000E+00  0.66925158E+04
 0.00000000E+00  0.67049963E+04
 0.00000000E+00  0.67169702E+04
 0.00000000E+00  0.67312922E+04
 0.00000000E+00  0.67494860E+04
 0.00000000E+00  0.67719759E+04
 0.00000000E+00  0.67981991E+04
 0.00000000E+00  0.68265459E+04
 0.00000000E+00  0.68544177E+04
 0.00000000E+00  0.68789789E+04
 0.00000000E+00  0.68987070E+04
 0.00000000E+00  0.69143644E+04
 0.00000000E+00  0.69282353E+04
 0.00000000E+00  0.69427228E+04
 0.00000000E+00  0.69595896E+04
 0.00000000E+00  0.69798270E+04
 0.00000000E+00  0.70037186E+04
 0.00000000E+00  0.70308750E+04
 0.00000000E+00  0.70602083E+04
 0.00000000E+00  0.70899620E+04
 0.00000000E+00  0.71180087E+04
 0.00000000E+00  0.71425409E+04
 0.00000000E+00  0.71628354E+04
 0.00000000E+00  0.71794743E+04
 0.00000000E+00  0.71938971E+04
 0.00000000E+00  0.72077758E+04
 0.00000000E+00  0.72226179E+04
 0.00000000E+00  0.72396292E+04
 0.00000000E+00  0.72597156E+04
 0.00000000E+00  0.72835280E+04
 0.00000000E+00  0.73115042E+04
 0.00000000E+00  0.73438919E+04
 0.00000000E+00  0.73807500E+04
 0.00000000E+00  0.74219285E+04
 0.00000000E+00  0.74670330E+04
 0.00000000E+00  0.75153889E+04
 0.00000000E+00  0.75660309E+04
 0.00000000E+00  0.76177618E+04
 0.00000000E+00  0.76693197E+04
 0.00000000E+00  0.77196570E+04
 0.00000000E+00  0.77682500E+04
 0.00000000E+00  0.78152827E+04
 0.00000000E+00  0.78615920E+04
 0.00000000E+00  0.79084189E+04
 0.00000000E+00  0.79571252E+04
 0.00000000E+00  0.80089979E+04
 0.00000000E+00  0.80651619E+04
 0.00000000E+00  0.81265643E+04
 0.00000000E+00  0.81939945E+04
 0.00000000E+00  0.82681316E+04
 0.00000000E+00  0.83496484E+04
 0.00000000E+00  0.84394480E+04
 0.00000000E+00  0.85391677E+04
 0.00000000E+00  0.86521991E+04
 0.00000000E+00  0.87860535E+04
 0.00000000E+00  0.89607210E+04
 0.00000000E+00  0.93136853E+04
 0.00000000E+00  0.17615740E-03
 0.00000000E+00  0.79986386E-04
 0.00000000E+00  -.21784954E-04
 0.00000000E+00  -.76987226E-04
 0.00000000E+00  -.12804264E-03
 0.00000000E+00  -.17489309E-03
 0.00000000E+00  -.21749057E-03
 0.00000000E+00  -.27806259E-03
 0.00000000E+00  -.30908656E-03
 0.00000000E+00  -.33594652E-03
 0.00000000E+00  -.35873582E-03
 0.00000000E+00  -.36724327E-03
 0.00000000E+00  -.38505993E-03
 0.00000000E+00  -.39909262E-03
 0.00000000E+00  -.40950531E-03
 0.00000000E+00  -.41646682E-03
 0.00000000E+00  -.42087103E-03
 0.00000000E+00  -.42380653E-03
 0.00000000E+00  -.42370326E-03
 0.00000000E+00  -.42641123E-03
 0.00000000E+00  -.42287849E-03
 0.00000000E+00  -.41676462E-03
 0.00000000E+00  -.41815971E-03
 0.00000000E+00  -.40922106E-03
 0.00000000E+00  -.39816867E-03
 0.00000000E+00  -.39859939E-03
 0.00000000E+00  -.38531055E-03
 0.00000000E+00  -.38536770E-03
 0.00000000E+00  -.37014590E-03
 0.00000000E+00  -.36992761E-03
 0.00000000E+00  -.35307316E-03
 0.00000000E+00  -.35266553E-03
 0.00000000E+00  -.33446044E-03
 0.00000000E+00  -.33393793E-03
 0.00000000E+00  -.31464500E-03
 0.00000000E+00  -.31407087E-03
 0.00000000E+00  -.29393313E-03
 0.00000000E+00  -.29336013E-03
 0.00000000E+00  -.29288087E-03
 0.00000000E+00  -.27206971E-03
 0.00000000E+00  -.27164514E-03
 0.00000000E+00  -.25043929E-03
 0.00000000E+00  -.25010052E-03
 0.00000000E+00  -.22867847E-03
 0.00000000E+00  -.22844889E-03
 0.00000000E+00  -.22833327E-03
 0.00000000E+00  -.20685977E-03
 0.00000000E+00  -.20687879E-03
 0.00000000E+00  -.18549876E-03
 0.00000000E+00  -.18565534E-03
 0.00000000E+00  -.18593092E-03
 0.00000000E+00  -.16477890E-03
 0.00000000E+00  -.16520477E-03
 0.00000000E+00  -.14437311E-03
 0.00000000E+00  -.14493876E-03
 0.00000000E+00  -.14562643E-03
 0.00000000E+00  -.12520586E-03
 0.00000000E+00  -.12603809E-03
 0.00000000E+00  -.10609558E-03
 0.00000000E+00  -.10705297E-03
 0.00000000E+00  -.87651122E-04
 0.00000000E+00  -.88722425E-04
 0.00000000E+00  -.69913162E-04
 0.00000000E+00  -.71085413E-04
 0.00000000E+00  -.52910906E-04
 0.00000000E+00  -.35474767E-04
 0.00000000E+00  -.18812863E-04
 0.00000000E+00  -.19946256E-04
 0.00000000E+00  -.40176512E-05
 0.00000000E+00  0.11057053E-04
 0.00000000E+00  0.25259275E-04
 0.00000000E+00  0.24270410E-04
 0.00000000E+00  0.37684392E-04
 0.00000000E+00  0.50183592E-04
 0.00000000E+00  0.61763318E-04
 0.00000000E+00  0.61022151E-04
 0.00000000E+00  0.71803699E-04
 0.00000000E+00  0.81655675E-04
 0.00000000E+00  0.90584244E-04
 0.00000000E+00  0.90182562E-04
 0.00000000E+00  0.98338063E-04
