Mu-Hu               
 0.15000000E+06  0.85374468E+06
 0.14925000E+06  0.85371659E+06
 0.14850000E+06  0.85368833E+06
 0.14775000E+06  0.85365988E+06
 0.14700000E+06  0.85363125E+06
 0.14625000E+06  0.85360243E+06
 0.14550000E+06  0.85357344E+06
 0.14475000E+06  0.85354425E+06
 0.14400000E+06  0.85351488E+06
 0.14325000E+06  0.85348532E+06
 0.14250000E+06  0.85345557E+06
 0.14175000E+06  0.85342562E+06
 0.14100000E+06  0.85339549E+06
 0.14025000E+06  0.85336515E+06
 0.13950000E+06  0.85333462E+06
 0.13875000E+06  0.85330389E+06
 0.13800000E+06  0.85327296E+06
 0.13725000E+06  0.85324183E+06
 0.13650000E+06  0.85321049E+06
 0.13575000E+06  0.85317895E+06
 0.13500000E+06  0.85314720E+06
 0.13425000E+06  0.85311524E+06
 0.13350000E+06  0.85308307E+06
 0.13275000E+06  0.85305069E+06
 0.13200000E+06  0.85301810E+06
 0.13125000E+06  0.85298529E+06
 0.13050000E+06  0.85295226E+06
 0.12975000E+06  0.85291901E+06
 0.12900000E+06  0.85288554E+06
 0.12825000E+06  0.85285184E+06
 0.12750000E+06  0.85281792E+06
 0.12675000E+06  0.85278378E+06
 0.12600000E+06  0.85274940E+06
 0.12525000E+06  0.85271479E+06
 0.12450000E+06  0.85267995E+06
 0.12375000E+06  0.85264487E+06
 0.12300000E+06  0.85260956E+06
 0.12225000E+06  0.85257401E+06
 0.12150000E+06  0.85253821E+06
 0.12075000E+06  0.85250218E+06
 0.12000000E+06  0.85246589E+06
 0.11925000E+06  0.85242936E+06
 0.11850000E+06  0.85239258E+06
 0.11775000E+06  0.85235555E+06
 0.11700000E+06  0.85231826E+06
 0.11625000E+06  0.85228072E+06
 0.11550000E+06  0.85224291E+06
 0.11475000E+06  0.85220485E+06
 0.11400000E+06  0.85216652E+06
 0.11325000E+06  0.85212793E+06
 0.11250000E+06  0.85208907E+06
 0.11175000E+06  0.85204993E+06
 0.11100000E+06  0.85201053E+06
 0.11025000E+06  0.85197085E+06
 0.10950000E+06  0.85193089E+06
 0.10875000E+06  0.85189065E+06
 0.10800000E+06  0.85185013E+06
 0.10725000E+06  0.85180932E+06
 0.10650000E+06  0.85176823E+06
 0.10575000E+06  0.85172685E+06
 0.10500000E+06  0.85168517E+06
 0.10425000E+06  0.85164319E+06
 0.10350000E+06  0.85160092E+06
 0.10275000E+06  0.85155835E+06
 0.10200000E+06  0.85151547E+06
 0.10125000E+06  0.85147228E+06
 0.10050000E+06  0.85142879E+06
 0.99750000E+05  0.85138498E+06
 0.99000000E+05  0.85134086E+06
 0.98250000E+05  0.85129642E+06
 0.97500000E+05  0.85125165E+06
 0.96750000E+05  0.85120657E+06
 0.96000000E+05  0.85116115E+06
 0.95250000E+05  0.85111541E+06
 0.94500000E+05  0.85106933E+06
 0.93750000E+05  0.85102292E+06
 0.93000000E+05  0.85097616E+06
 0.92250000E+05  0.85092906E+06
 0.91500000E+05  0.85088162E+06
 0.90750000E+05  0.85083383E+06
 0.90000000E+05  0.85078568E+06
 0.89250000E+05  0.85073718E+06
 0.88500000E+05  0.85068832E+06
 0.87750000E+05  0.85063909E+06
 0.87000000E+05  0.85058950E+06
 0.86250000E+05  0.85053954E+06
 0.85500000E+05  0.85048920E+06
 0.84750000E+05  0.85043849E+06
 0.84000000E+05  0.85038739E+06
 0.83250000E+05  0.85033591E+06
 0.82500000E+05  0.85028404E+06
 0.81750000E+05  0.85023178E+06
 0.81000000E+05  0.85017913E+06
 0.80250000E+05  0.85012607E+06
 0.79500000E+05  0.85007261E+06
 0.78750000E+05  0.85001874E+06
 0.78000000E+05  0.84996446E+06
 0.77250000E+05  0.84990976E+06
 0.76500000E+05  0.84985464E+06
 0.75750000E+05  0.84979910E+06
 0.75000000E+05  0.84974313E+06
 0.74250000E+05  0.84968672E+06
 0.73500000E+05  0.84962988E+06
 0.72750000E+05  0.84957259E+06
 0.72000000E+05  0.84951486E+06
 0.71250000E+05  0.84945668E+06
 0.70500000E+05  0.84939804E+06
 0.69750000E+05  0.84933894E+06
 0.69000000E+05  0.84927937E+06
 0.68250000E+05  0.84921934E+06
 0.67500000E+05  0.84915883E+06
 0.66750000E+05  0.84909783E+06
 0.66000000E+05  0.84903636E+06
 0.65250000E+05  0.84897439E+06
 0.64500000E+05  0.84891193E+06
 0.63750000E+05  0.84884896E+06
 0.63000000E+05  0.84878550E+06
 0.62250000E+05  0.84872151E+06
 0.61500000E+05  0.84865702E+06
 0.60750000E+05  0.84859200E+06
 0.60000000E+05  0.84852645E+06
 0.59250000E+05  0.84846036E+06
 0.58500000E+05  0.84839374E+06
 0.57750000E+05  0.84832657E+06
 0.57000000E+05  0.84825885E+06
 0.56250000E+05  0.84819057E+06
 0.55500000E+05  0.84812172E+06
 0.54750000E+05  0.84805230E+06
 0.54000000E+05  0.84798231E+06
 0.53250000E+05  0.84791173E+06
 0.52500000E+05  0.84784056E+06
 0.51750000E+05  0.84776880E+06
 0.51000000E+05  0.84769642E+06
 0.50250000E+05  0.84762344E+06
 0.49500000E+05  0.84754984E+06
 0.48750000E+05  0.84747560E+06
 0.48000000E+05  0.84740074E+06
 0.47250000E+05  0.84732523E+06
 0.46500000E+05  0.84724907E+06
 0.45750000E+05  0.84717225E+06
 0.45000000E+05  0.84709476E+06
 0.44250000E+05  0.84701659E+06
 0.43500000E+05  0.84693774E+06
 0.42750000E+05  0.84685819E+06
 0.42000000E+05  0.84677793E+06
 0.41250000E+05  0.84669696E+06
 0.40500000E+05  0.84661525E+06
 0.39750000E+05  0.84653280E+06
 0.39000000E+05  0.84644960E+06
 0.38250000E+05  0.84636563E+06
 0.37500000E+05  0.84628086E+06
 0.36750000E+05  0.84619530E+06
 0.36000000E+05  0.84610891E+06
 0.35250000E+05  0.84602167E+06
 0.34500000E+05  0.84593356E+06
 0.33750000E+05  0.84584453E+06
 0.33000000E+05  0.84575456E+06
 0.32250000E+05  0.84566358E+06
 0.31500000E+05  0.84557153E+06
 0.30750000E+05  0.84547833E+06
 0.30000000E+05  0.84538384E+06
 0.29250000E+05  0.84528791E+06
 0.28500000E+05  0.84519025E+06
 0.27750000E+05  0.84509048E+06
 0.27000000E+05  0.84498793E+06
 0.26250000E+05  0.84488146E+06
 0.25500000E+05  0.84476887E+06
 0.24750000E+05  0.84464562E+06
 0.24000000E+05  0.84450068E+06
 0.23250000E+05  0.84430109E+06
 0.22500000E+05  0.84390526E+06
 0.21750000E+05  0.84191360E+06
 0.21000000E+05  0.82682161E+06
 0.20250000E+05  0.81471054E+06
 0.19500000E+05  0.13689603E+06
 0.18750000E+05  0.13182142E+06
 0.18000000E+05  0.12683196E+06
 0.17250000E+05  0.12191012E+06
 0.16500000E+05  0.11703681E+06
 0.15750000E+05  0.11219242E+06
 0.15000000E+05  0.10735748E+06
 0.14250000E+05  0.10251315E+06
 0.13500000E+05  0.97641720E+05
 0.12750000E+05  0.92727288E+05
 0.12000000E+05  0.87756470E+05
 0.11250000E+05  0.82719185E+05
 0.10500000E+05  0.77609230E+05
 0.97500000E+04  0.72424398E+05
 0.90000000E+04  0.67165935E+05
 0.82500000E+04  0.61837378E+05
 0.75000000E+04  0.56443162E+05
 0.67500000E+04  0.50987522E+05
 0.60000000E+04  0.45474151E+05
 0.52500000E+04  0.39906655E+05
 0.45000000E+04  0.34289489E+05
 0.37500000E+04  0.28628868E+05
 0.30000000E+04  0.22933121E+05
 0.22500000E+04  0.17212246E+05
 0.15000000E+04  0.11476779E+05
 0.75000000E+03  0.57365173E+04
 0.00000000E+00  -.25132161E+00
 -.75000000E+03  -.57267555E+04
 -.15000000E+04  -.11437187E+05
 -.22500000E+04  -.17126114E+05
 -.30000000E+04  -.22788268E+05
 -.37500000E+04  -.28418835E+05
 -.45000000E+04  -.34014077E+05
 -.52500000E+04  -.39571962E+05
 -.60000000E+04  -.45092460E+05
 -.67500000E+04  -.50577284E+05
 -.75000000E+04  -.56029178E+05
 -.82500000E+04  -.61451056E+05
 -.90000000E+04  -.66845379E+05
 -.97500000E+04  -.72213956E+05
 -.10500000E+05  -.77558121E+05
 -.11250000E+05  -.82879053E+05
 -.12000000E+05  -.88178061E+05
 -.12750000E+05  -.93456776E+05
 -.13500000E+05  -.98717258E+05
 -.14250000E+05  -.10396202E+06
 -.15000000E+05  -.10919390E+06
 -.15750000E+05  -.11441583E+06
 -.16500000E+05  -.11963052E+06
 -.17250000E+05  -.12484020E+06
 -.18000000E+05  -.13004664E+06
 -.18750000E+05  -.13525116E+06
 -.19500000E+05  -.14045460E+06
 -.20250000E+05  -.14565694E+06
 -.21000000E+05  -.15085676E+06
 -.21750000E+05  -.15605095E+06
 -.22500000E+05  -.16123506E+06
 -.23250000E+05  -.16640462E+06
 -.24000000E+05  -.17155696E+06
 -.24750000E+05  -.17669292E+06
 -.25500000E+05  -.18181761E+06
 -.26250000E+05  -.18693987E+06
 -.27000000E+05  -.19207061E+06
 -.27750000E+05  -.19722009E+06
 -.28500000E+05  -.20239470E+06
 -.29250000E+05  -.20759370E+06
 -.30000000E+05  -.21280704E+06
 -.30750000E+05  -.21801587E+06
 -.31500000E+05  -.22319646E+06
 -.32250000E+05  -.22832672E+06
 -.33000000E+05  -.23339248E+06
 -.33750000E+05  -.23839128E+06
 -.34500000E+05  -.24333268E+06
 -.35250000E+05  -.24823609E+06
 -.36000000E+05  -.25312695E+06
 -.36750000E+05  -.25803137E+06
 -.37500000E+05  -.26296885E+06
 -.38250000E+05  -.26794215E+06
 -.39000000E+05  -.27292629E+06
 -.39750000E+05  -.27786331E+06
 -.40500000E+05  -.28267303E+06
 -.41250000E+05  -.28727989E+06
 -.42000000E+05  -.29163827E+06
 -.42750000E+05  -.29573942E+06
 -.43500000E+05  -.29960209E+06
 -.44250000E+05  -.30325915E+06
 -.45000000E+05  -.30674780E+06
 -.45750000E+05  -.31010450E+06
 -.46500000E+05  -.31336306E+06
 -.47250000E+05  -.31655446E+06
 -.48000000E+05  -.31970737E+06
 -.48750000E+05  -.32284894E+06
 -.49500000E+05  -.32600571E+06
 -.50250000E+05  -.32920435E+06
 -.51000000E+05  -.33247234E+06
 -.51750000E+05  -.33583826E+06
 -.52500000E+05  -.33933140E+06
 -.53250000E+05  -.34298016E+06
 -.54000000E+05  -.34680826E+06
 -.54750000E+05  -.35082839E+06
 -.55500000E+05  -.35503405E+06
 -.56250000E+05  -.35939362E+06
 -.57000000E+05  -.36385310E+06
 -.57750000E+05  -.36834978E+06
 -.58500000E+05  -.37282992E+06
 -.59250000E+05  -.37726000E+06
 -.60000000E+05  -.38162792E+06
 -.60750000E+05  -.38593779E+06
 -.61500000E+05  -.39020318E+06
 -.62250000E+05  -.39444149E+06
 -.63000000E+05  -.39866957E+06
 -.63750000E+05  -.40290038E+06
 -.64500000E+05  -.40714040E+06
 -.65250000E+05  -.41138775E+06
 -.66000000E+05  -.41563177E+06
 -.66750000E+05  -.41985452E+06
 -.67500000E+05  -.42403421E+06
 -.68250000E+05  -.42814951E+06
 -.69000000E+05  -.43218338E+06
 -.69750000E+05  -.43612518E+06
 -.70500000E+05  -.43997094E+06
 -.71250000E+05  -.44372244E+06
 -.72000000E+05  -.44738574E+06
 -.72750000E+05  -.45096976E+06
 -.73500000E+05  -.45448508E+06
 -.74250000E+05  -.45794309E+06
 -.75000000E+05  -.46135540E+06
 -.75750000E+05  -.46473341E+06
 -.76500000E+05  -.46808795E+06
 -.77250000E+05  -.47142911E+06
 -.78000000E+05  -.47476595E+06
 -.78750000E+05  -.47810635E+06
 -.79500000E+05  -.48145685E+06
 -.80250000E+05  -.48482249E+06
 -.81000000E+05  -.48820678E+06
 -.81750000E+05  -.49161163E+06
 -.82500000E+05  -.49503738E+06
 -.83250000E+05  -.49848284E+06
 -.84000000E+05  -.50194540E+06
 -.84750000E+05  -.50542106E+06
 -.85500000E+05  -.50890454E+06
 -.86250000E+05  -.51238947E+06
 -.87000000E+05  -.51586866E+06
 -.87750000E+05  -.51933445E+06
 -.88500000E+05  -.52277926E+06
 -.89250000E+05  -.52619612E+06
 -.90000000E+05  -.52957919E+06
 -.90750000E+05  -.53292414E+06
 -.91500000E+05  -.53622838E+06
 -.92250000E+05  -.53949111E+06
 -.93000000E+05  -.54271316E+06
 -.93750000E+05  -.54589686E+06
 -.94500000E+05  -.54904573E+06
 -.95250000E+05  -.55216424E+06
 -.96000000E+05  -.55525759E+06
 -.96750000E+05  -.55833150E+06
 -.97500000E+05  -.56139204E+06
 -.98250000E+05  -.56444552E+06
 -.99000000E+05  -.56749838E+06
 -.99750000E+05  -.57055711E+06
 -.10050000E+06  -.57362816E+06
 -.10125000E+06  -.57671798E+06
 -.10200000E+06  -.57983288E+06
 -.10275000E+06  -.58297908E+06
 -.10350000E+06  -.58616267E+06
 -.10425000E+06  -.58938966E+06
 -.10500000E+06  -.59266602E+06
 -.10575000E+06  -.59599780E+06
 -.10650000E+06  -.59939129E+06
 -.10725000E+06  -.60285330E+06
 -.10800000E+06  -.60639143E+06
 -.10875000E+06  -.61001459E+06
 -.10950000E+06  -.61373354E+06
 -.11025000E+06  -.61756168E+06
 -.11100000E+06  -.62151625E+06
 -.11175000E+06  -.62562012E+06
 -.11250000E+06  -.62990500E+06
 -.11325000E+06  -.63441725E+06
 -.11400000E+06  -.63922975E+06
 -.11475000E+06  -.64446937E+06
 -.11550000E+06  -.65039469E+06
 -.11625000E+06  -.65772490E+06
 -.11700000E+06  -.85231826E+06
 -.11775000E+06  -.85235555E+06
 -.11850000E+06  -.85239258E+06
 -.11925000E+06  -.85242936E+06
 -.12000000E+06  -.85246589E+06
 -.12075000E+06  -.85250218E+06
 -.12150000E+06  -.85253821E+06
 -.12225000E+06  -.85257401E+06
 -.12300000E+06  -.85260956E+06
 -.12375000E+06  -.85264487E+06
 -.12450000E+06  -.85267995E+06
 -.12525000E+06  -.85271479E+06
 -.12600000E+06  -.85274940E+06
 -.12675000E+06  -.85278378E+06
 -.12750000E+06  -.85281792E+06
 -.12825000E+06  -.85285184E+06
 -.12900000E+06  -.85288554E+06
 -.12975000E+06  -.85291901E+06
 -.13050000E+06  -.85295226E+06
 -.13125000E+06  -.85298529E+06
 -.13200000E+06  -.85301810E+06
 -.13275000E+06  -.85305069E+06
 -.13350000E+06  -.85308308E+06
 -.13425000E+06  -.85311524E+06
 -.13500000E+06  -.85314720E+06
 -.13575000E+06  -.85317895E+06
 -.13650000E+06  -.85321049E+06
 -.13725000E+06  -.85324183E+06
 -.13800000E+06  -.85327296E+06
 -.13875000E+06  -.85330389E+06
 -.13950000E+06  -.85333462E+06
 -.14025000E+06  -.85336515E+06
 -.14100000E+06  -.85339549E+06
 -.14175000E+06  -.85342562E+06
 -.14250000E+06  -.85345557E+06
 -.14325000E+06  -.85348532E+06
 -.14400000E+06  -.85351488E+06
 -.14475000E+06  -.85354425E+06
 -.14550000E+06  -.85357344E+06
 -.14625000E+06  -.85360244E+06
 -.14700000E+06  -.85363125E+06
 -.14775000E+06  -.85365988E+06
 -.14850000E+06  -.85368833E+06
 -.14925000E+06  -.85371660E+06
 -.15000000E+06  -.85374468E+06
Mv-Hv               
 0.00000000E+00  -.11246018E+03
 0.00000000E+00  -.11329761E+03
 0.00000000E+00  -.11414197E+03
 0.00000000E+00  -.11499590E+03
 0.00000000E+00  -.11585950E+03
 0.00000000E+00  -.11673296E+03
 0.00000000E+00  -.11761639E+03
 0.00000000E+00  -.11851001E+03
 0.00000000E+00  -.11941390E+03
 0.00000000E+00  -.12032831E+03
 0.00000000E+00  -.12125332E+03
 0.00000000E+00  -.12218919E+03
 0.00000000E+00  -.12313600E+03
 0.00000000E+00  -.12409403E+03
 0.00000000E+00  -.12506334E+03
 0.00000000E+00  -.12604419E+03
 0.00000000E+00  -.12703682E+03
 0.00000000E+00  -.12804129E+03
 0.00000000E+00  -.12905795E+03
 0.00000000E+00  -.13008685E+03
 0.00000000E+00  -.13112834E+03
 0.00000000E+00  -.13218248E+03
 0.00000000E+00  -.13324965E+03
 0.00000000E+00  -.13433008E+03
 0.00000000E+00  -.13542380E+03
 0.00000000E+00  -.13653116E+03
 0.00000000E+00  -.13765236E+03
 0.00000000E+00  -.13878767E+03
 0.00000000E+00  -.13993740E+03
 0.00000000E+00  -.14110164E+03
 0.00000000E+00  -.14228073E+03
 0.00000000E+00  -.14347502E+03
 0.00000000E+00  -.14468461E+03
 0.00000000E+00  -.14590986E+03
 0.00000000E+00  -.14715105E+03
 0.00000000E+00  -.14840855E+03
 0.00000000E+00  -.14968249E+03
 0.00000000E+00  -.15097326E+03
 0.00000000E+00  -.15228116E+03
 0.00000000E+00  -.15360652E+03
 0.00000000E+00  -.15494965E+03
 0.00000000E+00  -.15631100E+03
 0.00000000E+00  -.15769070E+03
 0.00000000E+00  -.15908920E+03
 0.00000000E+00  -.16050686E+03
 0.00000000E+00  -.16194405E+03
 0.00000000E+00  -.16340114E+03
 0.00000000E+00  -.16487852E+03
 0.00000000E+00  -.16637659E+03
 0.00000000E+00  -.16789574E+03
 0.00000000E+00  -.16943641E+03
 0.00000000E+00  -.17099901E+03
 0.00000000E+00  -.17258399E+03
 0.00000000E+00  -.17419167E+03
 0.00000000E+00  -.17582276E+03
 0.00000000E+00  -.17747760E+03
 0.00000000E+00  -.17915670E+03
 0.00000000E+00  -.18086042E+03
 0.00000000E+00  -.18258953E+03
 0.00000000E+00  -.18434442E+03
 0.00000000E+00  -.18612553E+03
 0.00000000E+00  -.18793365E+03
 0.00000000E+00  -.18976912E+03
 0.00000000E+00  -.19163265E+03
 0.00000000E+00  -.19352484E+03
 0.00000000E+00  -.19544632E+03
 0.00000000E+00  -.19739765E+03
 0.00000000E+00  -.19937968E+03
 0.00000000E+00  -.20139299E+03
 0.00000000E+00  -.20343829E+03
 0.00000000E+00  -.20551629E+03
 0.00000000E+00  -.20762775E+03
 0.00000000E+00  -.20977345E+03
 0.00000000E+00  -.21195413E+03
 0.00000000E+00  -.21417060E+03
 0.00000000E+00  -.21642371E+03
 0.00000000E+00  -.21871430E+03
 0.00000000E+00  -.22104329E+03
 0.00000000E+00  -.22341152E+03
 0.00000000E+00  -.22582001E+03
 0.00000000E+00  -.22826966E+03
 0.00000000E+00  -.23076152E+03
 0.00000000E+00  -.23329663E+03
 0.00000000E+00  -.23587602E+03
 0.00000000E+00  -.23850086E+03
 0.00000000E+00  -.24117225E+03
 0.00000000E+00  -.24389139E+03
 0.00000000E+00  -.24665950E+03
 0.00000000E+00  -.24947783E+03
 0.00000000E+00  -.25234769E+03
 0.00000000E+00  -.25527046E+03
 0.00000000E+00  -.25824747E+03
 0.00000000E+00  -.26128020E+03
 0.00000000E+00  -.26437013E+03
 0.00000000E+00  -.26751883E+03
 0.00000000E+00  -.27072782E+03
 0.00000000E+00  -.27399889E+03
 0.00000000E+00  -.27733369E+03
 0.00000000E+00  -.28073395E+03
 0.00000000E+00  -.28420156E+03
 0.00000000E+00  -.28773853E+03
 0.00000000E+00  -.29134668E+03
 0.00000000E+00  -.29502817E+03
 0.00000000E+00  -.29878520E+03
 0.00000000E+00  -.30261984E+03
 0.00000000E+00  -.30653447E+03
 0.00000000E+00  -.31053150E+03
 0.00000000E+00  -.31461340E+03
 0.00000000E+00  -.31878277E+03
 0.00000000E+00  -.32304229E+03
 0.00000000E+00  -.32739478E+03
 0.00000000E+00  -.33184312E+03
 0.00000000E+00  -.33639036E+03
 0.00000000E+00  -.34103953E+03
 0.00000000E+00  -.34579413E+03
 0.00000000E+00  -.35065735E+03
 0.00000000E+00  -.35563298E+03
 0.00000000E+00  -.36072448E+03
 0.00000000E+00  -.36593596E+03
 0.00000000E+00  -.37127120E+03
 0.00000000E+00  -.37673450E+03
 0.00000000E+00  -.38233025E+03
 0.00000000E+00  -.38806299E+03
 0.00000000E+00  -.39393748E+03
 0.00000000E+00  -.39995867E+03
 0.00000000E+00  -.40613173E+03
 0.00000000E+00  -.41246205E+03
 0.00000000E+00  -.41895523E+03
 0.00000000E+00  -.42561714E+03
 0.00000000E+00  -.43245387E+03
 0.00000000E+00  -.43947178E+03
 0.00000000E+00  -.44667749E+03
 0.00000000E+00  -.45407786E+03
 0.00000000E+00  -.46168020E+03
 0.00000000E+00  -.46949180E+03
 0.00000000E+00  -.47752061E+03
 0.00000000E+00  -.48577820E+03
 0.00000000E+00  -.49426374E+03
 0.00000000E+00  -.50299102E+03
 0.00000000E+00  -.51196881E+03
 0.00000000E+00  -.52120609E+03
 0.00000000E+00  -.53071184E+03
 0.00000000E+00  -.54049545E+03
 0.00000000E+00  -.55056610E+03
 0.00000000E+00  -.56093299E+03
 0.00000000E+00  -.57160497E+03
 0.00000000E+00  -.58259074E+03
 0.00000000E+00  -.59389798E+03
 0.00000000E+00  -.60553436E+03
 0.00000000E+00  -.61750497E+03
 0.00000000E+00  -.62981348E+03
 0.00000000E+00  -.64246034E+03
 0.00000000E+00  -.65544136E+03
 0.00000000E+00  -.66875455E+03
 0.00000000E+00  -.68238228E+03
 0.00000000E+00  -.69629771E+03
 0.00000000E+00  -.71046268E+03
 0.00000000E+00  -.72482091E+03
 0.00000000E+00  -.73930424E+03
 0.00000000E+00  -.75374659E+03
 0.00000000E+00  -.76801780E+03
 0.00000000E+00  -.78185774E+03
 0.00000000E+00  -.79489182E+03
 0.00000000E+00  -.80655977E+03
 0.00000000E+00  -.81599593E+03
 0.00000000E+00  -.82181221E+03
 0.00000000E+00  -.82166856E+03
 0.00000000E+00  -.81134085E+03
 0.00000000E+00  -.78242873E+03
 0.00000000E+00  -.71563737E+03
 0.00000000E+00  -.55499378E+03
 0.00000000E+00  -.57323641E+02
 0.00000000E+00  0.49670986E+03
 0.00000000E+00  0.52167241E+03
 0.00000000E+00  0.48485751E+04
 0.00000000E+00  0.48562838E+04
 0.00000000E+00  0.47969641E+04
 0.00000000E+00  0.46806833E+04
 0.00000000E+00  0.45177702E+04
 0.00000000E+00  0.43179376E+04
 0.00000000E+00  0.40896937E+04
 0.00000000E+00  0.38400791E+04
 0.00000000E+00  0.35747309E+04
 0.00000000E+00  0.32982154E+04
 0.00000000E+00  0.30145441E+04
 0.00000000E+00  0.27277125E+04
 0.00000000E+00  0.24420663E+04
 0.00000000E+00  0.21623027E+04
 0.00000000E+00  0.18930193E+04
 0.00000000E+00  0.16379224E+04
 0.00000000E+00  0.13990013E+04
 0.00000000E+00  0.11760548E+04
 0.00000000E+00  0.96684871E+03
 0.00000000E+00  0.76793283E+03
 0.00000000E+00  0.57590381E+03
 0.00000000E+00  0.38867859E+03
 0.00000000E+00  0.20627182E+03
 0.00000000E+00  0.30708903E+02
 0.00000000E+00  -.13492806E+03
 0.00000000E+00  -.28787994E+03
 0.00000000E+00  -.42685239E+03
 0.00000000E+00  -.55238213E+03
 0.00000000E+00  -.66629810E+03
 0.00000000E+00  -.77054795E+03
 0.00000000E+00  -.86592966E+03
 0.00000000E+00  -.95129185E+03
 0.00000000E+00  -.10235596E+04
 0.00000000E+00  -.10785743E+04
 0.00000000E+00  -.11124015E+04
 0.00000000E+00  -.11226135E+04
 0.00000000E+00  -.11091322E+04
 0.00000000E+00  -.10744129E+04
 0.00000000E+00  -.10229635E+04
 0.00000000E+00  -.96036146E+03
 0.00000000E+00  -.89206257E+03
 0.00000000E+00  -.82234931E+03
 0.00000000E+00  -.75372279E+03
 0.00000000E+00  -.68689361E+03
 0.00000000E+00  -.62134414E+03
 0.00000000E+00  -.55626547E+03
 0.00000000E+00  -.49157259E+03
 0.00000000E+00  -.42870704E+03
 0.00000000E+00  -.37100208E+03
 0.00000000E+00  -.32349989E+03
 0.00000000E+00  -.29224609E+03
 0.00000000E+00  -.28321824E+03
 0.00000000E+00  -.30112331E+03
 0.00000000E+00  -.34835148E+03
 0.00000000E+00  -.42435641E+03
 0.00000000E+00  -.52567936E+03
 0.00000000E+00  -.64670893E+03
 0.00000000E+00  -.78105171E+03
 0.00000000E+00  -.92312880E+03
 0.00000000E+00  -.10694894E+04
 0.00000000E+00  -.12194158E+04
 0.00000000E+00  -.13746392E+04
 0.00000000E+00  -.15382190E+04
 0.00000000E+00  -.17127730E+04
 0.00000000E+00  -.18983927E+04
 0.00000000E+00  -.20908315E+04
 0.00000000E+00  -.22808635E+04
 0.00000000E+00  -.24556983E+04
 0.00000000E+00  -.26025119E+04
 0.00000000E+00  -.27127595E+04
 0.00000000E+00  -.27852413E+04
 0.00000000E+00  -.28267568E+04
 0.00000000E+00  -.28507702E+04
 0.00000000E+00  -.28752950E+04
 0.00000000E+00  -.29208972E+04
 0.00000000E+00  -.30088845E+04
 0.00000000E+00  -.31590232E+04
 0.00000000E+00  -.33857534E+04
 0.00000000E+00  -.36925044E+04
 0.00000000E+00  -.40661559E+04
 0.00000000E+00  -.44767967E+04
 0.00000000E+00  -.48862098E+04
 0.00000000E+00  -.52602875E+04
 0.00000000E+00  -.55766066E+04
 0.00000000E+00  -.58245342E+04
 0.00000000E+00  -.60014805E+04
 0.00000000E+00  -.61090212E+04
 0.00000000E+00  -.61502645E+04
 0.00000000E+00  -.61284023E+04
 0.00000000E+00  -.60460267E+04
 0.00000000E+00  -.59048712E+04
 0.00000000E+00  -.57057806E+04
 0.00000000E+00  -.54488184E+04
 0.00000000E+00  -.51334994E+04
 0.00000000E+00  -.47591896E+04
 0.00000000E+00  -.43257774E+04
 0.00000000E+00  -.38347697E+04
 0.00000000E+00  -.32909869E+04
 0.00000000E+00  -.27049020E+04
 0.00000000E+00  -.20951841E+04
 0.00000000E+00  -.14900086E+04
 0.00000000E+00  -.92479427E+03
 0.00000000E+00  -.43504850E+03
 0.00000000E+00  -.47037453E+02
 0.00000000E+00  0.22811884E+03
 0.00000000E+00  0.39378503E+03
 0.00000000E+00  0.46275577E+03
 0.00000000E+00  0.45173944E+03
 0.00000000E+00  0.37749529E+03
 0.00000000E+00  0.25478539E+03
 0.00000000E+00  0.95569837E+02
 0.00000000E+00  -.91124143E+02
 0.00000000E+00  -.29896163E+03
 0.00000000E+00  -.52379790E+03
 0.00000000E+00  -.76294106E+03
 0.00000000E+00  -.10142432E+04
 0.00000000E+00  -.12752082E+04
 0.00000000E+00  -.15423705E+04
 0.00000000E+00  -.18111144E+04
 0.00000000E+00  -.20759080E+04
 0.00000000E+00  -.23307695E+04
 0.00000000E+00  -.25697572E+04
 0.00000000E+00  -.27873618E+04
 0.00000000E+00  -.29787557E+04
 0.00000000E+00  -.31399209E+04
 0.00000000E+00  -.32676970E+04
 0.00000000E+00  -.33597772E+04
 0.00000000E+00  -.34146893E+04
 0.00000000E+00  -.34317805E+04
 0.00000000E+00  -.34112141E+04
 0.00000000E+00  -.33539833E+04
 0.00000000E+00  -.32619290E+04
 0.00000000E+00  -.31377546E+04
 0.00000000E+00  -.29850132E+04
 0.00000000E+00  -.28080490E+04
 0.00000000E+00  -.26118843E+04
 0.00000000E+00  -.24020494E+04
 0.00000000E+00  -.21843673E+04
 0.00000000E+00  -.19647156E+04
 0.00000000E+00  -.17487866E+04
 0.00000000E+00  -.15418668E+04
 0.00000000E+00  -.13486403E+04
 0.00000000E+00  -.11730225E+04
 0.00000000E+00  -.10180265E+04
 0.00000000E+00  -.88566872E+03
 0.00000000E+00  -.77692767E+03
 0.00000000E+00  -.69176883E+03
 0.00000000E+00  -.62923918E+03
 0.00000000E+00  -.58762258E+03
 0.00000000E+00  -.56463459E+03
 0.00000000E+00  -.55763087E+03
 0.00000000E+00  -.56380367E+03
 0.00000000E+00  -.58034922E+03
 0.00000000E+00  -.60459635E+03
 0.00000000E+00  -.63409452E+03
 0.00000000E+00  -.66666493E+03
 0.00000000E+00  -.70042234E+03
 0.00000000E+00  -.73377384E+03
 0.00000000E+00  -.76540223E+03
 0.00000000E+00  -.79423972E+03
 0.00000000E+00  -.81943656E+03
 0.00000000E+00  -.84032984E+03
 0.00000000E+00  -.85641241E+03
 0.00000000E+00  -.86730630E+03
 0.00000000E+00  -.87274239E+03
 0.00000000E+00  -.87254814E+03
 0.00000000E+00  -.86664458E+03
 0.00000000E+00  -.85505482E+03
 0.00000000E+00  -.83792430E+03
 0.00000000E+00  -.81555274E+03
 0.00000000E+00  -.78843587E+03
 0.00000000E+00  -.75731276E+03
 0.00000000E+00  -.72321406E+03
 0.00000000E+00  -.68750219E+03
 0.00000000E+00  -.65189599E+03
 0.00000000E+00  -.61847023E+03
 0.00000000E+00  -.58962450E+03
 0.00000000E+00  -.56802349E+03
 0.00000000E+00  -.55652800E+03
 0.00000000E+00  -.55818893E+03
 0.00000000E+00  -.57654443E+03
 0.00000000E+00  -.61748302E+03
 0.00000000E+00  0.16050874E+03
 0.00000000E+00  0.15908982E+03
 0.00000000E+00  0.15769121E+03
 0.00000000E+00  0.15631140E+03
 0.00000000E+00  0.15495006E+03
 0.00000000E+00  0.15360683E+03
 0.00000000E+00  0.15228138E+03
 0.00000000E+00  0.15097348E+03
 0.00000000E+00  0.14968263E+03
 0.00000000E+00  0.14840861E+03
 0.00000000E+00  0.14715112E+03
 0.00000000E+00  0.14590995E+03
 0.00000000E+00  0.14468463E+03
 0.00000000E+00  0.14347497E+03
 0.00000000E+00  0.14228070E+03
 0.00000000E+00  0.14110164E+03
 0.00000000E+00  0.13993734E+03
 0.00000000E+00  0.13878763E+03
 0.00000000E+00  0.13765236E+03
 0.00000000E+00  0.13653110E+03
 0.00000000E+00  0.13542370E+03
 0.00000000E+00  0.13432992E+03
 0.00000000E+00  0.13324954E+03
 0.00000000E+00  0.13218241E+03
 0.00000000E+00  0.13112805E+03
 0.00000000E+00  0.13008652E+03
 0.00000000E+00  0.12905744E+03
 0.00000000E+00  0.12804075E+03
 0.00000000E+00  0.12703610E+03
 0.00000000E+00  0.12604338E+03
 0.00000000E+00  0.12506245E+03
 0.00000000E+00  0.12409300E+03
 0.00000000E+00  0.12313496E+03
 0.00000000E+00  0.12218803E+03
 0.00000000E+00  0.12125215E+03
 0.00000000E+00  0.12032704E+03
 0.00000000E+00  0.11941262E+03
 0.00000000E+00  0.11850865E+03
 0.00000000E+00  0.11761503E+03
 0.00000000E+00  0.11673153E+03
 0.00000000E+00  0.11585806E+03
 0.00000000E+00  0.11499441E+03
 0.00000000E+00  0.11414046E+03
 0.00000000E+00  0.11329608E+03
 0.00000000E+00  0.11246108E+03
Mw-Hw               
 0.00000000E+00  0.61456392E-03
 0.00000000E+00  0.22970076E-03
 0.00000000E+00  0.27036877E-03
 0.00000000E+00  0.27493689E-03
 0.00000000E+00  0.31720429E-03
 0.00000000E+00  0.32247232E-03
 0.00000000E+00  0.36598838E-03
 0.00000000E+00  0.37196732E-03
 0.00000000E+00  0.41651718E-03
 0.00000000E+00  0.42320443E-03
 0.00000000E+00  0.46853406E-03
 0.00000000E+00  0.47591259E-03
 0.00000000E+00  0.52172556E-03
 0.00000000E+00  0.52976161E-03
 0.00000000E+00  0.57571601E-03
 0.00000000E+00  0.62123569E-03
 0.00000000E+00  0.63006248E-03
 0.00000000E+00  0.67497941E-03
 0.00000000E+00  0.68425987E-03
 0.00000000E+00  0.72808583E-03
 0.00000000E+00  0.73770184E-03
 0.00000000E+00  0.77990480E-03
 0.00000000E+00  0.78970917E-03
 0.00000000E+00  0.76816917E-03
 0.00000000E+00  0.77878563E-03
 0.00000000E+00  0.78967320E-03
 0.00000000E+00  0.80077753E-03
 0.00000000E+00  0.81208158E-03
 0.00000000E+00  0.79280959E-03
 0.00000000E+00  0.80492730E-03
 0.00000000E+00  0.81725466E-03
 0.00000000E+00  0.79903156E-03
 0.00000000E+00  0.81215181E-03
 0.00000000E+00  0.82544332E-03
 0.00000000E+00  0.83884134E-03
 0.00000000E+00  0.82247164E-03
 0.00000000E+00  0.83661321E-03
 0.00000000E+00  0.85084905E-03
 0.00000000E+00  0.86510334E-03
 0.00000000E+00  0.87933719E-03
 0.00000000E+00  0.89350828E-03
 0.00000000E+00  0.88060540E-03
 0.00000000E+00  0.89535515E-03
 0.00000000E+00  0.90999939E-03
 0.00000000E+00  0.92443243E-03
 0.00000000E+00  0.93859418E-03
 0.00000000E+00  0.95241980E-03
 0.00000000E+00  0.96583946E-03
 0.00000000E+00  0.97877819E-03
 0.00000000E+00  0.99115558E-03
 0.00000000E+00  0.10028856E-02
 0.00000000E+00  0.10138762E-02
 0.00000000E+00  0.10240294E-02
 0.00000000E+00  0.10451388E-02
 0.00000000E+00  0.10516471E-02
 0.00000000E+00  0.10568166E-02
 0.00000000E+00  0.10606053E-02
 0.00000000E+00  0.10644637E-02
 0.00000000E+00  0.10630294E-02
 0.00000000E+00  0.10596164E-02
 0.00000000E+00  0.10458786E-02
 0.00000000E+00  0.10358329E-02
 0.00000000E+00  0.10065654E-02
 0.00000000E+00  0.96584083E-03
 0.00000000E+00  0.91295430E-03
 0.00000000E+00  0.84733513E-03
 0.00000000E+00  0.72174291E-03
 0.00000000E+00  0.62221366E-03
 0.00000000E+00  0.50863514E-03
 0.00000000E+00  0.38082521E-03
 0.00000000E+00  0.23871594E-03
 0.00000000E+00  0.82366823E-04
 0.00000000E+00  -.32923629E-07
 0.00000000E+00  -.86945209E-04
 0.00000000E+00  -.17860421E-03
 0.00000000E+00  -.18245727E-03
 0.00000000E+00  -.18904834E-03
 0.00000000E+00  -.25973764E-04
 0.00000000E+00  -.39019672E-04
 0.00000000E+00  0.25371027E-04
 0.00000000E+00  0.63431445E-05
 0.00000000E+00  -.15600939E-04
 0.00000000E+00  -.40371634E-04
 0.00000000E+00  -.14835075E-03
 0.00000000E+00  -.17920970E-03
 0.00000000E+00  -.29658681E-03
 0.00000000E+00  -.33384533E-03
 0.00000000E+00  -.46095678E-03
 0.00000000E+00  -.50500605E-03
 0.00000000E+00  -.55232885E-03
 0.00000000E+00  -.69303456E-03
 0.00000000E+00  -.74773571E-03
 0.00000000E+00  -.80588591E-03
 0.00000000E+00  -.86767003E-03
 0.00000000E+00  -.93311478E-03
 0.00000000E+00  -.91126917E-03
 0.00000000E+00  -.98378108E-03
 0.00000000E+00  -.10601269E-02
 0.00000000E+00  -.10504873E-02
 0.00000000E+00  -.10457600E-02
 0.00000000E+00  -.11327173E-02
 0.00000000E+00  -.11365173E-02
 0.00000000E+00  -.11450300E-02
 0.00000000E+00  -.12425151E-02
 0.00000000E+00  -.12592275E-02
 0.00000000E+00  -.12804321E-02
 0.00000000E+00  -.13061115E-02
 0.00000000E+00  -.13361466E-02
 0.00000000E+00  -.13704011E-02
 0.00000000E+00  -.14087170E-02
 0.00000000E+00  -.14509083E-02
 0.00000000E+00  -.14967548E-02
 0.00000000E+00  -.15459942E-02
 0.00000000E+00  -.15265993E-02
 0.00000000E+00  -.15830829E-02
 0.00000000E+00  -.15738120E-02
 0.00000000E+00  -.16361833E-02
 0.00000000E+00  -.16355512E-02
 0.00000000E+00  -.17019479E-02
 0.00000000E+00  -.17080575E-02
 0.00000000E+00  -.17177457E-02
 0.00000000E+00  -.17303913E-02
 0.00000000E+00  -.17452813E-02
 0.00000000E+00  -.17616109E-02
 0.00000000E+00  -.17784689E-02
 0.00000000E+00  -.17948211E-02
 0.00000000E+00  -.18094926E-02
 0.00000000E+00  -.18211502E-02
 0.00000000E+00  -.18282840E-02
 0.00000000E+00  -.18291912E-02
 0.00000000E+00  -.18219623E-02
 0.00000000E+00  -.18044713E-02
 0.00000000E+00  -.17743739E-02
 0.00000000E+00  -.17458452E-02
 0.00000000E+00  -.16887914E-02
 0.00000000E+00  -.16053465E-02
 0.00000000E+00  0.77351054E-03
 0.00000000E+00  0.14038865E-02
 0.00000000E+00  0.16100443E-02
 0.00000000E+00  0.17269552E-02
 0.00000000E+00  0.17660402E-02
 0.00000000E+00  0.19247410E-02
 0.00000000E+00  0.20056078E-02
 0.00000000E+00  0.21002706E-02
 0.00000000E+00  0.22004258E-02
 0.00000000E+00  0.23658734E-02
 0.00000000E+00  0.25032168E-02
 0.00000000E+00  0.27111563E-02
 0.00000000E+00  0.26726653E-02
 0.00000000E+00  0.26009192E-02
 0.00000000E+00  0.24378912E-02
 0.00000000E+00  0.21658218E-02
 0.00000000E+00  0.11760515E-02
 0.00000000E+00  -.25942229E-03
 0.00000000E+00  -.89446307E-03
 0.00000000E+00  -.13479735E-02
 0.00000000E+00  -.16914334E-02
 0.00000000E+00  -.19826183E-02
 0.00000000E+00  -.13254707E-02
 0.00000000E+00  0.18159551E-02
 0.00000000E+00  0.21757280E-02
 0.00000000E+00  0.22382168E-02
 0.00000000E+00  0.22558697E-02
 0.00000000E+00  0.22550903E-02
 0.00000000E+00  0.22537637E-02
 0.00000000E+00  0.22421050E-02
 0.00000000E+00  0.22357280E-02
 0.00000000E+00  0.22204747E-02
 0.00000000E+00  0.22045211E-02
 0.00000000E+00  0.21847501E-02
 0.00000000E+00  0.21605182E-02
 0.00000000E+00  0.21387990E-02
 0.00000000E+00  0.16321688E-02
 0.00000000E+00  0.31068526E-03
 0.00000000E+00  0.70993469E+04
 0.00000000E+00  0.70938521E+04
 0.00000000E+00  0.70894094E+04
 0.00000000E+00  0.70863709E+04
 0.00000000E+00  0.70849736E+04
 0.00000000E+00  0.70853533E+04
 0.00000000E+00  0.70875536E+04
 0.00000000E+00  0.70915296E+04
 0.00000000E+00  0.70971491E+04
 0.00000000E+00  0.71041957E+04
 0.00000000E+00  0.71123784E+04
 0.00000000E+00  0.71213516E+04
 0.00000000E+00  0.71307463E+04
 0.00000000E+00  0.71402108E+04
 0.00000000E+00  0.71494473E+04
 0.00000000E+00  0.71582348E+04
 0.00000000E+00  0.71664252E+04
 0.00000000E+00  0.71739173E+04
 0.00000000E+00  0.71806194E+04
 0.00000000E+00  0.71864212E+04
 0.00000000E+00  0.71911869E+04
 0.00000000E+00  0.71947740E+04
 0.00000000E+00  0.71970690E+04
 0.00000000E+00  0.71980231E+04
 0.00000000E+00  0.71976700E+04
 0.00000000E+00  0.71961147E+04
 0.00000000E+00  0.71935010E+04
 0.00000000E+00  0.71899767E+04
 0.00000000E+00  0.71856740E+04
 0.00000000E+00  0.71807111E+04
 0.00000000E+00  0.71752085E+04
 0.00000000E+00  0.71693049E+04
 0.00000000E+00  0.71631641E+04
 0.00000000E+00  0.71569643E+04
 0.00000000E+00  0.71508734E+04
 0.00000000E+00  0.71450218E+04
 0.00000000E+00  0.71394837E+04
 0.00000000E+00  0.71342751E+04
 0.00000000E+00  0.71293699E+04
 0.00000000E+00  0.71247211E+04
 0.00000000E+00  0.71202813E+04
 0.00000000E+00  0.71160141E+04
 0.00000000E+00  0.71118975E+04
 0.00000000E+00  0.71079231E+04
 0.00000000E+00  0.71040895E+04
 0.00000000E+00  0.71003944E+04
 0.00000000E+00  0.70968236E+04
 0.00000000E+00  0.70933435E+04
 0.00000000E+00  0.70898988E+04
 0.00000000E+00  0.70864167E+04
 0.00000000E+00  0.70828130E+04
 0.00000000E+00  0.70789953E+04
 0.00000000E+00  0.70748627E+04
 0.00000000E+00  0.70703089E+04
 0.00000000E+00  0.70652384E+04
 0.00000000E+00  0.70595976E+04
 0.00000000E+00  0.70534132E+04
 0.00000000E+00  0.70468139E+04
 0.00000000E+00  0.70400179E+04
 0.00000000E+00  0.70332785E+04
 0.00000000E+00  0.70268037E+04
 0.00000000E+00  0.70206735E+04
 0.00000000E+00  0.70147778E+04
 0.00000000E+00  0.70087906E+04
 0.00000000E+00  0.70021947E+04
 0.00000000E+00  0.69943697E+04
 0.00000000E+00  0.69847447E+04
 0.00000000E+00  0.69729847E+04
 0.00000000E+00  0.69591342E+04
 0.00000000E+00  0.69436383E+04
 0.00000000E+00  0.69272202E+04
 0.00000000E+00  0.69106701E+04
 0.00000000E+00  0.68946263E+04
 0.00000000E+00  0.68793953E+04
 0.00000000E+00  0.68648170E+04
 0.00000000E+00  0.68501667E+04
 0.00000000E+00  0.68341100E+04
 0.00000000E+00  0.68147918E+04
 0.00000000E+00  0.67902010E+04
 0.00000000E+00  0.67588991E+04
 0.00000000E+00  0.67208524E+04
 0.00000000E+00  0.66777268E+04
 0.00000000E+00  0.66323151E+04
 0.00000000E+00  0.65875750E+04
 0.00000000E+00  0.65459598E+04
 0.00000000E+00  0.65092201E+04
 0.00000000E+00  0.64784892E+04
 0.00000000E+00  0.64544498E+04
 0.00000000E+00  0.64374837E+04
 0.00000000E+00  0.64277786E+04
 0.00000000E+00  0.64253963E+04
 0.00000000E+00  0.64303091E+04
 0.00000000E+00  0.64424136E+04
 0.00000000E+00  0.64615238E+04
 0.00000000E+00  0.64873458E+04
 0.00000000E+00  0.65194293E+04
 0.00000000E+00  0.65570962E+04
 0.00000000E+00  0.65993481E+04
 0.00000000E+00  0.66447745E+04
 0.00000000E+00  0.66915206E+04
 0.00000000E+00  0.67374154E+04
 0.00000000E+00  0.67803477E+04
 0.00000000E+00  0.68188159E+04
 0.00000000E+00  0.68523449E+04
 0.00000000E+00  0.68814783E+04
 0.00000000E+00  0.69073843E+04
 0.00000000E+00  0.69313769E+04
 0.00000000E+00  0.69545791E+04
 0.00000000E+00  0.69777655E+04
 0.00000000E+00  0.70013230E+04
 0.00000000E+00  0.70252682E+04
 0.00000000E+00  0.70492937E+04
 0.00000000E+00  0.70728411E+04
 0.00000000E+00  0.70952085E+04
 0.00000000E+00  0.71156969E+04
 0.00000000E+00  0.71337706E+04
 0.00000000E+00  0.71491878E+04
 0.00000000E+00  0.71620552E+04
 0.00000000E+00  0.71727916E+04
 0.00000000E+00  0.71820291E+04
 0.00000000E+00  0.71904975E+04
 0.00000000E+00  0.71989277E+04
 0.00000000E+00  0.72079892E+04
 0.00000000E+00  0.72182577E+04
 0.00000000E+00  0.72302042E+04
 0.00000000E+00  0.72441947E+04
 0.00000000E+00  0.72604964E+04
 0.00000000E+00  0.72792839E+04
 0.00000000E+00  0.73006469E+04
 0.00000000E+00  0.73245964E+04
 0.00000000E+00  0.73510725E+04
 0.00000000E+00  0.73799511E+04
 0.00000000E+00  0.74110538E+04
 0.00000000E+00  0.74441576E+04
 0.00000000E+00  0.74790069E+04
 0.00000000E+00  0.75153244E+04
 0.00000000E+00  0.75528225E+04
 0.00000000E+00  0.75912114E+04
 0.00000000E+00  0.76302062E+04
 0.00000000E+00  0.76695324E+04
 0.00000000E+00  0.77089322E+04
 0.00000000E+00  0.77481730E+04
 0.00000000E+00  0.77870583E+04
 0.00000000E+00  0.78254414E+04
 0.00000000E+00  0.78632382E+04
 0.00000000E+00  0.79004353E+04
 0.00000000E+00  0.79370934E+04
 0.00000000E+00  0.79733426E+04
 0.00000000E+00  0.80093713E+04
 0.00000000E+00  0.80454125E+04
 0.00000000E+00  0.80817275E+04
 0.00000000E+00  0.81185917E+04
 0.00000000E+00  0.81562820E+04
 0.00000000E+00  0.81950672E+04
 0.00000000E+00  0.82352014E+04
 0.00000000E+00  0.82769188E+04
 0.00000000E+00  0.83204310E+04
 0.00000000E+00  0.83659254E+04
 0.00000000E+00  0.84135646E+04
 0.00000000E+00  0.84634860E+04
 0.00000000E+00  0.85158026E+04
 0.00000000E+00  0.85706037E+04
 0.00000000E+00  0.86279571E+04
 0.00000000E+00  0.86879111E+04
 0.00000000E+00  0.87504989E+04
 0.00000000E+00  0.88157437E+04
 0.00000000E+00  0.88836664E+04
 0.00000000E+00  0.89542942E+04
 0.00000000E+00  0.90276728E+04
 0.00000000E+00  0.91038803E+04
 0.00000000E+00  0.91830432E+04
 0.00000000E+00  0.92653574E+04
 0.00000000E+00  0.93511141E+04
 0.00000000E+00  0.94407355E+04
 0.00000000E+00  0.95348299E+04
 0.00000000E+00  0.96342786E+04
 0.00000000E+00  0.97403869E+04
 0.00000000E+00  0.98551593E+04
 0.00000000E+00  0.99818507E+04
 0.00000000E+00  0.10126226E+05
 0.00000000E+00  0.10300120E+05
 0.00000000E+00  0.10536541E+05
 0.00000000E+00  -.30374374E-03
 0.00000000E+00  -.92439581E-03
 0.00000000E+00  -.90789603E-03
 0.00000000E+00  -.89275710E-03
 0.00000000E+00  -.87751974E-03
 0.00000000E+00  -.86223161E-03
 0.00000000E+00  -.84693681E-03
 0.00000000E+00  -.86220289E-03
 0.00000000E+00  -.84770969E-03
 0.00000000E+00  -.83323153E-03
 0.00000000E+00  -.81884748E-03
 0.00000000E+00  -.83612822E-03
 0.00000000E+00  -.82260746E-03
 0.00000000E+00  -.80918460E-03
 0.00000000E+00  -.79592711E-03
 0.00000000E+00  -.81506821E-03
 0.00000000E+00  -.80271086E-03
 0.00000000E+00  -.79051015E-03
 0.00000000E+00  -.81070759E-03
 0.00000000E+00  -.79942849E-03
 0.00000000E+00  -.78832990E-03
 0.00000000E+00  -.77747096E-03
 0.00000000E+00  -.76686605E-03
 0.00000000E+00  -.78934230E-03
 0.00000000E+00  -.74650518E-03
 0.00000000E+00  -.73670227E-03
 0.00000000E+00  -.69220217E-03
 0.00000000E+00  -.68274953E-03
 0.00000000E+00  -.63716725E-03
 0.00000000E+00  -.59079525E-03
 0.00000000E+00  -.58200729E-03
 0.00000000E+00  -.53541148E-03
 0.00000000E+00  -.52724407E-03
 0.00000000E+00  -.48081145E-03
 0.00000000E+00  -.47331762E-03
 0.00000000E+00  -.42739297E-03
 0.00000000E+00  -.42060608E-03
 0.00000000E+00  -.37548802E-03
 0.00000000E+00  -.36942445E-03
 0.00000000E+00  -.32536864E-03
 0.00000000E+00  -.32003018E-03
 0.00000000E+00  -.27725252E-03
 0.00000000E+00  -.23562256E-03
 0.00000000E+00  -.23135726E-03
 0.00000000E+00  -.19129648E-03
