 0.10000000E+06  0.85365787E+06
 0.99000000E+05  0.85357953E+06
 0.98000000E+05  0.85349981E+06
 0.97000000E+05  0.85341867E+06
 0.96000000E+05  0.85333608E+06
 0.95000000E+05  0.85325201E+06
 0.94000000E+05  0.85316642E+06
 0.93000000E+05  0.85307927E+06
 0.92000000E+05  0.85299054E+06
 0.91000000E+05  0.85290018E+06
 0.90000000E+05  0.85280816E+06
 0.89000000E+05  0.85271443E+06
 0.88000000E+05  0.85261896E+06
 0.87000000E+05  0.85252170E+06
 0.86000000E+05  0.85242261E+06
 0.85000000E+05  0.85232164E+06
 0.84000000E+05  0.85221875E+06
 0.83000000E+05  0.85211388E+06
 0.82000000E+05  0.85200700E+06
 0.81000000E+05  0.85189804E+06
 0.80000000E+05  0.85178696E+06
 0.79000000E+05  0.85167371E+06
 0.78000000E+05  0.85155821E+06
 0.77000000E+05  0.85144043E+06
 0.76000000E+05  0.85132029E+06
 0.75000000E+05  0.85119774E+06
 0.74000000E+05  0.85107270E+06
 0.73000000E+05  0.85094512E+06
 0.72000000E+05  0.85081493E+06
 0.71000000E+05  0.85068204E+06
 0.70000000E+05  0.85054640E+06
 0.69000000E+05  0.85040792E+06
 0.68000000E+05  0.85026652E+06
 0.67000000E+05  0.85012212E+06
 0.66000000E+05  0.84997463E+06
 0.65000000E+05  0.84982397E+06
 0.64000000E+05  0.84967005E+06
 0.63000000E+05  0.84951275E+06
 0.62000000E+05  0.84935200E+06
 0.61000000E+05  0.84918768E+06
 0.60000000E+05  0.84901968E+06
 0.59000000E+05  0.84884789E+06
 0.58000000E+05  0.84867220E+06
 0.57000000E+05  0.84849247E+06
 0.56000000E+05  0.84830860E+06
 0.55000000E+05  0.84812043E+06
 0.54000000E+05  0.84792784E+06
 0.53000000E+05  0.84773067E+06
 0.52000000E+05  0.84752878E+06
 0.51000000E+05  0.84732201E+06
 0.50000000E+05  0.84711019E+06
 0.49000000E+05  0.84689315E+06
 0.48000000E+05  0.84667071E+06
 0.47000000E+05  0.84644267E+06
 0.46000000E+05  0.84620884E+06
 0.45000000E+05  0.84596901E+06
 0.44000000E+05  0.84572295E+06
 0.43000000E+05  0.84547044E+06
 0.42000000E+05  0.84521123E+06
 0.41000000E+05  0.84494507E+06
 0.40000000E+05  0.84467169E+06
 0.39000000E+05  0.84439080E+06
 0.38000000E+05  0.84410210E+06
 0.37000000E+05  0.84380527E+06
 0.36000000E+05  0.84349999E+06
 0.35000000E+05  0.84318589E+06
 0.34000000E+05  0.84286259E+06
 0.33000000E+05  0.84252971E+06
 0.32000000E+05  0.84218682E+06
 0.31000000E+05  0.84183347E+06
 0.30000000E+05  0.84146918E+06
 0.29000000E+05  0.84109344E+06
 0.28000000E+05  0.84070571E+06
 0.27000000E+05  0.84030541E+06
 0.26000000E+05  0.83989192E+06
 0.25000000E+05  0.83946457E+06
 0.24000000E+05  0.83902266E+06
 0.23000000E+05  0.83856542E+06
 0.22000000E+05  0.83809202E+06
 0.21000000E+05  0.83760158E+06
 0.20000000E+05  0.83709313E+06
 0.19000000E+05  0.83656565E+06
 0.18000000E+05  0.83601799E+06
 0.17000000E+05  0.83544892E+06
 0.16000000E+05  0.83485711E+06
 0.15000000E+05  0.83424107E+06
 0.14000000E+05  0.83359916E+06
 0.13000000E+05  0.83292958E+06
 0.12000000E+05  0.83223026E+06
 0.11000000E+05  0.83149887E+06
 0.10000000E+05  0.83073264E+06
 0.90000000E+04  0.82992814E+06
 0.80000000E+04  0.82908076E+06
 0.70000000E+04  0.82818318E+06
 0.60000000E+04  0.82722031E+06
 0.50000000E+04  0.82614419E+06
 0.40000000E+04  0.82462645E+06
 0.30000000E+04  0.79136474E+06
 0.20000000E+04  0.18598036E+06
 0.10000000E+04  0.14340134E+06
 0.00000000E+00  0.11608799E+06
 -.10000000E+04  0.53082494E+05
 -.20000000E+04  0.31993802E+04
 -.30000000E+04  -.28383878E+05
 -.40000000E+04  -.72579325E+05
 -.50000000E+04  -.15445197E+06
 -.60000000E+04  -.16484718E+06
 -.70000000E+04  -.17521703E+06
 -.80000000E+04  -.18567219E+06
 -.90000000E+04  -.19643205E+06
 -.10000000E+05  -.20878692E+06
 -.11000000E+05  -.33387379E+06
 -.12000000E+05  -.36901037E+06
 -.13000000E+05  -.38001213E+06
 -.14000000E+05  -.41366901E+06
 -.15000000E+05  -.44654703E+06
 -.16000000E+05  -.45608039E+06
 -.17000000E+05  -.48514063E+06
 -.18000000E+05  -.49417804E+06
 -.19000000E+05  -.52057779E+06
 -.20000000E+05  -.52847387E+06
 -.21000000E+05  -.53656661E+06
 -.22000000E+05  -.56266512E+06
 -.23000000E+05  -.56975990E+06
 -.24000000E+05  -.57693786E+06
 -.25000000E+05  -.60137261E+06
 -.26000000E+05  -.60792416E+06
 -.27000000E+05  -.61459658E+06
 -.28000000E+05  -.63643039E+06
 -.29000000E+05  -.64246783E+06
 -.30000000E+05  -.64870995E+06
 -.31000000E+05  -.68266432E+06
 -.32000000E+05  -.68785270E+06
 -.33000000E+05  -.69307970E+06
 -.34000000E+05  -.71234285E+06
 -.35000000E+05  -.71722739E+06
 -.36000000E+05  -.72223991E+06
 -.37000000E+05  -.72777433E+06
 -.38000000E+05  -.84410210E+06
 -.39000000E+05  -.84439080E+06
 -.40000000E+05  -.84467169E+06
 -.41000000E+05  -.84494507E+06
 -.42000000E+05  -.84521123E+06
 -.43000000E+05  -.84547044E+06
 -.44000000E+05  -.84572295E+06
 -.45000000E+05  -.84596901E+06
 -.46000000E+05  -.84620884E+06
 -.47000000E+05  -.84644267E+06
 -.48000000E+05  -.84667071E+06
 -.49000000E+05  -.84689315E+06
 -.50000000E+05  -.84711019E+06
 -.51000000E+05  -.84732201E+06
 -.52000000E+05  -.84752878E+06
 -.53000000E+05  -.84773067E+06
 -.54000000E+05  -.84792784E+06
 -.55000000E+05  -.84812043E+06
 -.56000000E+05  -.84830860E+06
 -.57000000E+05  -.84849247E+06
 -.58000000E+05  -.84867220E+06
 -.59000000E+05  -.84884789E+06
 -.60000000E+05  -.84901968E+06
 -.61000000E+05  -.84918768E+06
 -.62000000E+05  -.84935200E+06
 -.63000000E+05  -.84951276E+06
 -.64000000E+05  -.84967005E+06
 -.65000000E+05  -.84982398E+06
 -.66000000E+05  -.84997464E+06
 -.67000000E+05  -.85012212E+06
 -.68000000E+05  -.85026652E+06
 -.69000000E+05  -.85040792E+06
 -.70000000E+05  -.85054640E+06
 -.71000000E+05  -.85068204E+06
 -.72000000E+05  -.85081493E+06
 -.73000000E+05  -.85094512E+06
 -.74000000E+05  -.85107270E+06
 -.75000000E+05  -.85119774E+06
 -.76000000E+05  -.85132029E+06
 -.77000000E+05  -.85144043E+06
 -.78000000E+05  -.85155821E+06
 -.79000000E+05  -.85167371E+06
 -.80000000E+05  -.85178697E+06
 -.81000000E+05  -.85189804E+06
 -.82000000E+05  -.85200700E+06
 -.83000000E+05  -.85211388E+06
 -.84000000E+05  -.85221875E+06
 -.85000000E+05  -.85232164E+06
 -.86000000E+05  -.85242261E+06
 -.87000000E+05  -.85252170E+06
 -.88000000E+05  -.85261896E+06
 -.89000000E+05  -.85271443E+06
 -.90000000E+05  -.85280816E+06
 -.91000000E+05  -.85290018E+06
 -.92000000E+05  -.85299054E+06
 -.93000000E+05  -.85307927E+06
 -.94000000E+05  -.85316642E+06
 -.95000000E+05  -.85325201E+06
 -.96000000E+05  -.85333608E+06
 -.97000000E+05  -.85341867E+06
 -.98000000E+05  -.85349981E+06
 -.99000000E+05  -.85357953E+06
 -.10000000E+06  -.85365787E+06
