Mu-Hu               
 0.26147000E+05  0.26845809E+06
 0.26059843E+05  0.26770178E+06
 0.25972687E+05  0.26694798E+06
 0.25885530E+05  0.26619645E+06
 0.25798373E+05  0.26544697E+06
 0.25711217E+05  0.26469926E+06
 0.25624060E+05  0.26395305E+06
 0.25536903E+05  0.26320806E+06
 0.25449747E+05  0.26246399E+06
 0.25362590E+05  0.26172052E+06
 0.25275433E+05  0.26097733E+06
 0.25188277E+05  0.26023409E+06
 0.25101120E+05  0.25949047E+06
 0.25013963E+05  0.25874612E+06
 0.24926807E+05  0.25800070E+06
 0.24839650E+05  0.25725385E+06
 0.24752493E+05  0.25650523E+06
 0.24665337E+05  0.25575449E+06
 0.24578180E+05  0.25500127E+06
 0.24491023E+05  0.25424523E+06
 0.24403867E+05  0.25348603E+06
 0.24316710E+05  0.25272334E+06
 0.24229553E+05  0.25195683E+06
 0.24142397E+05  0.25118618E+06
 0.24055240E+05  0.25041111E+06
 0.23968083E+05  0.24963133E+06
 0.23880927E+05  0.24884659E+06
 0.23793770E+05  0.24805665E+06
 0.23706613E+05  0.24726130E+06
 0.23619457E+05  0.24646038E+06
 0.23532300E+05  0.24565375E+06
 0.23445143E+05  0.24484132E+06
 0.23357987E+05  0.24402303E+06
 0.23270830E+05  0.24319889E+06
 0.23183673E+05  0.24236894E+06
 0.23096517E+05  0.24153329E+06
 0.23009360E+05  0.24069209E+06
 0.22922203E+05  0.23984556E+06
 0.22835047E+05  0.23899397E+06
 0.22747890E+05  0.23813765E+06
 0.22660733E+05  0.23727696E+06
 0.22573577E+05  0.23641233E+06
 0.22486420E+05  0.23554421E+06
 0.22399263E+05  0.23467310E+06
 0.22312107E+05  0.23379952E+06
 0.22224950E+05  0.23292399E+06
 0.22137793E+05  0.23204707E+06
 0.22050637E+05  0.23116927E+06
 0.21963480E+05  0.23029114E+06
 0.21876323E+05  0.22941319E+06
 0.21789167E+05  0.22853588E+06
 0.21702010E+05  0.22765967E+06
 0.21614853E+05  0.22678498E+06
 0.21527697E+05  0.22591218E+06
 0.21440540E+05  0.22504158E+06
 0.21353383E+05  0.22417349E+06
 0.21266227E+05  0.22330812E+06
 0.21179070E+05  0.22244569E+06
 0.21091913E+05  0.22158633E+06
 0.21004757E+05  0.22073016E+06
 0.20917600E+05  0.21987726E+06
 0.20830443E+05  0.21902767E+06
 0.20743287E+05  0.21818139E+06
 0.20656130E+05  0.21733841E+06
 0.20568973E+05  0.21649867E+06
 0.20481817E+05  0.21566212E+06
 0.20394660E+05  0.21482868E+06
 0.20307503E+05  0.21399823E+06
 0.20220347E+05  0.21317068E+06
 0.20133190E+05  0.21234589E+06
 0.20046033E+05  0.21152373E+06
 0.19958877E+05  0.21070407E+06
 0.19871720E+05  0.20988677E+06
 0.19784563E+05  0.20907167E+06
 0.19697407E+05  0.20825864E+06
 0.19610250E+05  0.20744751E+06
 0.19523093E+05  0.20663816E+06
 0.19435937E+05  0.20583042E+06
 0.19348780E+05  0.20502416E+06
 0.19261623E+05  0.20421924E+06
 0.19174467E+05  0.20341552E+06
 0.19087310E+05  0.20261286E+06
 0.19000153E+05  0.20181113E+06
 0.18912997E+05  0.20101022E+06
 0.18825840E+05  0.20021000E+06
 0.18738683E+05  0.19941035E+06
 0.18651527E+05  0.19861117E+06
 0.18564370E+05  0.19781235E+06
 0.18477213E+05  0.19701379E+06
 0.18390057E+05  0.19621539E+06
 0.18302900E+05  0.19541707E+06
 0.18215743E+05  0.19461875E+06
 0.18128587E+05  0.19382033E+06
 0.18041430E+05  0.19302176E+06
 0.17954273E+05  0.19222295E+06
 0.17867117E+05  0.19142385E+06
 0.17779960E+05  0.19062440E+06
 0.17692803E+05  0.18982453E+06
 0.17605647E+05  0.18902419E+06
 0.17518490E+05  0.18822333E+06
 0.17431333E+05  0.18742190E+06
 0.17344177E+05  0.18661986E+06
 0.17257020E+05  0.18581716E+06
 0.17169863E+05  0.18501375E+06
 0.17082707E+05  0.18420959E+06
 0.16995550E+05  0.18340462E+06
 0.16908393E+05  0.18259880E+06
 0.16821237E+05  0.18179208E+06
 0.16734080E+05  0.18098439E+06
 0.16646923E+05  0.18017568E+06
 0.16559767E+05  0.17936587E+06
 0.16472610E+05  0.17855488E+06
 0.16385453E+05  0.17774264E+06
 0.16298297E+05  0.17692903E+06
 0.16211140E+05  0.17611397E+06
 0.16123983E+05  0.17529732E+06
 0.16036827E+05  0.17447896E+06
 0.15949670E+05  0.17365875E+06
 0.15862513E+05  0.17283652E+06
 0.15775357E+05  0.17201210E+06
 0.15688200E+05  0.17118530E+06
 0.15601043E+05  0.17035592E+06
 0.15513887E+05  0.16952373E+06
 0.15426730E+05  0.16868850E+06
 0.15339573E+05  0.16784997E+06
 0.15252417E+05  0.16700788E+06
 0.15165260E+05  0.16616193E+06
 0.15078103E+05  0.16531182E+06
 0.14990947E+05  0.16445724E+06
 0.14903790E+05  0.16359785E+06
 0.14816633E+05  0.16273332E+06
 0.14729477E+05  0.16186328E+06
 0.14642320E+05  0.16098739E+06
 0.14555163E+05  0.16010526E+06
 0.14468007E+05  0.15921652E+06
 0.14380850E+05  0.15832080E+06
 0.14293693E+05  0.15741771E+06
 0.14206537E+05  0.15650688E+06
 0.14119380E+05  0.15558795E+06
 0.14032223E+05  0.15466056E+06
 0.13945067E+05  0.15372436E+06
 0.13857910E+05  0.15277903E+06
 0.13770753E+05  0.15182426E+06
 0.13683597E+05  0.15085977E+06
 0.13596440E+05  0.14988532E+06
 0.13509283E+05  0.14890068E+06
 0.13422127E+05  0.14790566E+06
 0.13334970E+05  0.14690012E+06
 0.13247813E+05  0.14588394E+06
 0.13160657E+05  0.14485706E+06
 0.13073500E+05  0.14381946E+06
 0.12986343E+05  0.14277117E+06
 0.12899187E+05  0.14171224E+06
 0.12812030E+05  0.14064281E+06
 0.12724873E+05  0.13956307E+06
 0.12637717E+05  0.13847326E+06
 0.12550560E+05  0.13737371E+06
 0.12463403E+05  0.13626482E+06
 0.12376247E+05  0.13514708E+06
 0.12289090E+05  0.13402109E+06
 0.12201933E+05  0.13288755E+06
 0.12114777E+05  0.13174730E+06
 0.12027620E+05  0.13060128E+06
 0.11940463E+05  0.12945056E+06
 0.11853307E+05  0.12829634E+06
 0.11766150E+05  0.12713991E+06
 0.11678993E+05  0.12598265E+06
 0.11591837E+05  0.12482601E+06
 0.11504680E+05  0.12367144E+06
 0.11417523E+05  0.12252040E+06
 0.11330367E+05  0.12137427E+06
 0.11243210E+05  0.12023437E+06
 0.11156053E+05  0.11910189E+06
 0.11068897E+05  0.11797787E+06
 0.10981740E+05  0.11686319E+06
 0.10894583E+05  0.11575855E+06
 0.10807427E+05  0.11466448E+06
 0.10720270E+05  0.11358134E+06
 0.10633113E+05  0.11250930E+06
 0.10545957E+05  0.11144843E+06
 0.10458800E+05  0.11039863E+06
 0.10371643E+05  0.10935971E+06
 0.10284487E+05  0.10833136E+06
 0.10197330E+05  0.10731324E+06
 0.10110173E+05  0.10630490E+06
 0.10023017E+05  0.10530588E+06
 0.99358600E+04  0.10431569E+06
 0.98487033E+04  0.10333381E+06
 0.97615467E+04  0.10235972E+06
 0.96743900E+04  0.10139292E+06
 0.95872333E+04  0.10043288E+06
 0.95000767E+04  0.99479126E+05
 0.94129200E+04  0.98531184E+05
 0.93257633E+04  0.97588609E+05
 0.92386067E+04  0.96650984E+05
 0.91514500E+04  0.95717919E+05
 0.90642933E+04  0.94789057E+05
 0.89771367E+04  0.93864065E+05
 0.88899800E+04  0.92942644E+05
 0.88028233E+04  0.92024521E+05
 0.87156667E+04  0.91109448E+05
 0.86285100E+04  0.90197200E+05
 0.85413533E+04  0.89287573E+05
 0.84541967E+04  0.88380380E+05
 0.83670400E+04  0.87475447E+05
 0.82798833E+04  0.86572610E+05
 0.81927267E+04  0.85671710E+05
 0.81055700E+04  0.84772592E+05
 0.80184133E+04  0.83875097E+05
 0.79312567E+04  0.82979064E+05
 0.78441000E+04  0.82084324E+05
 0.77569433E+04  0.81190698E+05
 0.76697867E+04  0.80297997E+05
 0.75826300E+04  0.79406021E+05
 0.74954733E+04  0.78514554E+05
 0.74083167E+04  0.77623374E+05
 0.73211600E+04  0.76732245E+05
 0.72340033E+04  0.75840925E+05
 0.71468467E+04  0.74949169E+05
 0.70596900E+04  0.74056731E+05
 0.69725333E+04  0.73163368E+05
 0.68853767E+04  0.72268852E+05
 0.67982200E+04  0.71372967E+05
 0.67110633E+04  0.70475525E+05
 0.66239067E+04  0.69576368E+05
 0.65367500E+04  0.68675377E+05
 0.64495933E+04  0.67772480E+05
 0.63624367E+04  0.66867655E+05
 0.62752800E+04  0.65960943E+05
 0.61881233E+04  0.65052443E+05
 0.61009667E+04  0.64142319E+05
 0.60138100E+04  0.63230801E+05
 0.59266533E+04  0.62318176E+05
 0.58394967E+04  0.61404787E+05
 0.57523400E+04  0.60491022E+05
 0.56651833E+04  0.59577302E+05
 0.55780267E+04  0.58664066E+05
 0.54908700E+04  0.57751762E+05
 0.54037133E+04  0.56840823E+05
 0.53165567E+04  0.55931660E+05
 0.52294000E+04  0.55024642E+05
 0.51422433E+04  0.54120087E+05
 0.50550867E+04  0.53218251E+05
 0.49679300E+04  0.52319320E+05
 0.48807733E+04  0.51423407E+05
 0.47936167E+04  0.50530545E+05
 0.47064600E+04  0.49640691E+05
 0.46193033E+04  0.48753727E+05
 0.45321467E+04  0.47869460E+05
 0.44449900E+04  0.46987629E+05
 0.43578333E+04  0.46107910E+05
 0.42706767E+04  0.45229920E+05
 0.41835200E+04  0.44353227E+05
 0.40963633E+04  0.43477353E+05
 0.40092067E+04  0.42601783E+05
 0.39220500E+04  0.41725971E+05
 0.38348933E+04  0.40849349E+05
 0.37477367E+04  0.39971335E+05
 0.36605800E+04  0.39091340E+05
 0.35734233E+04  0.38208781E+05
 0.34862667E+04  0.37323084E+05
 0.33991100E+04  0.36433703E+05
 0.33119533E+04  0.35540126E+05
 0.32247967E+04  0.34641888E+05
 0.31376400E+04  0.33738587E+05
 0.30504833E+04  0.32829893E+05
 0.29633267E+04  0.31915561E+05
 0.28761700E+04  0.30995445E+05
 0.27890133E+04  0.30069502E+05
 0.27018567E+04  0.29137804E+05
 0.26147000E+04  0.28200534E+05
 0.25275433E+04  0.27257985E+05
 0.24403867E+04  0.26310549E+05
 0.23532300E+04  0.25358707E+05
 0.22660733E+04  0.24402999E+05
 0.21789167E+04  0.23444007E+05
 0.20917600E+04  0.22482319E+05
 0.20046033E+04  0.21518501E+05
 0.19174467E+04  0.20553067E+05
 0.18302900E+04  0.19586449E+05
 0.17431333E+04  0.18618977E+05
 0.16559767E+04  0.17650861E+05
 0.15688200E+04  0.16682183E+05
 0.14816633E+04  0.15712898E+05
 0.13945067E+04  0.14742843E+05
 0.13073500E+04  0.13771756E+05
 0.12201933E+04  0.12799309E+05
 0.11330367E+04  0.11825142E+05
 0.10458800E+04  0.10848913E+05
 0.95872333E+03  0.98703560E+04
 0.87156667E+03  0.88893410E+04
 0.78441000E+03  0.79059373E+04
 0.69725333E+03  0.69204725E+04
 0.61009667E+03  0.59335780E+04
 0.52294000E+03  0.49462133E+04
 0.43578333E+03  0.39596604E+04
 0.34862667E+03  0.29754839E+04
 0.26147000E+03  0.19954572E+04
 0.17431333E+03  0.10214626E+04
 0.87156667E+02  0.55376768E+02
 0.00000000E+00  -.90104019E+03
 -.87156667E+02  -.18462423E+04
 -.17431333E+03  -.27789676E+04
 -.26147000E+03  -.36982791E+04
 -.34862667E+03  -.46035772E+04
 -.43578333E+03  -.54945898E+04
 -.52294000E+03  -.63713433E+04
 -.61009667E+03  -.72341282E+04
 -.69725333E+03  -.80834591E+04
 -.78441000E+03  -.89200376E+04
 -.87156667E+03  -.97447166E+04
 -.95872333E+03  -.10558474E+05
 -.10458800E+04  -.11362390E+05
 -.11330367E+04  -.12157633E+05
 -.12201933E+04  -.12945450E+05
 -.13073500E+04  -.13727164E+05
 -.13945067E+04  -.14504181E+05
 -.14816633E+04  -.15277997E+05
 -.15688200E+04  -.16050215E+05
 -.16559767E+04  -.16822571E+05
 -.17431333E+04  -.17596966E+05
 -.18302900E+04  -.18375507E+05
 -.19174467E+04  -.19160569E+05
 -.20046033E+04  -.19954866E+05
 -.20917600E+04  -.20761553E+05
 -.21789167E+04  -.21584354E+05
 -.22660733E+04  -.22427737E+05
 -.23532300E+04  -.23297130E+05
 -.24403867E+04  -.24199198E+05
 -.25275433E+04  -.25142117E+05
 -.26147000E+04  -.26135767E+05
 -.27018567E+04  -.27191394E+05
 -.27890133E+04  -.28319794E+05
 -.28761700E+04  -.29526130E+05
 -.29633267E+04  -.30800183E+05
 -.30504833E+04  -.32107824E+05
 -.31376400E+04  -.33398637E+05
 -.32247967E+04  -.34629935E+05
 -.33119533E+04  -.35781801E+05
 -.33991100E+04  -.36853076E+05
 -.34862667E+04  -.37851469E+05
 -.35734233E+04  -.38787009E+05
 -.36605800E+04  -.39669229E+05
 -.37477367E+04  -.40506344E+05
 -.38348933E+04  -.41305184E+05
 -.39220500E+04  -.42071385E+05
 -.40092067E+04  -.42809615E+05
 -.40963633E+04  -.43523786E+05
 -.41835200E+04  -.44217233E+05
 -.42706767E+04  -.44892850E+05
 -.43578333E+04  -.45553212E+05
 -.44449900E+04  -.46200676E+05
 -.45321467E+04  -.46837477E+05
 -.46193033E+04  -.47465819E+05
 -.47064600E+04  -.48087989E+05
 -.47936167E+04  -.48706490E+05
 -.48807733E+04  -.49324235E+05
 -.49679300E+04  -.49944855E+05
 -.50550867E+04  -.50573221E+05
 -.51422433E+04  -.51216438E+05
 -.52294000E+04  -.51886019E+05
 -.53165567E+04  -.52603467E+05
 -.54037133E+04  -.53420366E+05
 -.54908700E+04  -.54579212E+05
 -.55780267E+04  -.63682696E+05
 -.56651833E+04  -.59977665E+05
 -.57523400E+04  -.60899615E+05
 -.58394967E+04  -.61822112E+05
 -.59266533E+04  -.62745224E+05
 -.60138100E+04  -.63669053E+05
 -.61009667E+04  -.64593718E+05
 -.61881233E+04  -.65519350E+05
 -.62752800E+04  -.66446083E+05
 -.63624367E+04  -.67374044E+05
 -.64495933E+04  -.68303346E+05
 -.65367500E+04  -.69234076E+05
 -.66239067E+04  -.70166286E+05
 -.67110633E+04  -.71099989E+05
 -.67982200E+04  -.72035145E+05
 -.68853767E+04  -.72971665E+05
 -.69725333E+04  -.73909402E+05
 -.70596900E+04  -.74848155E+05
 -.71468467E+04  -.75787670E+05
 -.72340033E+04  -.76727648E+05
 -.73211600E+04  -.77667750E+05
 -.74083167E+04  -.78607610E+05
 -.74954733E+04  -.79546848E+05
 -.75826300E+04  -.80485081E+05
 -.76697867E+04  -.81421937E+05
 -.77569433E+04  -.82357069E+05
 -.78441000E+04  -.83290165E+05
 -.79312567E+04  -.84220961E+05
 -.80184133E+04  -.85149244E+05
 -.81055700E+04  -.86074858E+05
 -.81927267E+04  -.86997712E+05
 -.82798833E+04  -.87917773E+05
 -.83670400E+04  -.88835067E+05
 -.84541967E+04  -.89749679E+05
 -.85413533E+04  -.90661743E+05
 -.86285100E+04  -.91571439E+05
 -.87156667E+04  -.92478985E+05
 -.88028233E+04  -.93384631E+05
 -.88899800E+04  -.94288655E+05
 -.89771367E+04  -.95191350E+05
 -.90642933E+04  -.96093022E+05
 -.91514500E+04  -.96993986E+05
 -.92386067E+04  -.97894552E+05
 -.93257633E+04  -.98795030E+05
 -.94129200E+04  -.99695715E+05
 -.95000767E+04  -.10059689E+06
 -.95872333E+04  -.10149882E+06
 -.96743900E+04  -.10240176E+06
 -.97615467E+04  -.10330591E+06
 -.98487033E+04  -.10421147E+06
 -.99358600E+04  -.10511861E+06
 -.10023017E+05  -.10602747E+06
 -.10110173E+05  -.10693813E+06
 -.10197330E+05  -.10785069E+06
 -.10284487E+05  -.10876517E+06
 -.10371643E+05  -.10968159E+06
 -.10458800E+05  -.11059994E+06
 -.10545957E+05  -.11152015E+06
 -.10633113E+05  -.11244216E+06
 -.10720270E+05  -.11336587E+06
 -.10807427E+05  -.11429114E+06
 -.10894583E+05  -.11521784E+06
 -.10981740E+05  -.11614579E+06
 -.11068897E+05  -.11707481E+06
 -.11156053E+05  -.11800469E+06
 -.11243210E+05  -.11893523E+06
 -.11330367E+05  -.11986619E+06
 -.11417523E+05  -.12079734E+06
 -.11504680E+05  -.12172845E+06
 -.11591837E+05  -.12265926E+06
 -.11678993E+05  -.12358953E+06
 -.11766150E+05  -.12451903E+06
 -.11853307E+05  -.12544750E+06
 -.11940463E+05  -.12637474E+06
 -.12027620E+05  -.12730052E+06
 -.12114777E+05  -.12822465E+06
 -.12201933E+05  -.12914694E+06
 -.12289090E+05  -.13006723E+06
 -.12376247E+05  -.13098539E+06
 -.12463403E+05  -.13190131E+06
 -.12550560E+05  -.13281489E+06
 -.12637717E+05  -.13372609E+06
 -.12724873E+05  -.13463488E+06
 -.12812030E+05  -.13554124E+06
 -.12899187E+05  -.13644522E+06
 -.12986343E+05  -.13734687E+06
 -.13073500E+05  -.13824627E+06
 -.13160657E+05  -.13914353E+06
 -.13247813E+05  -.14003877E+06
 -.13334970E+05  -.14093214E+06
 -.13422127E+05  -.14182380E+06
 -.13509283E+05  -.14271394E+06
 -.13596440E+05  -.14360274E+06
 -.13683597E+05  -.14449041E+06
 -.13770753E+05  -.14537715E+06
 -.13857910E+05  -.14626318E+06
 -.13945067E+05  -.14714870E+06
 -.14032223E+05  -.14803393E+06
 -.14119380E+05  -.14891907E+06
 -.14206537E+05  -.14980432E+06
 -.14293693E+05  -.15068987E+06
 -.14380850E+05  -.15157589E+06
 -.14468007E+05  -.15246256E+06
 -.14555163E+05  -.15335002E+06
 -.14642320E+05  -.15423841E+06
 -.14729477E+05  -.15512783E+06
 -.14816633E+05  -.15601839E+06
 -.14903790E+05  -.15691015E+06
 -.14990947E+05  -.15780316E+06
 -.15078103E+05  -.15869746E+06
 -.15165260E+05  -.15959305E+06
 -.15252417E+05  -.16048992E+06
 -.15339573E+05  -.16138802E+06
 -.15426730E+05  -.16228730E+06
 -.15513887E+05  -.16318768E+06
 -.15601043E+05  -.16408907E+06
 -.15688200E+05  -.16499134E+06
 -.15775357E+05  -.16589437E+06
 -.15862513E+05  -.16679801E+06
 -.15949670E+05  -.16770212E+06
 -.16036827E+05  -.16860653E+06
 -.16123983E+05  -.16951107E+06
 -.16211140E+05  -.17041558E+06
 -.16298297E+05  -.17131988E+06
 -.16385453E+05  -.17222381E+06
 -.16472610E+05  -.17312720E+06
 -.16559767E+05  -.17402989E+06
 -.16646923E+05  -.17493174E+06
 -.16734080E+05  -.17583261E+06
 -.16821237E+05  -.17673237E+06
 -.16908393E+05  -.17763091E+06
 -.16995550E+05  -.17852814E+06
 -.17082707E+05  -.17942397E+06
 -.17169863E+05  -.18031834E+06
 -.17257020E+05  -.18121120E+06
 -.17344177E+05  -.18210251E+06
 -.17431333E+05  -.18299227E+06
 -.17518490E+05  -.18388046E+06
 -.17605647E+05  -.18476710E+06
 -.17692803E+05  -.18565222E+06
 -.17779960E+05  -.18653586E+06
 -.17867117E+05  -.18741806E+06
 -.17954273E+05  -.18829891E+06
 -.18041430E+05  -.18917845E+06
 -.18128587E+05  -.19005679E+06
 -.18215743E+05  -.19093400E+06
 -.18302900E+05  -.19181017E+06
 -.18390057E+05  -.19268540E+06
 -.18477213E+05  -.19355978E+06
 -.18564370E+05  -.19443342E+06
 -.18651527E+05  -.19530641E+06
 -.18738683E+05  -.19617884E+06
 -.18825840E+05  -.19705080E+06
 -.18912997E+05  -.19792237E+06
 -.19000153E+05  -.19879364E+06
 -.19087310E+05  -.19966467E+06
 -.19174467E+05  -.20053553E+06
 -.19261623E+05  -.20140627E+06
 -.19348780E+05  -.20227693E+06
 -.19435937E+05  -.20314755E+06
 -.19523093E+05  -.20401815E+06
 -.19610250E+05  -.20488874E+06
 -.19697407E+05  -.20575932E+06
 -.19784563E+05  -.20662989E+06
 -.19871720E+05  -.20750042E+06
 -.19958877E+05  -.20837088E+06
 -.20046033E+05  -.20924125E+06
 -.20133190E+05  -.21011147E+06
 -.20220347E+05  -.21098149E+06
 -.20307503E+05  -.21185125E+06
 -.20394660E+05  -.21272070E+06
 -.20481817E+05  -.21358976E+06
 -.20568973E+05  -.21445836E+06
 -.20656130E+05  -.21532645E+06
 -.20743287E+05  -.21619394E+06
 -.20830443E+05  -.21706078E+06
 -.20917600E+05  -.21792689E+06
 -.21004757E+05  -.21879221E+06
 -.21091913E+05  -.21965670E+06
 -.21179070E+05  -.22052029E+06
 -.21266227E+05  -.22138294E+06
 -.21353383E+05  -.22224461E+06
 -.21440540E+05  -.22310528E+06
 -.21527697E+05  -.22396491E+06
 -.21614853E+05  -.22482350E+06
 -.21702010E+05  -.22568103E+06
 -.21789167E+05  -.22653750E+06
 -.21876323E+05  -.22739293E+06
 -.21963480E+05  -.22824731E+06
 -.22050637E+05  -.22910069E+06
 -.22137793E+05  -.22995308E+06
 -.22224950E+05  -.23080452E+06
 -.22312107E+05  -.23165505E+06
 -.22399263E+05  -.23250472E+06
 -.22486420E+05  -.23335357E+06
 -.22573577E+05  -.23420166E+06
 -.22660733E+05  -.23504905E+06
 -.22747890E+05  -.23589579E+06
 -.22835047E+05  -.23674195E+06
 -.22922203E+05  -.23758757E+06
 -.23009360E+05  -.23843273E+06
 -.23096517E+05  -.23927749E+06
 -.23183673E+05  -.24012189E+06
 -.23270830E+05  -.24096599E+06
 -.23357987E+05  -.24180985E+06
 -.23445143E+05  -.24265351E+06
 -.23532300E+05  -.24349700E+06
 -.23619457E+05  -.24434038E+06
 -.23706613E+05  -.24518367E+06
 -.23793770E+05  -.24602688E+06
 -.23880927E+05  -.24687005E+06
 -.23968083E+05  -.24771318E+06
 -.24055240E+05  -.24855628E+06
 -.24142397E+05  -.24939933E+06
 -.24229553E+05  -.25024233E+06
 -.24316710E+05  -.25108527E+06
 -.24403867E+05  -.25192811E+06
 -.24491023E+05  -.25277082E+06
 -.24578180E+05  -.25361337E+06
 -.24665337E+05  -.25445571E+06
 -.24752493E+05  -.25529780E+06
 -.24839650E+05  -.25613958E+06
 -.24926807E+05  -.25698100E+06
 -.25013963E+05  -.25782199E+06
 -.25101120E+05  -.25866249E+06
 -.25188277E+05  -.25950245E+06
 -.25275433E+05  -.26034180E+06
 -.25362590E+05  -.26118047E+06
 -.25449747E+05  -.26201841E+06
 -.25536903E+05  -.26285556E+06
 -.25624060E+05  -.26369185E+06
 -.25711217E+05  -.26452725E+06
 -.25798373E+05  -.26536169E+06
 -.25885530E+05  -.26619513E+06
 -.25972687E+05  -.26702753E+06
 -.26059843E+05  -.26785886E+06
Mv-Hv               
 0.00000000E+00  -.15363329E+04
 0.00000000E+00  -.15154217E+04
 0.00000000E+00  -.14920364E+04
 0.00000000E+00  -.14662094E+04
 0.00000000E+00  -.14379653E+04
 0.00000000E+00  -.14073312E+04
 0.00000000E+00  -.13743359E+04
 0.00000000E+00  -.13390097E+04
 0.00000000E+00  -.13013840E+04
 0.00000000E+00  -.12614906E+04
 0.00000000E+00  -.12193620E+04
 0.00000000E+00  -.11750310E+04
 0.00000000E+00  -.11285299E+04
 0.00000000E+00  -.10798911E+04
 0.00000000E+00  -.10291460E+04
 0.00000000E+00  -.97632562E+03
 0.00000000E+00  -.92146021E+03
 0.00000000E+00  -.86457881E+03
 0.00000000E+00  -.80570950E+03
 0.00000000E+00  -.74487902E+03
 0.00000000E+00  -.68211292E+03
 0.00000000E+00  -.61743508E+03
 0.00000000E+00  -.55086797E+03
 0.00000000E+00  -.48243232E+03
 0.00000000E+00  -.41214720E+03
 0.00000000E+00  -.34002975E+03
 0.00000000E+00  -.26609531E+03
 0.00000000E+00  -.19035717E+03
 0.00000000E+00  -.11282674E+03
 0.00000000E+00  -.33513453E+02
 0.00000000E+00  0.47575272E+02
 0.00000000E+00  0.13043379E+03
 0.00000000E+00  0.21505824E+03
 0.00000000E+00  0.30144628E+03
 0.00000000E+00  0.38959686E+03
 0.00000000E+00  0.47950992E+03
 0.00000000E+00  0.57118595E+03
 0.00000000E+00  0.66462558E+03
 0.00000000E+00  0.75982899E+03
 0.00000000E+00  0.85679531E+03
 0.00000000E+00  0.95552208E+03
 0.00000000E+00  0.10560044E+04
 0.00000000E+00  0.11582345E+04
 0.00000000E+00  0.12622007E+04
 0.00000000E+00  0.13678872E+04
 0.00000000E+00  0.14752733E+04
 0.00000000E+00  0.15843327E+04
 0.00000000E+00  0.16950335E+04
 0.00000000E+00  0.18073376E+04
 0.00000000E+00  0.19212007E+04
 0.00000000E+00  0.20365721E+04
 0.00000000E+00  0.21533948E+04
 0.00000000E+00  0.22716052E+04
 0.00000000E+00  0.23911341E+04
 0.00000000E+00  0.25119060E+04
 0.00000000E+00  0.26338399E+04
 0.00000000E+00  0.27568494E+04
 0.00000000E+00  0.28808430E+04
 0.00000000E+00  0.30057246E+04
 0.00000000E+00  0.31313930E+04
 0.00000000E+00  0.32577435E+04
 0.00000000E+00  0.33846668E+04
 0.00000000E+00  0.35120498E+04
 0.00000000E+00  0.36397761E+04
 0.00000000E+00  0.37677256E+04
 0.00000000E+00  0.38957752E+04
 0.00000000E+00  0.40237983E+04
 0.00000000E+00  0.41516657E+04
 0.00000000E+00  0.42792455E+04
 0.00000000E+00  0.44064029E+04
 0.00000000E+00  0.45330008E+04
 0.00000000E+00  0.46589002E+04
 0.00000000E+00  0.47839599E+04
 0.00000000E+00  0.49080371E+04
 0.00000000E+00  0.50309876E+04
 0.00000000E+00  0.51526661E+04
 0.00000000E+00  0.52729266E+04
 0.00000000E+00  0.53916226E+04
 0.00000000E+00  0.55086078E+04
 0.00000000E+00  0.56237363E+04
 0.00000000E+00  0.57368631E+04
 0.00000000E+00  0.58478448E+04
 0.00000000E+00  0.59565399E+04
 0.00000000E+00  0.60628094E+04
 0.00000000E+00  0.61665176E+04
 0.00000000E+00  0.62675326E+04
 0.00000000E+00  0.63657269E+04
 0.00000000E+00  0.64609780E+04
 0.00000000E+00  0.65531696E+04
 0.00000000E+00  0.66421917E+04
 0.00000000E+00  0.67279418E+04
 0.00000000E+00  0.68103252E+04
 0.00000000E+00  0.68892564E+04
 0.00000000E+00  0.69646592E+04
 0.00000000E+00  0.70364677E+04
 0.00000000E+00  0.71046273E+04
 0.00000000E+00  0.71690946E+04
 0.00000000E+00  0.72298389E+04
 0.00000000E+00  0.72868423E+04
 0.00000000E+00  0.73400999E+04
 0.00000000E+00  0.73896207E+04
 0.00000000E+00  0.74354279E+04
 0.00000000E+00  0.74775584E+04
 0.00000000E+00  0.75160636E+04
 0.00000000E+00  0.75510086E+04
 0.00000000E+00  0.75824725E+04
 0.00000000E+00  0.76105477E+04
 0.00000000E+00  0.76353393E+04
 0.00000000E+00  0.76569641E+04
 0.00000000E+00  0.76755504E+04
 0.00000000E+00  0.76912360E+04
 0.00000000E+00  0.77041681E+04
 0.00000000E+00  0.77145010E+04
 0.00000000E+00  0.77223956E+04
 0.00000000E+00  0.77280172E+04
 0.00000000E+00  0.77315346E+04
 0.00000000E+00  0.77331183E+04
 0.00000000E+00  0.77329389E+04
 0.00000000E+00  0.77311661E+04
 0.00000000E+00  0.77279666E+04
 0.00000000E+00  0.77235032E+04
 0.00000000E+00  0.77179336E+04
 0.00000000E+00  0.77114088E+04
 0.00000000E+00  0.77040719E+04
 0.00000000E+00  0.76960579E+04
 0.00000000E+00  0.76874919E+04
 0.00000000E+00  0.76784885E+04
 0.00000000E+00  0.76691518E+04
 0.00000000E+00  0.76595731E+04
 0.00000000E+00  0.76498322E+04
 0.00000000E+00  0.76399955E+04
 0.00000000E+00  0.76301161E+04
 0.00000000E+00  0.76202332E+04
 0.00000000E+00  0.76103717E+04
 0.00000000E+00  0.76005417E+04
 0.00000000E+00  0.75907384E+04
 0.00000000E+00  0.75809413E+04
 0.00000000E+00  0.75711147E+04
 0.00000000E+00  0.75612064E+04
 0.00000000E+00  0.75511488E+04
 0.00000000E+00  0.75408576E+04
 0.00000000E+00  0.75302330E+04
 0.00000000E+00  0.75191596E+04
 0.00000000E+00  0.75075070E+04
 0.00000000E+00  0.74951308E+04
 0.00000000E+00  0.74818745E+04
 0.00000000E+00  0.74675704E+04
 0.00000000E+00  0.74520429E+04
 0.00000000E+00  0.74351107E+04
 0.00000000E+00  0.74165911E+04
 0.00000000E+00  0.73963034E+04
 0.00000000E+00  0.73740746E+04
 0.00000000E+00  0.73497439E+04
 0.00000000E+00  0.73231695E+04
 0.00000000E+00  0.72942337E+04
 0.00000000E+00  0.72628500E+04
 0.00000000E+00  0.72289687E+04
 0.00000000E+00  0.71925827E+04
 0.00000000E+00  0.71537320E+04
 0.00000000E+00  0.71125069E+04
 0.00000000E+00  0.70690501E+04
 0.00000000E+00  0.70235557E+04
 0.00000000E+00  0.69762663E+04
 0.00000000E+00  0.69274676E+04
 0.00000000E+00  0.68774804E+04
 0.00000000E+00  0.68266501E+04
 0.00000000E+00  0.67753353E+04
 0.00000000E+00  0.67238950E+04
 0.00000000E+00  0.66726758E+04
 0.00000000E+00  0.66220012E+04
 0.00000000E+00  0.65721608E+04
 0.00000000E+00  0.65234042E+04
 0.00000000E+00  0.64759358E+04
 0.00000000E+00  0.64299134E+04
 0.00000000E+00  0.63854486E+04
 0.00000000E+00  0.63426101E+04
 0.00000000E+00  0.63014272E+04
 0.00000000E+00  0.62618954E+04
 0.00000000E+00  0.62239815E+04
 0.00000000E+00  0.61876291E+04
 0.00000000E+00  0.61527638E+04
 0.00000000E+00  0.61192971E+04
 0.00000000E+00  0.60871305E+04
 0.00000000E+00  0.60561585E+04
 0.00000000E+00  0.60262707E+04
 0.00000000E+00  0.59973543E+04
 0.00000000E+00  0.59692941E+04
 0.00000000E+00  0.59419745E+04
 0.00000000E+00  0.59152794E+04
 0.00000000E+00  0.58890922E+04
 0.00000000E+00  0.58632960E+04
 0.00000000E+00  0.58377735E+04
 0.00000000E+00  0.58124059E+04
 0.00000000E+00  0.57870736E+04
 0.00000000E+00  0.57616544E+04
 0.00000000E+00  0.57360239E+04
 0.00000000E+00  0.57100551E+04
 0.00000000E+00  0.56836171E+04
 0.00000000E+00  0.56565748E+04
 0.00000000E+00  0.56287893E+04
 0.00000000E+00  0.56001167E+04
 0.00000000E+00  0.55704082E+04
 0.00000000E+00  0.55395098E+04
 0.00000000E+00  0.55072622E+04
 0.00000000E+00  0.54735009E+04
 0.00000000E+00  0.54380561E+04
 0.00000000E+00  0.54007532E+04
 0.00000000E+00  0.53614129E+04
 0.00000000E+00  0.53198521E+04
 0.00000000E+00  0.52758841E+04
 0.00000000E+00  0.52293199E+04
 0.00000000E+00  0.51799688E+04
 0.00000000E+00  0.51276403E+04
 0.00000000E+00  0.50721451E+04
 0.00000000E+00  0.50132971E+04
 0.00000000E+00  0.49509159E+04
 0.00000000E+00  0.48848288E+04
 0.00000000E+00  0.48148743E+04
 0.00000000E+00  0.47409049E+04
 0.00000000E+00  0.46627913E+04
 0.00000000E+00  0.45804266E+04
 0.00000000E+00  0.44937308E+04
 0.00000000E+00  0.44026558E+04
 0.00000000E+00  0.43071905E+04
 0.00000000E+00  0.42073662E+04
 0.00000000E+00  0.41032617E+04
 0.00000000E+00  0.39950073E+04
 0.00000000E+00  0.38827891E+04
 0.00000000E+00  0.37668508E+04
 0.00000000E+00  0.36474954E+04
 0.00000000E+00  0.35250829E+04
 0.00000000E+00  0.34000280E+04
 0.00000000E+00  0.32727938E+04
 0.00000000E+00  0.31438837E+04
 0.00000000E+00  0.30138320E+04
 0.00000000E+00  0.28831914E+04
 0.00000000E+00  0.27525213E+04
 0.00000000E+00  0.26223742E+04
 0.00000000E+00  0.24932841E+04
 0.00000000E+00  0.23657553E+04
 0.00000000E+00  0.22402530E+04
 0.00000000E+00  0.21171965E+04
 0.00000000E+00  0.19969549E+04
 0.00000000E+00  0.18798443E+04
 0.00000000E+00  0.17661281E+04
 0.00000000E+00  0.16560184E+04
 0.00000000E+00  0.15496797E+04
 0.00000000E+00  0.14472328E+04
 0.00000000E+00  0.13487601E+04
 0.00000000E+00  0.12543109E+04
 0.00000000E+00  0.11639063E+04
 0.00000000E+00  0.10775454E+04
 0.00000000E+00  0.99520914E+03
 0.00000000E+00  0.91686543E+03
 0.00000000E+00  0.84247263E+03
 0.00000000E+00  0.77198320E+03
 0.00000000E+00  0.70534619E+03
 0.00000000E+00  0.64250922E+03
 0.00000000E+00  0.58342020E+03
 0.00000000E+00  0.52802798E+03
 0.00000000E+00  0.47628217E+03
 0.00000000E+00  0.42813269E+03
 0.00000000E+00  0.38352737E+03
 0.00000000E+00  0.34241084E+03
 0.00000000E+00  0.30471970E+03
 0.00000000E+00  0.27037794E+03
 0.00000000E+00  0.23929110E+03
 0.00000000E+00  0.21133910E+03
 0.00000000E+00  0.18636819E+03
 0.00000000E+00  0.16418146E+03
 0.00000000E+00  0.14452978E+03
 0.00000000E+00  0.12710149E+03
 0.00000000E+00  0.11151391E+03
 0.00000000E+00  0.97305277E+02
 0.00000000E+00  0.83929874E+02
 0.00000000E+00  0.70755120E+02
 0.00000000E+00  0.57062938E+02
 0.00000000E+00  0.42055349E+02
 0.00000000E+00  0.24863606E+02
 0.00000000E+00  0.45622004E+01
 0.00000000E+00  -.19814559E+02
 0.00000000E+00  -.49251564E+02
 0.00000000E+00  -.84730222E+02
 0.00000000E+00  -.12720300E+03
 0.00000000E+00  -.17756583E+03
 0.00000000E+00  -.23662823E+03
 0.00000000E+00  -.30508045E+03
 0.00000000E+00  -.38345868E+03
 0.00000000E+00  -.47210699E+03
 0.00000000E+00  -.57113879E+03
 0.00000000E+00  -.68039933E+03
 0.00000000E+00  -.79943430E+03
 0.00000000E+00  -.92746975E+03
 0.00000000E+00  -.10634103E+04
 0.00000000E+00  -.12058615E+04
 0.00000000E+00  -.13531802E+04
 0.00000000E+00  -.15035500E+04
 0.00000000E+00  -.16550769E+04
 0.00000000E+00  -.18058917E+04
 0.00000000E+00  -.19542463E+04
 0.00000000E+00  -.20985904E+04
 0.00000000E+00  -.22376221E+04
 0.00000000E+00  -.23703087E+04
 0.00000000E+00  -.24958815E+04
 0.00000000E+00  -.26138115E+04
 0.00000000E+00  -.27237720E+04
 0.00000000E+00  -.28255969E+04
 0.00000000E+00  -.29192387E+04
 0.00000000E+00  -.30047295E+04
 0.00000000E+00  -.30821473E+04
 0.00000000E+00  -.31515879E+04
 0.00000000E+00  -.32131412E+04
 0.00000000E+00  -.32668721E+04
 0.00000000E+00  -.33128040E+04
 0.00000000E+00  -.33509046E+04
 0.00000000E+00  -.33810719E+04
 0.00000000E+00  -.34031207E+04
 0.00000000E+00  -.34167669E+04
 0.00000000E+00  -.34216086E+04
 0.00000000E+00  -.34171043E+04
 0.00000000E+00  -.34025432E+04
 0.00000000E+00  -.33770084E+04
 0.00000000E+00  -.33393268E+04
 0.00000000E+00  -.32880041E+04
 0.00000000E+00  -.32211364E+04
 0.00000000E+00  -.31362917E+04
 0.00000000E+00  -.30303519E+04
 0.00000000E+00  -.28993030E+04
 0.00000000E+00  -.27379582E+04
 0.00000000E+00  -.25396611E+04
 0.00000000E+00  -.22960418E+04
 0.00000000E+00  -.19971502E+04
 0.00000000E+00  -.16328416E+04
 0.00000000E+00  -.11970867E+04
 0.00000000E+00  -.69647657E+03
 0.00000000E+00  -.15821354E+03
 0.00000000E+00  0.37558245E+03
 0.00000000E+00  0.86831073E+03
 0.00000000E+00  0.13023246E+04
 0.00000000E+00  0.16759279E+04
 0.00000000E+00  0.19950260E+04
 0.00000000E+00  0.22674809E+04
 0.00000000E+00  0.25007344E+04
 0.00000000E+00  0.27010641E+04
 0.00000000E+00  0.28735342E+04
 0.00000000E+00  0.30221544E+04
 0.00000000E+00  0.31500704E+04
 0.00000000E+00  0.32597321E+04
 0.00000000E+00  0.33530258E+04
 0.00000000E+00  0.34313708E+04
 0.00000000E+00  0.34957867E+04
 0.00000000E+00  0.35469326E+04
 0.00000000E+00  0.35851214E+04
 0.00000000E+00  0.36103065E+04
 0.00000000E+00  0.36220359E+04
 0.00000000E+00  0.36193580E+04
 0.00000000E+00  0.36006503E+04
 0.00000000E+00  0.35633164E+04
 0.00000000E+00  0.35032251E+04
 0.00000000E+00  0.34135988E+04
 0.00000000E+00  0.32825479E+04
 0.00000000E+00  0.30865394E+04
 0.00000000E+00  0.27668401E+04
 0.00000000E+00  0.20382814E+04
 0.00000000E+00  -.83683884E+04
 0.00000000E+00  -.11765361E+04
 0.00000000E+00  -.12059269E+04
 0.00000000E+00  -.12312660E+04
 0.00000000E+00  -.12522635E+04
 0.00000000E+00  -.12686964E+04
 0.00000000E+00  -.12804033E+04
 0.00000000E+00  -.12872839E+04
 0.00000000E+00  -.12892986E+04
 0.00000000E+00  -.12864674E+04
 0.00000000E+00  -.12788684E+04
 0.00000000E+00  -.12666366E+04
 0.00000000E+00  -.12499615E+04
 0.00000000E+00  -.12290852E+04
 0.00000000E+00  -.12042993E+04
 0.00000000E+00  -.11759406E+04
 0.00000000E+00  -.11443874E+04
 0.00000000E+00  -.11100532E+04
 0.00000000E+00  -.10733804E+04
 0.00000000E+00  -.10348327E+04
 0.00000000E+00  -.99488638E+03
 0.00000000E+00  -.95402222E+03
 0.00000000E+00  -.91271572E+03
 0.00000000E+00  -.87142841E+03
 0.00000000E+00  -.83060024E+03
 0.00000000E+00  -.79064152E+03
 0.00000000E+00  -.75192753E+03
 0.00000000E+00  -.71479403E+03
 0.00000000E+00  -.67953419E+03
 0.00000000E+00  -.64639685E+03
 0.00000000E+00  -.61558702E+03
 0.00000000E+00  -.58726656E+03
 0.00000000E+00  -.56155628E+03
 0.00000000E+00  -.53853867E+03
 0.00000000E+00  -.51826066E+03
 0.00000000E+00  -.50073746E+03
 0.00000000E+00  -.48595512E+03
 0.00000000E+00  -.47387417E+03
 0.00000000E+00  -.46443229E+03
 0.00000000E+00  -.45754735E+03
 0.00000000E+00  -.45311922E+03
 0.00000000E+00  -.45103222E+03
 0.00000000E+00  -.45115692E+03
 0.00000000E+00  -.45335082E+03
 0.00000000E+00  -.45746082E+03
 0.00000000E+00  -.46332349E+03
 0.00000000E+00  -.47076626E+03
 0.00000000E+00  -.47960874E+03
 0.00000000E+00  -.48966332E+03
 0.00000000E+00  -.50073671E+03
 0.00000000E+00  -.51263083E+03
 0.00000000E+00  -.52514430E+03
 0.00000000E+00  -.53807379E+03
 0.00000000E+00  -.55121655E+03
 0.00000000E+00  -.56437149E+03
 0.00000000E+00  -.57734186E+03
 0.00000000E+00  -.58993744E+03
 0.00000000E+00  -.60197687E+03
 0.00000000E+00  -.61329057E+03
 0.00000000E+00  -.62372234E+03
 0.00000000E+00  -.63313256E+03
 0.00000000E+00  -.64139979E+03
 0.00000000E+00  -.64842268E+03
 0.00000000E+00  -.65412167E+03
 0.00000000E+00  -.65844017E+03
 0.00000000E+00  -.66134425E+03
 0.00000000E+00  -.66282396E+03
 0.00000000E+00  -.66289191E+03
 0.00000000E+00  -.66158237E+03
 0.00000000E+00  -.65894997E+03
 0.00000000E+00  -.65506771E+03
 0.00000000E+00  -.65002428E+03
 0.00000000E+00  -.64392145E+03
 0.00000000E+00  -.63687137E+03
 0.00000000E+00  -.62899363E+03
 0.00000000E+00  -.62041191E+03
 0.00000000E+00  -.61125164E+03
 0.00000000E+00  -.60163693E+03
 0.00000000E+00  -.59168821E+03
 0.00000000E+00  -.58152045E+03
 0.00000000E+00  -.57124113E+03
 0.00000000E+00  -.56094892E+03
 0.00000000E+00  -.55073271E+03
 0.00000000E+00  -.54067080E+03
 0.00000000E+00  -.53083108E+03
 0.00000000E+00  -.52127018E+03
 0.00000000E+00  -.51203416E+03
 0.00000000E+00  -.50315878E+03
 0.00000000E+00  -.49467008E+03
 0.00000000E+00  -.48658461E+03
 0.00000000E+00  -.47891097E+03
 0.00000000E+00  -.47164983E+03
 0.00000000E+00  -.46479471E+03
 0.00000000E+00  -.45833358E+03
 0.00000000E+00  -.45224869E+03
 0.00000000E+00  -.44651804E+03
 0.00000000E+00  -.44111551E+03
 0.00000000E+00  -.43601218E+03
 0.00000000E+00  -.43117626E+03
 0.00000000E+00  -.42657472E+03
 0.00000000E+00  -.42217305E+03
 0.00000000E+00  -.41793603E+03
 0.00000000E+00  -.41382891E+03
 0.00000000E+00  -.40981667E+03
 0.00000000E+00  -.40586572E+03
 0.00000000E+00  -.40194407E+03
 0.00000000E+00  -.39802138E+03
 0.00000000E+00  -.39407021E+03
 0.00000000E+00  -.39006560E+03
 0.00000000E+00  -.38598590E+03
 0.00000000E+00  -.38181301E+03
 0.00000000E+00  -.37753247E+03
 0.00000000E+00  -.37313414E+03
 0.00000000E+00  -.36861164E+03
 0.00000000E+00  -.36396265E+03
 0.00000000E+00  -.35918930E+03
 0.00000000E+00  -.35429713E+03
 0.00000000E+00  -.34929552E+03
 0.00000000E+00  -.34419742E+03
 0.00000000E+00  -.33901813E+03
 0.00000000E+00  -.33377567E+03
 0.00000000E+00  -.32848962E+03
 0.00000000E+00  -.32318093E+03
 0.00000000E+00  -.31787100E+03
 0.00000000E+00  -.31258109E+03
 0.00000000E+00  -.30733165E+03
 0.00000000E+00  -.30214191E+03
 0.00000000E+00  -.29702949E+03
 0.00000000E+00  -.29200926E+03
 0.00000000E+00  -.28709376E+03
 0.00000000E+00  -.28229235E+03
 0.00000000E+00  -.27761149E+03
 0.00000000E+00  -.27305442E+03
 0.00000000E+00  -.26862075E+03
 0.00000000E+00  -.26430760E+03
 0.00000000E+00  -.26010878E+03
 0.00000000E+00  -.25601539E+03
 0.00000000E+00  -.25201650E+03
 0.00000000E+00  -.24809876E+03
 0.00000000E+00  -.24424749E+03
 0.00000000E+00  -.24044682E+03
 0.00000000E+00  -.23667980E+03
 0.00000000E+00  -.23292943E+03
 0.00000000E+00  -.22917880E+03
 0.00000000E+00  -.22541122E+03
 0.00000000E+00  -.22161125E+03
 0.00000000E+00  -.21776446E+03
 0.00000000E+00  -.21385806E+03
 0.00000000E+00  -.20988147E+03
 0.00000000E+00  -.20582605E+03
 0.00000000E+00  -.20168579E+03
 0.00000000E+00  -.19745742E+03
 0.00000000E+00  -.19314036E+03
 0.00000000E+00  -.18873727E+03
 0.00000000E+00  -.18425397E+03
 0.00000000E+00  -.17969941E+03
 0.00000000E+00  -.17508553E+03
 0.00000000E+00  -.17042750E+03
 0.00000000E+00  -.16574376E+03
 0.00000000E+00  -.16105541E+03
 0.00000000E+00  -.15638637E+03
 0.00000000E+00  -.15176307E+03
 0.00000000E+00  -.14721398E+03
 0.00000000E+00  -.14276936E+03
 0.00000000E+00  -.13846111E+03
 0.00000000E+00  -.13432183E+03
 0.00000000E+00  -.13038490E+03
 0.00000000E+00  -.12668347E+03
 0.00000000E+00  -.12325035E+03
 0.00000000E+00  -.12011731E+03
 0.00000000E+00  -.11731456E+03
 0.00000000E+00  -.11487029E+03
 0.00000000E+00  -.11281017E+03
 0.00000000E+00  -.11115687E+03
 0.00000000E+00  -.10992985E+03
 0.00000000E+00  -.10914488E+03
 0.00000000E+00  -.10881363E+03
 0.00000000E+00  -.10894376E+03
 0.00000000E+00  -.10953876E+03
 0.00000000E+00  -.11059762E+03
 0.00000000E+00  -.11211509E+03
 0.00000000E+00  -.11408183E+03
 0.00000000E+00  -.11648428E+03
 0.00000000E+00  -.11930521E+03
 0.00000000E+00  -.12252383E+03
 0.00000000E+00  -.12611610E+03
 0.00000000E+00  -.13005519E+03
 0.00000000E+00  -.13431181E+03
 0.00000000E+00  -.13885464E+03
 0.00000000E+00  -.14365077E+03
 0.00000000E+00  -.14866612E+03
 0.00000000E+00  -.15386591E+03
 0.00000000E+00  -.15921503E+03
 0.00000000E+00  -.16467848E+03
 0.00000000E+00  -.17022175E+03
 0.00000000E+00  -.17581117E+03
 0.00000000E+00  -.18141429E+03
 0.00000000E+00  -.18700011E+03
 0.00000000E+00  -.19253943E+03
 0.00000000E+00  -.19800504E+03
 0.00000000E+00  -.20337193E+03
 0.00000000E+00  -.20861750E+03
 0.00000000E+00  -.21372164E+03
 0.00000000E+00  -.21866689E+03
 0.00000000E+00  -.22343848E+03
 0.00000000E+00  -.22802435E+03
 0.00000000E+00  -.23241520E+03
 0.00000000E+00  -.23660444E+03
 0.00000000E+00  -.24058813E+03
 0.00000000E+00  -.24436491E+03
 0.00000000E+00  -.24793591E+03
 0.00000000E+00  -.25130448E+03
 0.00000000E+00  -.25447622E+03
 0.00000000E+00  -.25745864E+03
 0.00000000E+00  -.26026103E+03
 0.00000000E+00  -.26289413E+03
 0.00000000E+00  -.26537012E+03
 0.00000000E+00  -.26770210E+03
 0.00000000E+00  -.26990395E+03
 0.00000000E+00  -.27199007E+03
 0.00000000E+00  -.27397506E+03
 0.00000000E+00  -.27587353E+03
 0.00000000E+00  -.27769981E+03
 0.00000000E+00  -.27946762E+03
 0.00000000E+00  -.28119006E+03
 0.00000000E+00  -.28287917E+03
 0.00000000E+00  -.28454593E+03
 0.00000000E+00  -.28620001E+03
 0.00000000E+00  -.28784968E+03
 0.00000000E+00  -.28950171E+03
 0.00000000E+00  -.29116133E+03
 0.00000000E+00  -.29283219E+03
 0.00000000E+00  -.29451637E+03
 0.00000000E+00  -.29621440E+03
 0.00000000E+00  -.29792529E+03
 0.00000000E+00  -.29964672E+03
Mw-Hw               
 0.29885900E+06  0.39772800E+06
 0.29786280E+06  0.39643206E+06
 0.29686661E+06  0.39513592E+06
 0.29587041E+06  0.39383959E+06
 0.29487421E+06  0.39254306E+06
 0.29387802E+06  0.39124634E+06
 0.29288182E+06  0.38994942E+06
 0.29188562E+06  0.38865231E+06
 0.29088943E+06  0.38735500E+06
 0.28989323E+06  0.38605750E+06
 0.28889703E+06  0.38475979E+06
 0.28790084E+06  0.38346188E+06
 0.28690464E+06  0.38216376E+06
 0.28590844E+06  0.38086543E+06
 0.28491225E+06  0.37956689E+06
 0.28391605E+06  0.37826813E+06
 0.28291985E+06  0.37696914E+06
 0.28192366E+06  0.37566993E+06
 0.28092746E+06  0.37437049E+06
 0.27993126E+06  0.37307082E+06
 0.27893507E+06  0.37177090E+06
 0.27793887E+06  0.37047073E+06
 0.27694267E+06  0.36917031E+06
 0.27594648E+06  0.36786964E+06
 0.27495028E+06  0.36656870E+06
 0.27395408E+06  0.36526749E+06
 0.27295789E+06  0.36396600E+06
 0.27196169E+06  0.36266424E+06
 0.27096549E+06  0.36136219E+06
 0.26996930E+06  0.36005985E+06
 0.26897310E+06  0.35875722E+06
 0.26797690E+06  0.35745429E+06
 0.26698071E+06  0.35615105E+06
 0.26598451E+06  0.35484750E+06
 0.26498831E+06  0.35354365E+06
 0.26399212E+06  0.35223949E+06
 0.26299592E+06  0.35093501E+06
 0.26199972E+06  0.34963022E+06
 0.26100353E+06  0.34832512E+06
 0.26000733E+06  0.34701971E+06
 0.25901113E+06  0.34571399E+06
 0.25801494E+06  0.34440797E+06
 0.25701874E+06  0.34310166E+06
 0.25602254E+06  0.34179506E+06
 0.25502635E+06  0.34048817E+06
 0.25403015E+06  0.33918101E+06
 0.25303395E+06  0.33787359E+06
 0.25203776E+06  0.33656591E+06
 0.25104156E+06  0.33525798E+06
 0.25004536E+06  0.33394982E+06
 0.24904917E+06  0.33264143E+06
 0.24805297E+06  0.33133284E+06
 0.24705677E+06  0.33002404E+06
 0.24606058E+06  0.32871504E+06
 0.24506438E+06  0.32740587E+06
 0.24406818E+06  0.32609652E+06
 0.24307199E+06  0.32478700E+06
 0.24207579E+06  0.32347733E+06
 0.24107959E+06  0.32216751E+06
 0.24008340E+06  0.32085755E+06
 0.23908720E+06  0.31954745E+06
 0.23809100E+06  0.31823723E+06
 0.23709481E+06  0.31692688E+06
 0.23609861E+06  0.31561641E+06
 0.23510241E+06  0.31430583E+06
 0.23410622E+06  0.31299513E+06
 0.23311002E+06  0.31168432E+06
 0.23211382E+06  0.31037341E+06
 0.23111763E+06  0.30906239E+06
 0.23012143E+06  0.30775127E+06
 0.22912523E+06  0.30644004E+06
 0.22812904E+06  0.30512871E+06
 0.22713284E+06  0.30381728E+06
 0.22613664E+06  0.30250575E+06
 0.22514045E+06  0.30119412E+06
 0.22414425E+06  0.29988239E+06
 0.22314805E+06  0.29857056E+06
 0.22215186E+06  0.29725862E+06
 0.22115566E+06  0.29594658E+06
 0.22015946E+06  0.29463444E+06
 0.21916327E+06  0.29332219E+06
 0.21816707E+06  0.29200983E+06
 0.21717087E+06  0.29069737E+06
 0.21617468E+06  0.28938480E+06
 0.21517848E+06  0.28807212E+06
 0.21418228E+06  0.28675933E+06
 0.21318609E+06  0.28544642E+06
 0.21218989E+06  0.28413340E+06
 0.21119369E+06  0.28282026E+06
 0.21019750E+06  0.28150701E+06
 0.20920130E+06  0.28019364E+06
 0.20820510E+06  0.27888015E+06
 0.20720891E+06  0.27756653E+06
 0.20621271E+06  0.27625279E+06
 0.20521651E+06  0.27493893E+06
 0.20422032E+06  0.27362494E+06
 0.20322412E+06  0.27231083E+06
 0.20222792E+06  0.27099658E+06
 0.20123173E+06  0.26968221E+06
 0.20023553E+06  0.26836771E+06
 0.19923933E+06  0.26705307E+06
 0.19824314E+06  0.26573830E+06
 0.19724694E+06  0.26442341E+06
 0.19625074E+06  0.26310837E+06
 0.19525455E+06  0.26179321E+06
 0.19425835E+06  0.26047791E+06
 0.19326215E+06  0.25916248E+06
 0.19226596E+06  0.25784692E+06
 0.19126976E+06  0.25653122E+06
 0.19027356E+06  0.25521540E+06
 0.18927737E+06  0.25389944E+06
 0.18828117E+06  0.25258335E+06
 0.18728497E+06  0.25126713E+06
 0.18628878E+06  0.24995078E+06
 0.18529258E+06  0.24863430E+06
 0.18429638E+06  0.24731770E+06
 0.18330019E+06  0.24600098E+06
 0.18230399E+06  0.24468413E+06
 0.18130779E+06  0.24336716E+06
 0.18031160E+06  0.24205006E+06
 0.17931540E+06  0.24073285E+06
 0.17831920E+06  0.23941552E+06
 0.17732301E+06  0.23809807E+06
 0.17632681E+06  0.23678050E+06
 0.17533061E+06  0.23546282E+06
 0.17433442E+06  0.23414503E+06
 0.17333822E+06  0.23282712E+06
 0.17234202E+06  0.23150910E+06
 0.17134583E+06  0.23019097E+06
 0.17034963E+06  0.22887272E+06
 0.16935343E+06  0.22755436E+06
 0.16835724E+06  0.22623589E+06
 0.16736104E+06  0.22491730E+06
 0.16636484E+06  0.22359860E+06
 0.16536865E+06  0.22227978E+06
 0.16437245E+06  0.22096084E+06
 0.16337625E+06  0.21964178E+06
 0.16238006E+06  0.21832260E+06
 0.16138386E+06  0.21700330E+06
 0.16038766E+06  0.21568387E+06
 0.15939147E+06  0.21436431E+06
 0.15839527E+06  0.21304462E+06
 0.15739907E+06  0.21172479E+06
 0.15640288E+06  0.21040482E+06
 0.15540668E+06  0.20908471E+06
 0.15441048E+06  0.20776446E+06
 0.15341429E+06  0.20644405E+06
 0.15241809E+06  0.20512349E+06
 0.15142189E+06  0.20380278E+06
 0.15042570E+06  0.20248190E+06
 0.14942950E+06  0.20116086E+06
 0.14843330E+06  0.19983965E+06
 0.14743711E+06  0.19851827E+06
 0.14644091E+06  0.19719671E+06
 0.14544471E+06  0.19587498E+06
 0.14444852E+06  0.19455306E+06
 0.14345232E+06  0.19323095E+06
 0.14245612E+06  0.19190864E+06
 0.14145993E+06  0.19058615E+06
 0.14046373E+06  0.18926345E+06
 0.13946753E+06  0.18794055E+06
 0.13847134E+06  0.18661744E+06
 0.13747514E+06  0.18529412E+06
 0.13647894E+06  0.18397059E+06
 0.13548275E+06  0.18264685E+06
 0.13448655E+06  0.18132290E+06
 0.13349035E+06  0.17999875E+06
 0.13249416E+06  0.17867439E+06
 0.13149796E+06  0.17734984E+06
 0.13050176E+06  0.17602510E+06
 0.12950557E+06  0.17470019E+06
 0.12850937E+06  0.17337511E+06
 0.12751317E+06  0.17204988E+06
 0.12651698E+06  0.17072451E+06
 0.12552078E+06  0.16939902E+06
 0.12452458E+06  0.16807341E+06
 0.12352839E+06  0.16674771E+06
 0.12253219E+06  0.16542192E+06
 0.12153599E+06  0.16409606E+06
 0.12053980E+06  0.16277014E+06
 0.11954360E+06  0.16144417E+06
 0.11854740E+06  0.16011816E+06
 0.11755121E+06  0.15879211E+06
 0.11655501E+06  0.15746604E+06
 0.11555881E+06  0.15613994E+06
 0.11456262E+06  0.15481383E+06
 0.11356642E+06  0.15348771E+06
 0.11257022E+06  0.15216158E+06
 0.11157403E+06  0.15083544E+06
 0.11057783E+06  0.14950930E+06
 0.10958163E+06  0.14818315E+06
 0.10858544E+06  0.14685700E+06
 0.10758924E+06  0.14553085E+06
 0.10659304E+06  0.14420469E+06
 0.10559685E+06  0.14287853E+06
 0.10460065E+06  0.14155236E+06
 0.10360445E+06  0.14022619E+06
 0.10260826E+06  0.13890001E+06
 0.10161206E+06  0.13757382E+06
 0.10061586E+06  0.13624762E+06
 0.99619667E+05  0.13492141E+06
 0.98623470E+05  0.13359519E+06
 0.97627273E+05  0.13226895E+06
 0.96631077E+05  0.13094271E+06
 0.95634880E+05  0.12961645E+06
 0.94638683E+05  0.12829017E+06
 0.93642487E+05  0.12696388E+06
 0.92646290E+05  0.12563757E+06
 0.91650093E+05  0.12431125E+06
 0.90653897E+05  0.12298491E+06
 0.89657700E+05  0.12165856E+06
 0.88661503E+05  0.12033219E+06
 0.87665307E+05  0.11900580E+06
 0.86669110E+05  0.11767940E+06
 0.85672913E+05  0.11635298E+06
 0.84676717E+05  0.11502654E+06
 0.83680520E+05  0.11370008E+06
 0.82684323E+05  0.11237360E+06
 0.81688127E+05  0.11104710E+06
 0.80691930E+05  0.10972057E+06
 0.79695733E+05  0.10839401E+06
 0.78699537E+05  0.10706742E+06
 0.77703340E+05  0.10574080E+06
 0.76707143E+05  0.10441414E+06
 0.75710947E+05  0.10308744E+06
 0.74714750E+05  0.10176068E+06
 0.73718553E+05  0.10043388E+06
 0.72722357E+05  0.99107015E+05
 0.71726160E+05  0.97780087E+05
 0.70729963E+05  0.96453090E+05
 0.69733767E+05  0.95126019E+05
 0.68737570E+05  0.93798870E+05
 0.67741373E+05  0.92471639E+05
 0.66745177E+05  0.91144324E+05
 0.65748980E+05  0.89816922E+05
 0.64752783E+05  0.88489433E+05
 0.63756587E+05  0.87161858E+05
 0.62760390E+05  0.85834199E+05
 0.61764193E+05  0.84506460E+05
 0.60767997E+05  0.83178644E+05
 0.59771800E+05  0.81850757E+05
 0.58775603E+05  0.80522806E+05
 0.57779407E+05  0.79194798E+05
 0.56783210E+05  0.77866741E+05
 0.55787013E+05  0.76538644E+05
 0.54790817E+05  0.75210514E+05
 0.53794620E+05  0.73882360E+05
 0.52798423E+05  0.72554191E+05
 0.51802227E+05  0.71226015E+05
 0.50806030E+05  0.69897839E+05
 0.49809833E+05  0.68569670E+05
 0.48813637E+05  0.67241516E+05
 0.47817440E+05  0.65913381E+05
 0.46821243E+05  0.64585272E+05
 0.45825047E+05  0.63257191E+05
 0.44828850E+05  0.61929143E+05
 0.43832653E+05  0.60601129E+05
 0.42836457E+05  0.59273152E+05
 0.41840260E+05  0.57945212E+05
 0.40844063E+05  0.56617307E+05
 0.39847867E+05  0.55289436E+05
 0.38851670E+05  0.53961597E+05
 0.37855473E+05  0.52633785E+05
 0.36859277E+05  0.51305995E+05
 0.35863080E+05  0.49978221E+05
 0.34866883E+05  0.48650455E+05
 0.33870687E+05  0.47322690E+05
 0.32874490E+05  0.45994915E+05
 0.31878293E+05  0.44667121E+05
 0.30882097E+05  0.43339298E+05
 0.29885900E+05  0.42011435E+05
 0.28889703E+05  0.40683522E+05
 0.27893507E+05  0.39355549E+05
 0.26897310E+05  0.38027507E+05
 0.25901113E+05  0.36699386E+05
 0.24904917E+05  0.35371181E+05
 0.23908720E+05  0.34042886E+05
 0.22912523E+05  0.32714496E+05
 0.21916327E+05  0.31386008E+05
 0.20920130E+05  0.30057421E+05
 0.19923933E+05  0.28728735E+05
 0.18927737E+05  0.27399949E+05
 0.17931540E+05  0.26071063E+05
 0.16935343E+05  0.24742077E+05
 0.15939147E+05  0.23412989E+05
 0.14942950E+05  0.22083797E+05
 0.13946753E+05  0.20754497E+05
 0.12950557E+05  0.19425080E+05
 0.11954360E+05  0.18095538E+05
 0.10958163E+05  0.16765858E+05
 0.99619667E+04  0.15436026E+05
 0.89657700E+04  0.14106025E+05
 0.79695733E+04  0.12775840E+05
 0.69733767E+04  0.11445453E+05
 0.59771800E+04  0.10114850E+05
 0.49809833E+04  0.87840200E+04
 0.39847867E+04  0.74529566E+04
 0.29885900E+04  0.61216603E+04
 0.19923933E+04  0.47901382E+04
 0.99619667E+03  0.34584045E+04
 0.00000000E+00  0.21264795E+04
 -.99619667E+03  0.79438876E+03
 -.19923933E+04  -.53783859E+03
 -.29885900E+04  -.18701710E+04
 -.39847867E+04  -.32025759E+04
 -.49809833E+04  -.45350214E+04
 -.59771800E+04  -.58674763E+04
 -.69733767E+04  -.71999115E+04
 -.79695733E+04  -.85322997E+04
 -.89657700E+04  -.98646159E+04
 -.99619667E+04  -.11196837E+05
 -.10958163E+05  -.12528943E+05
 -.11954360E+05  -.13860914E+05
 -.12950557E+05  -.15192734E+05
 -.13946753E+05  -.16524385E+05
 -.14942950E+05  -.17855853E+05
 -.15939147E+05  -.19187125E+05
 -.16935343E+05  -.20518187E+05
 -.17931540E+05  -.21849025E+05
 -.18927737E+05  -.23179629E+05
 -.19923933E+05  -.24509987E+05
 -.20920130E+05  -.25840088E+05
 -.21916327E+05  -.27169921E+05
 -.22912523E+05  -.28499478E+05
 -.23908720E+05  -.29828753E+05
 -.24904917E+05  -.31157743E+05
 -.25901113E+05  -.32486452E+05
 -.26897310E+05  -.33814892E+05
 -.27893507E+05  -.35143096E+05
 -.28889703E+05  -.36471123E+05
 -.29885900E+05  -.37799081E+05
 -.30882097E+05  -.39127158E+05
 -.31878293E+05  -.40455666E+05
 -.32874490E+05  -.41785075E+05
 -.33870687E+05  -.43115972E+05
 -.34866883E+05  -.44448838E+05
 -.35863080E+05  -.45783729E+05
 -.36859277E+05  -.47120240E+05
 -.37855473E+05  -.48457788E+05
 -.38851670E+05  -.49795876E+05
 -.39847867E+05  -.51134164E+05
 -.40844063E+05  -.52472445E+05
 -.41840260E+05  -.53810594E+05
 -.42836457E+05  -.55148539E+05
 -.43832653E+05  -.56486237E+05
 -.44828850E+05  -.57823661E+05
 -.45825047E+05  -.59160794E+05
 -.46821243E+05  -.60497622E+05
 -.47817440E+05  -.61834134E+05
 -.48813637E+05  -.63170317E+05
 -.49809833E+05  -.64506156E+05
 -.50806030E+05  -.65841633E+05
 -.51802227E+05  -.67176721E+05
 -.52798423E+05  -.68511391E+05
 -.53794620E+05  -.69845600E+05
 -.54790817E+05  -.71179292E+05
 -.55787013E+05  -.72512394E+05
 -.56783210E+05  -.73844804E+05
 -.57779407E+05  -.75176378E+05
 -.58775603E+05  -.76506904E+05
 -.59771800E+05  -.77836051E+05
 -.60767997E+05  -.79163229E+05
 -.61764193E+05  -.80487157E+05
 -.62760390E+05  -.81802618E+05
 -.63756587E+05  -.83339401E+05
 -.64752783E+05  -.88489517E+05
 -.65748980E+05  -.89816936E+05
 -.66745177E+05  -.91144310E+05
 -.67741373E+05  -.92471642E+05
 -.68737570E+05  -.93798932E+05
 -.69733767E+05  -.95126178E+05
 -.70729963E+05  -.96453380E+05
 -.71726160E+05  -.97780537E+05
 -.72722357E+05  -.99107647E+05
 -.73718553E+05  -.10043471E+06
 -.74714750E+05  -.10176172E+06
 -.75710947E+05  -.10308867E+06
 -.76707143E+05  -.10441557E+06
 -.77703340E+05  -.10574240E+06
 -.78699537E+05  -.10706917E+06
 -.79695733E+05  -.10839586E+06
 -.80691930E+05  -.10972249E+06
 -.81688127E+05  -.11104904E+06
 -.82684323E+05  -.11237551E+06
 -.83680520E+05  -.11370189E+06
 -.84676717E+05  -.11502820E+06
 -.85672913E+05  -.11635442E+06
 -.86669110E+05  -.11768057E+06
 -.87665307E+05  -.11900663E+06
 -.88661503E+05  -.12033261E+06
 -.89657700E+05  -.12165851E+06
 -.90653897E+05  -.12298435E+06
 -.91650093E+05  -.12431011E+06
 -.92646290E+05  -.12563581E+06
 -.93642487E+05  -.12696145E+06
 -.94638683E+05  -.12828704E+06
 -.95634880E+05  -.12961257E+06
 -.96631077E+05  -.13093806E+06
 -.97627273E+05  -.13226350E+06
 -.98623470E+05  -.13358891E+06
 -.99619667E+05  -.13491428E+06
 -.10061586E+06  -.13623961E+06
 -.10161206E+06  -.13756492E+06
 -.10260826E+06  -.13889019E+06
 -.10360445E+06  -.14021543E+06
 -.10460065E+06  -.14154065E+06
 -.10559685E+06  -.14286583E+06
 -.10659304E+06  -.14419099E+06
 -.10758924E+06  -.14551611E+06
 -.10858544E+06  -.14684121E+06
 -.10958163E+06  -.14816626E+06
 -.11057783E+06  -.14949128E+06
 -.11157403E+06  -.15081626E+06
 -.11257022E+06  -.15214119E+06
 -.11356642E+06  -.15346608E+06
 -.11456262E+06  -.15479091E+06
 -.11555881E+06  -.15611569E+06
 -.11655501E+06  -.15744040E+06
 -.11755121E+06  -.15876505E+06
 -.11854740E+06  -.16008964E+06
 -.11954360E+06  -.16141415E+06
 -.12053980E+06  -.16273858E+06
 -.12153599E+06  -.16406293E+06
 -.12253219E+06  -.16538720E+06
 -.12352839E+06  -.16671137E+06
 -.12452458E+06  -.16803545E+06
 -.12552078E+06  -.16935944E+06
 -.12651698E+06  -.17068332E+06
 -.12751317E+06  -.17200711E+06
 -.12850937E+06  -.17333079E+06
 -.12950557E+06  -.17465436E+06
 -.13050176E+06  -.17597782E+06
 -.13149796E+06  -.17730117E+06
 -.13249416E+06  -.17862441E+06
 -.13349035E+06  -.17994754E+06
 -.13448655E+06  -.18127055E+06
 -.13548275E+06  -.18259345E+06
 -.13647894E+06  -.18391624E+06
 -.13747514E+06  -.18523891E+06
 -.13847134E+06  -.18656147E+06
 -.13946753E+06  -.18788393E+06
 -.14046373E+06  -.18920627E+06
 -.14145993E+06  -.19052851E+06
 -.14245612E+06  -.19185065E+06
 -.14345232E+06  -.19317269E+06
 -.14444852E+06  -.19449462E+06
 -.14544471E+06  -.19581646E+06
 -.14644091E+06  -.19713821E+06
 -.14743711E+06  -.19845986E+06
 -.14843330E+06  -.19978143E+06
 -.14942950E+06  -.20110291E+06
 -.15042570E+06  -.20242431E+06
 -.15142189E+06  -.20374563E+06
 -.15241809E+06  -.20506687E+06
 -.15341429E+06  -.20638803E+06
 -.15441048E+06  -.20770912E+06
 -.15540668E+06  -.20903014E+06
 -.15640288E+06  -.21035109E+06
 -.15739907E+06  -.21167196E+06
 -.15839527E+06  -.21299276E+06
 -.15939147E+06  -.21431350E+06
 -.16038766E+06  -.21563416E+06
 -.16138386E+06  -.21695476E+06
 -.16238006E+06  -.21827528E+06
 -.16337625E+06  -.21959573E+06
 -.16437245E+06  -.22091610E+06
 -.16536865E+06  -.22223641E+06
 -.16636484E+06  -.22355663E+06
 -.16736104E+06  -.22487678E+06
 -.16835724E+06  -.22619684E+06
 -.16935343E+06  -.22751682E+06
 -.17034963E+06  -.22883671E+06
 -.17134583E+06  -.23015651E+06
 -.17234202E+06  -.23147622E+06
 -.17333822E+06  -.23279583E+06
 -.17433442E+06  -.23411533E+06
 -.17533061E+06  -.23543474E+06
 -.17632681E+06  -.23675403E+06
 -.17732301E+06  -.23807322E+06
 -.17831920E+06  -.23939228E+06
 -.17931540E+06  -.24071123E+06
 -.18031160E+06  -.24203006E+06
 -.18130779E+06  -.24334876E+06
 -.18230399E+06  -.24466734E+06
 -.18330019E+06  -.24598578E+06
 -.18429638E+06  -.24730409E+06
 -.18529258E+06  -.24862226E+06
 -.18628878E+06  -.24994030E+06
 -.18728497E+06  -.25125819E+06
 -.18828117E+06  -.25257594E+06
 -.18927737E+06  -.25389355E+06
 -.19027356E+06  -.25521102E+06
 -.19126976E+06  -.25652834E+06
 -.19226596E+06  -.25784552E+06
 -.19326215E+06  -.25916255E+06
 -.19425835E+06  -.26047944E+06
 -.19525455E+06  -.26179618E+06
 -.19625074E+06  -.26311278E+06
 -.19724694E+06  -.26442924E+06
 -.19824314E+06  -.26574555E+06
 -.19923933E+06  -.26706172E+06
 -.20023553E+06  -.26837774E+06
 -.20123173E+06  -.26969363E+06
 -.20222792E+06  -.27100938E+06
 -.20322412E+06  -.27232499E+06
 -.20422032E+06  -.27364046E+06
 -.20521651E+06  -.27495579E+06
 -.20621271E+06  -.27627099E+06
 -.20720891E+06  -.27758605E+06
 -.20820510E+06  -.27890098E+06
 -.20920130E+06  -.28021577E+06
 -.21019750E+06  -.28153043E+06
 -.21119369E+06  -.28284495E+06
 -.21218989E+06  -.28415934E+06
 -.21318609E+06  -.28547359E+06
 -.21418228E+06  -.28678771E+06
 -.21517848E+06  -.28810169E+06
 -.21617468E+06  -.28941554E+06
 -.21717087E+06  -.29072925E+06
 -.21816707E+06  -.29204282E+06
 -.21916327E+06  -.29335625E+06
 -.22015946E+06  -.29466953E+06
 -.22115566E+06  -.29598267E+06
 -.22215186E+06  -.29729567E+06
 -.22314805E+06  -.29860852E+06
 -.22414425E+06  -.29992121E+06
 -.22514045E+06  -.30123376E+06
 -.22613664E+06  -.30254614E+06
 -.22713284E+06  -.30385837E+06
 -.22812904E+06  -.30517044E+06
 -.22912523E+06  -.30648235E+06
 -.23012143E+06  -.30779409E+06
 -.23111763E+06  -.30910566E+06
 -.23211382E+06  -.31041706E+06
 -.23311002E+06  -.31172828E+06
 -.23410622E+06  -.31303933E+06
 -.23510241E+06  -.31435021E+06
 -.23609861E+06  -.31566090E+06
 -.23709481E+06  -.31697140E+06
 -.23809100E+06  -.31828173E+06
 -.23908720E+06  -.31959187E+06
 -.24008340E+06  -.32090181E+06
 -.24107959E+06  -.32221157E+06
 -.24207579E+06  -.32352114E+06
 -.24307199E+06  -.32483052E+06
 -.24406818E+06  -.32613970E+06
 -.24506438E+06  -.32744869E+06
 -.24606058E+06  -.32875748E+06
 -.24705677E+06  -.33006608E+06
 -.24805297E+06  -.33137448E+06
 -.24904917E+06  -.33268269E+06
 -.25004536E+06  -.33399070E+06
 -.25104156E+06  -.33529851E+06
 -.25203776E+06  -.33660613E+06
 -.25303395E+06  -.33791355E+06
 -.25403015E+06  -.33922077E+06
 -.25502635E+06  -.34052779E+06
 -.25602254E+06  -.34183462E+06
 -.25701874E+06  -.34314125E+06
 -.25801494E+06  -.34444768E+06
 -.25901113E+06  -.34575391E+06
 -.26000733E+06  -.34705994E+06
 -.26100353E+06  -.34836578E+06
 -.26199972E+06  -.34967141E+06
 -.26299592E+06  -.35097685E+06
 -.26399212E+06  -.35228208E+06
 -.26498831E+06  -.35358712E+06
 -.26598451E+06  -.35489195E+06
 -.26698071E+06  -.35619657E+06
 -.26797690E+06  -.35750100E+06
 -.26897310E+06  -.35880521E+06
 -.26996930E+06  -.36010922E+06
 -.27096549E+06  -.36141301E+06
 -.27196169E+06  -.36271659E+06
 -.27295789E+06  -.36401996E+06
 -.27395408E+06  -.36532311E+06
 -.27495028E+06  -.36662604E+06
 -.27594648E+06  -.36792875E+06
 -.27694267E+06  -.36923124E+06
 -.27793887E+06  -.37053349E+06
 -.27893507E+06  -.37183552E+06
 -.27993126E+06  -.37313731E+06
 -.28092746E+06  -.37443886E+06
 -.28192366E+06  -.37574017E+06
 -.28291985E+06  -.37704123E+06
 -.28391605E+06  -.37834205E+06
 -.28491225E+06  -.37964262E+06
 -.28590844E+06  -.38094293E+06
 -.28690464E+06  -.38224298E+06
 -.28790084E+06  -.38354277E+06
 -.28889703E+06  -.38484230E+06
 -.28989323E+06  -.38614156E+06
 -.29088943E+06  -.38744055E+06
 -.29188562E+06  -.38873926E+06
 -.29288182E+06  -.39003770E+06
 -.29387802E+06  -.39133585E+06
 -.29487421E+06  -.39263373E+06
 -.29587041E+06  -.39393132E+06
 -.29686661E+06  -.39522862E+06
 -.29786280E+06  -.39652563E+06
