Mu-Hu               
 0.20000000E+06  0.85496639E+06
 0.19933333E+06  0.85494511E+06
 0.19866667E+06  0.85492370E+06
 0.19800000E+06  0.85490216E+06
 0.19733333E+06  0.85488049E+06
 0.19666667E+06  0.85485868E+06
 0.19600000E+06  0.85483675E+06
 0.19533333E+06  0.85481468E+06
 0.19466667E+06  0.85479247E+06
 0.19400000E+06  0.85477013E+06
 0.19333333E+06  0.85474765E+06
 0.19266667E+06  0.85472504E+06
 0.19200000E+06  0.85470228E+06
 0.19133333E+06  0.85467939E+06
 0.19066667E+06  0.85465635E+06
 0.19000000E+06  0.85463317E+06
 0.18933333E+06  0.85460985E+06
 0.18866667E+06  0.85458638E+06
 0.18800000E+06  0.85456277E+06
 0.18733333E+06  0.85453901E+06
 0.18666667E+06  0.85451511E+06
 0.18600000E+06  0.85449105E+06
 0.18533333E+06  0.85446684E+06
 0.18466667E+06  0.85444249E+06
 0.18400000E+06  0.85441798E+06
 0.18333333E+06  0.85439331E+06
 0.18266667E+06  0.85436849E+06
 0.18200000E+06  0.85434352E+06
 0.18133333E+06  0.85431838E+06
 0.18066667E+06  0.85429309E+06
 0.18000000E+06  0.85426764E+06
 0.17933333E+06  0.85424202E+06
 0.17866667E+06  0.85421625E+06
 0.17800000E+06  0.85419031E+06
 0.17733333E+06  0.85416420E+06
 0.17666667E+06  0.85413793E+06
 0.17600000E+06  0.85411148E+06
 0.17533333E+06  0.85408487E+06
 0.17466667E+06  0.85405809E+06
 0.17400000E+06  0.85403114E+06
 0.17333333E+06  0.85400401E+06
 0.17266667E+06  0.85397671E+06
 0.17200000E+06  0.85394923E+06
 0.17133333E+06  0.85392157E+06
 0.17066667E+06  0.85389374E+06
 0.17000000E+06  0.85386572E+06
 0.16933333E+06  0.85383752E+06
 0.16866667E+06  0.85380914E+06
 0.16800000E+06  0.85378057E+06
 0.16733333E+06  0.85375181E+06
 0.16666667E+06  0.85372287E+06
 0.16600000E+06  0.85369374E+06
 0.16533333E+06  0.85366441E+06
 0.16466667E+06  0.85363489E+06
 0.16400000E+06  0.85360518E+06
 0.16333333E+06  0.85357527E+06
 0.16266667E+06  0.85354516E+06
 0.16200000E+06  0.85351486E+06
 0.16133333E+06  0.85348435E+06
 0.16066667E+06  0.85345364E+06
 0.16000000E+06  0.85342272E+06
 0.15933333E+06  0.85339160E+06
 0.15866667E+06  0.85336027E+06
 0.15800000E+06  0.85332872E+06
 0.15733333E+06  0.85329697E+06
 0.15666667E+06  0.85326500E+06
 0.15600000E+06  0.85323282E+06
 0.15533333E+06  0.85320042E+06
 0.15466667E+06  0.85316780E+06
 0.15400000E+06  0.85313496E+06
 0.15333333E+06  0.85310190E+06
 0.15266667E+06  0.85306861E+06
 0.15200000E+06  0.85303510E+06
 0.15133333E+06  0.85300136E+06
 0.15066667E+06  0.85296738E+06
 0.15000000E+06  0.85293318E+06
 0.14933333E+06  0.85289874E+06
 0.14866667E+06  0.85286406E+06
 0.14800000E+06  0.85282914E+06
 0.14733333E+06  0.85279398E+06
 0.14666667E+06  0.85275858E+06
 0.14600000E+06  0.85272294E+06
 0.14533333E+06  0.85268704E+06
 0.14466667E+06  0.85265090E+06
 0.14400000E+06  0.85261451E+06
 0.14333333E+06  0.85257786E+06
 0.14266667E+06  0.85254095E+06
 0.14200000E+06  0.85250379E+06
 0.14133333E+06  0.85246637E+06
 0.14066667E+06  0.85242868E+06
 0.14000000E+06  0.85239073E+06
 0.13933333E+06  0.85235251E+06
 0.13866667E+06  0.85231401E+06
 0.13800000E+06  0.85227525E+06
 0.13733333E+06  0.85223621E+06
 0.13666667E+06  0.85219690E+06
 0.13600000E+06  0.85215730E+06
 0.13533333E+06  0.85211742E+06
 0.13466667E+06  0.85207726E+06
 0.13400000E+06  0.85203680E+06
 0.13333333E+06  0.85199606E+06
 0.13266667E+06  0.85195502E+06
 0.13200000E+06  0.85191369E+06
 0.13133333E+06  0.85187206E+06
 0.13066667E+06  0.85183013E+06
 0.13000000E+06  0.85178789E+06
 0.12933333E+06  0.85174535E+06
 0.12866667E+06  0.85170250E+06
 0.12800000E+06  0.85165933E+06
 0.12733333E+06  0.85161585E+06
 0.12666667E+06  0.85157205E+06
 0.12600000E+06  0.85152793E+06
 0.12533333E+06  0.85148349E+06
 0.12466667E+06  0.85143871E+06
 0.12400000E+06  0.85139361E+06
 0.12333333E+06  0.85134817E+06
 0.12266667E+06  0.85130239E+06
 0.12200000E+06  0.85125628E+06
 0.12133333E+06  0.85120982E+06
 0.12066667E+06  0.85116302E+06
 0.12000000E+06  0.85111586E+06
 0.11933333E+06  0.85106835E+06
 0.11866667E+06  0.85102048E+06
 0.11800000E+06  0.85097226E+06
 0.11733333E+06  0.85092367E+06
 0.11666667E+06  0.85087471E+06
 0.11600000E+06  0.85082538E+06
 0.11533333E+06  0.85077568E+06
 0.11466667E+06  0.85072560E+06
 0.11400000E+06  0.85067514E+06
 0.11333333E+06  0.85062429E+06
 0.11266667E+06  0.85057305E+06
 0.11200000E+06  0.85052142E+06
 0.11133333E+06  0.85046939E+06
 0.11066667E+06  0.85041696E+06
 0.11000000E+06  0.85036413E+06
 0.10933333E+06  0.85031089E+06
 0.10866667E+06  0.85025723E+06
 0.10800000E+06  0.85020316E+06
 0.10733333E+06  0.85014866E+06
 0.10666667E+06  0.85009374E+06
 0.10600000E+06  0.85003839E+06
 0.10533333E+06  0.84998260E+06
 0.10466667E+06  0.84992637E+06
 0.10400000E+06  0.84986971E+06
 0.10333333E+06  0.84981259E+06
 0.10266667E+06  0.84975502E+06
 0.10200000E+06  0.84969699E+06
 0.10133333E+06  0.84963850E+06
 0.10066667E+06  0.84957955E+06
 0.10000000E+06  0.84952012E+06
 0.99333333E+05  0.84946021E+06
 0.98666667E+05  0.84939983E+06
 0.98000000E+05  0.84933896E+06
 0.97333333E+05  0.84927759E+06
 0.96666667E+05  0.84921573E+06
 0.96000000E+05  0.84915337E+06
 0.95333333E+05  0.84909049E+06
 0.94666667E+05  0.84902711E+06
 0.94000000E+05  0.84896321E+06
 0.93333333E+05  0.84889878E+06
 0.92666667E+05  0.84883382E+06
 0.92000000E+05  0.84876833E+06
 0.91333333E+05  0.84870229E+06
 0.90666667E+05  0.84863571E+06
 0.90000000E+05  0.84856858E+06
 0.89333333E+05  0.84850089E+06
 0.88666667E+05  0.84843263E+06
 0.88000000E+05  0.84836380E+06
 0.87333333E+05  0.84829439E+06
 0.86666667E+05  0.84822439E+06
 0.86000000E+05  0.84815381E+06
 0.85333333E+05  0.84808263E+06
 0.84666667E+05  0.84801084E+06
 0.84000000E+05  0.84793844E+06
 0.83333333E+05  0.84786543E+06
 0.82666667E+05  0.84779179E+06
 0.82000000E+05  0.84771752E+06
 0.81333333E+05  0.84764260E+06
 0.80666667E+05  0.84756704E+06
 0.80000000E+05  0.84749083E+06
 0.79333333E+05  0.84741396E+06
 0.78666667E+05  0.84733641E+06
 0.78000000E+05  0.84725819E+06
 0.77333333E+05  0.84717928E+06
 0.76666667E+05  0.84709968E+06
 0.76000000E+05  0.84701938E+06
 0.75333333E+05  0.84693837E+06
 0.74666667E+05  0.84685664E+06
 0.74000000E+05  0.84677418E+06
 0.73333333E+05  0.84669099E+06
 0.72666667E+05  0.84660706E+06
 0.72000000E+05  0.84652237E+06
 0.71333333E+05  0.84643691E+06
 0.70666667E+05  0.84635069E+06
 0.70000000E+05  0.84626368E+06
 0.69333333E+05  0.84617589E+06
 0.68666667E+05  0.84608729E+06
 0.68000000E+05  0.84599788E+06
 0.67333333E+05  0.84590765E+06
 0.66666667E+05  0.84581659E+06
 0.66000000E+05  0.84572469E+06
 0.65333333E+05  0.84563193E+06
 0.64666667E+05  0.84553831E+06
 0.64000000E+05  0.84544382E+06
 0.63333333E+05  0.84534844E+06
 0.62666667E+05  0.84525217E+06
 0.62000000E+05  0.84515499E+06
 0.61333333E+05  0.84505688E+06
 0.60666667E+05  0.84495785E+06
 0.60000000E+05  0.84485787E+06
 0.59333333E+05  0.84475693E+06
 0.58666667E+05  0.84465503E+06
 0.58000000E+05  0.84455214E+06
 0.57333333E+05  0.84444826E+06
 0.56666667E+05  0.84434336E+06
 0.56000000E+05  0.84423745E+06
 0.55333333E+05  0.84413049E+06
 0.54666667E+05  0.84402249E+06
 0.54000000E+05  0.84391342E+06
 0.53333333E+05  0.84380327E+06
 0.52666667E+05  0.84369202E+06
 0.52000000E+05  0.84357967E+06
 0.51333333E+05  0.84346619E+06
 0.50666667E+05  0.84335156E+06
 0.50000000E+05  0.84323578E+06
 0.49333333E+05  0.84311882E+06
 0.48666667E+05  0.84300068E+06
 0.48000000E+05  0.84288132E+06
 0.47333333E+05  0.84276073E+06
 0.46666667E+05  0.84263890E+06
 0.46000000E+05  0.84251581E+06
 0.45333333E+05  0.84239144E+06
 0.44666667E+05  0.84226576E+06
 0.44000000E+05  0.84213877E+06
 0.43333333E+05  0.84201044E+06
 0.42666667E+05  0.84188074E+06
 0.42000000E+05  0.84174966E+06
 0.41333333E+05  0.84161718E+06
 0.40666667E+05  0.84148328E+06
 0.40000000E+05  0.84134793E+06
 0.39333333E+05  0.84121111E+06
 0.38666667E+05  0.84107279E+06
 0.38000000E+05  0.84093296E+06
 0.37333333E+05  0.84079159E+06
 0.36666667E+05  0.84064866E+06
 0.36000000E+05  0.84050413E+06
 0.35333333E+05  0.84035798E+06
 0.34666667E+05  0.84021020E+06
 0.34000000E+05  0.84006073E+06
 0.33333333E+05  0.83990957E+06
 0.32666667E+05  0.83975668E+06
 0.32000000E+05  0.83960204E+06
 0.31333333E+05  0.83944560E+06
 0.30666667E+05  0.83928734E+06
 0.30000000E+05  0.83912723E+06
 0.29333333E+05  0.83896524E+06
 0.28666667E+05  0.83880133E+06
 0.28000000E+05  0.83863546E+06
 0.27333333E+05  0.83846760E+06
 0.26666667E+05  0.83829771E+06
 0.26000000E+05  0.83812576E+06
 0.25333333E+05  0.83795170E+06
 0.24666667E+05  0.83777550E+06
 0.24000000E+05  0.83759710E+06
 0.23333333E+05  0.83741646E+06
 0.22666667E+05  0.83723354E+06
 0.22000000E+05  0.83704828E+06
 0.21333333E+05  0.83686063E+06
 0.20666667E+05  0.83667053E+06
 0.20000000E+05  0.83647790E+06
 0.19333333E+05  0.83628268E+06
 0.18666667E+05  0.83608477E+06
 0.18000000E+05  0.83588406E+06
 0.17333333E+05  0.83568041E+06
 0.16666667E+05  0.83547361E+06
 0.16000000E+05  0.83526336E+06
 0.15333333E+05  0.83504914E+06
 0.14666667E+05  0.83482999E+06
 0.14000000E+05  0.83460384E+06
 0.13333333E+05  0.83436542E+06
 0.12666667E+05  0.83409700E+06
 0.12000000E+05  0.83370164E+06
 0.11333333E+05  0.78378540E+06
 0.10666667E+05  0.76992598E+06
 0.10000000E+05  0.75990303E+06
 0.93333333E+04  0.75040086E+06
 0.86666667E+04  0.16911132E+06
 0.80000000E+04  0.16599447E+06
 0.73333333E+04  0.16287471E+06
 0.66666667E+04  0.15975067E+06
 0.60000000E+04  0.15662137E+06
 0.53333333E+04  0.15348627E+06
 0.46666667E+04  0.15034521E+06
 0.40000000E+04  0.14719834E+06
 0.33333333E+04  0.14404580E+06
 0.26666667E+04  0.14088717E+06
 0.20000000E+04  0.13772048E+06
 0.13333333E+04  0.13453973E+06
 0.66666667E+03  0.13132810E+06
 0.00000000E+00  0.12802627E+06
 -.66666667E+03  -.11595626E+05
 -.13333333E+04  -.16435920E+05
 -.20000000E+04  -.21639878E+05
 -.26666667E+04  -.41816462E+05
 -.33333333E+04  -.46565167E+05
 -.40000000E+04  -.51580055E+05
 -.46666667E+04  -.69107116E+05
 -.53333333E+04  -.73510287E+05
 -.60000000E+04  -.79502262E+05
 -.66666667E+04  -.98943846E+05
 -.73333333E+04  -.10271967E+06
 -.80000000E+04  -.10668389E+06
 -.86666667E+04  -.11138792E+06
 -.93333333E+04  -.14762159E+06
 -.10000000E+05  -.15082553E+06
 -.10666667E+05  -.15397725E+06
 -.11333333E+05  -.15716189E+06
 -.12000000E+05  -.16048816E+06
 -.12666667E+05  -.16419548E+06
 -.13333333E+05  -.18552371E+06
 -.14000000E+05  -.18881772E+06
 -.14666667E+05  -.20770061E+06
 -.15333333E+05  -.21058414E+06
 -.16000000E+05  -.21356283E+06
 -.16666667E+05  -.21676570E+06
 -.17333333E+05  -.22068643E+06
 -.18000000E+05  -.24147618E+06
 -.18666667E+05  -.24499186E+06
 -.19333333E+05  -.26277194E+06
 -.20000000E+05  -.26542881E+06
 -.20666667E+05  -.26814427E+06
 -.21333333E+05  -.27098030E+06
 -.22000000E+05  -.27407738E+06
 -.22666667E+05  -.27809166E+06
 -.23333333E+05  -.31382701E+06
 -.24000000E+05  -.31646032E+06
 -.24666667E+05  -.31913656E+06
 -.25333333E+05  -.32190626E+06
 -.26000000E+05  -.32486957E+06
 -.26666667E+05  -.32834025E+06
 -.27333333E+05  -.34913346E+06
 -.28000000E+05  -.36725488E+06
 -.28666667E+05  -.36977286E+06
 -.29333333E+05  -.37228435E+06
 -.30000000E+05  -.37478914E+06
 -.30666667E+05  -.37736086E+06
 -.31333333E+05  -.38007959E+06
 -.32000000E+05  -.38304256E+06
 -.32666667E+05  -.38670997E+06
 -.33333333E+05  -.42218820E+06
 -.34000000E+05  -.42624813E+06
 -.34666667E+05  -.43083540E+06
 -.35333333E+05  -.43823322E+06
 -.36000000E+05  -.44839702E+06
 -.36666667E+05  -.45347884E+06
 -.37333333E+05  -.45855420E+06
 -.38000000E+05  -.46379495E+06
 -.38666667E+05  -.46921445E+06
 -.39333333E+05  -.47505979E+06
 -.40000000E+05  -.48369417E+06
 -.40666667E+05  -.48912326E+06
 -.41333333E+05  -.49374945E+06
 -.42000000E+05  -.49880854E+06
 -.42666667E+05  -.50569421E+06
 -.43333333E+05  -.51064275E+06
 -.44000000E+05  -.51498213E+06
 -.44666667E+05  -.51915063E+06
 -.45333333E+05  -.52332386E+06
 -.46000000E+05  -.52763035E+06
 -.46666667E+05  -.53230149E+06
 -.47333333E+05  -.54827336E+06
 -.48000000E+05  -.55102077E+06
 -.48666667E+05  -.55359049E+06
 -.49333333E+05  -.55605019E+06
 -.50000000E+05  -.55843425E+06
 -.50666667E+05  -.56076403E+06
 -.51333333E+05  -.56305489E+06
 -.52000000E+05  -.56531933E+06
 -.52666667E+05  -.56756875E+06
 -.53333333E+05  -.56981488E+06
 -.54000000E+05  -.57207135E+06
 -.54666667E+05  -.57435608E+06
 -.55333333E+05  -.57669614E+06
 -.56000000E+05  -.57914009E+06
 -.56666667E+05  -.58180130E+06
 -.57333333E+05  -.58519712E+06
 -.58000000E+05  -.60826558E+06
 -.58666667E+05  -.61109833E+06
 -.59333333E+05  -.61387438E+06
 -.60000000E+05  -.61669440E+06
 -.60666667E+05  -.61970141E+06
 -.61333333E+05  -.62330165E+06
 -.62000000E+05  -.63901219E+06
 -.62666667E+05  -.64228623E+06
 -.63333333E+05  -.64505615E+06
 -.64000000E+05  -.64760785E+06
 -.64666667E+05  -.65004370E+06
 -.65333333E+05  -.65241832E+06
 -.66000000E+05  -.65477008E+06
 -.66666667E+05  -.65713409E+06
 -.67333333E+05  -.65955249E+06
 -.68000000E+05  -.66209212E+06
 -.68666667E+05  -.66490046E+06
 -.69333333E+05  -.66862136E+06
 -.70000000E+05  -.68443653E+06
 -.70666667E+05  -.68722675E+06
 -.71333333E+05  -.68977161E+06
 -.72000000E+05  -.69219880E+06
 -.72666667E+05  -.69457172E+06
 -.73333333E+05  -.69693393E+06
 -.74000000E+05  -.69932552E+06
 -.74666667E+05  -.70179578E+06
 -.75333333E+05  -.70442575E+06
 -.76000000E+05  -.70740771E+06
 -.76666667E+05  -.71218606E+06
 -.77333333E+05  -.84717928E+06
 -.78000000E+05  -.84725819E+06
 -.78666667E+05  -.84733641E+06
 -.79333333E+05  -.84741396E+06
 -.80000000E+05  -.84749083E+06
 -.80666667E+05  -.84756705E+06
 -.81333333E+05  -.84764260E+06
 -.82000000E+05  -.84771752E+06
 -.82666667E+05  -.84779179E+06
 -.83333333E+05  -.84786543E+06
 -.84000000E+05  -.84793844E+06
 -.84666667E+05  -.84801084E+06
 -.85333333E+05  -.84808263E+06
 -.86000000E+05  -.84815381E+06
 -.86666667E+05  -.84822439E+06
 -.87333333E+05  -.84829439E+06
 -.88000000E+05  -.84836380E+06
 -.88666667E+05  -.84843263E+06
 -.89333333E+05  -.84850089E+06
 -.90000000E+05  -.84856858E+06
 -.90666667E+05  -.84863571E+06
 -.91333333E+05  -.84870230E+06
 -.92000000E+05  -.84876833E+06
 -.92666667E+05  -.84883382E+06
 -.93333333E+05  -.84889878E+06
 -.94000000E+05  -.84896321E+06
 -.94666667E+05  -.84902711E+06
 -.95333333E+05  -.84909049E+06
 -.96000000E+05  -.84915337E+06
 -.96666667E+05  -.84921573E+06
 -.97333333E+05  -.84927759E+06
 -.98000000E+05  -.84933896E+06
 -.98666667E+05  -.84939983E+06
 -.99333333E+05  -.84946021E+06
 -.10000000E+06  -.84952012E+06
 -.10066667E+06  -.84957955E+06
 -.10133333E+06  -.84963850E+06
 -.10200000E+06  -.84969699E+06
 -.10266667E+06  -.84975502E+06
 -.10333333E+06  -.84981259E+06
 -.10400000E+06  -.84986971E+06
 -.10466667E+06  -.84992637E+06
 -.10533333E+06  -.84998260E+06
 -.10600000E+06  -.85003839E+06
 -.10666667E+06  -.85009374E+06
 -.10733333E+06  -.85014866E+06
 -.10800000E+06  -.85020316E+06
 -.10866667E+06  -.85025723E+06
 -.10933333E+06  -.85031089E+06
 -.11000000E+06  -.85036413E+06
 -.11066667E+06  -.85041696E+06
 -.11133333E+06  -.85046939E+06
 -.11200000E+06  -.85052142E+06
 -.11266667E+06  -.85057305E+06
 -.11333333E+06  -.85062429E+06
 -.11400000E+06  -.85067514E+06
 -.11466667E+06  -.85072560E+06
 -.11533333E+06  -.85077568E+06
 -.11600000E+06  -.85082538E+06
 -.11666667E+06  -.85087471E+06
 -.11733333E+06  -.85092367E+06
 -.11800000E+06  -.85097226E+06
 -.11866667E+06  -.85102049E+06
 -.11933333E+06  -.85106835E+06
 -.12000000E+06  -.85111586E+06
 -.12066667E+06  -.85116302E+06
 -.12133333E+06  -.85120982E+06
 -.12200000E+06  -.85125628E+06
 -.12266667E+06  -.85130240E+06
 -.12333333E+06  -.85134817E+06
 -.12400000E+06  -.85139361E+06
 -.12466667E+06  -.85143871E+06
 -.12533333E+06  -.85148349E+06
 -.12600000E+06  -.85152793E+06
 -.12666667E+06  -.85157205E+06
 -.12733333E+06  -.85161585E+06
 -.12800000E+06  -.85165933E+06
 -.12866667E+06  -.85170250E+06
 -.12933333E+06  -.85174535E+06
 -.13000000E+06  -.85178789E+06
 -.13066667E+06  -.85183013E+06
 -.13133333E+06  -.85187206E+06
 -.13200000E+06  -.85191369E+06
 -.13266667E+06  -.85195503E+06
 -.13333333E+06  -.85199606E+06
 -.13400000E+06  -.85203680E+06
 -.13466667E+06  -.85207726E+06
 -.13533333E+06  -.85211742E+06
 -.13600000E+06  -.85215730E+06
 -.13666667E+06  -.85219690E+06
 -.13733333E+06  -.85223621E+06
 -.13800000E+06  -.85227525E+06
 -.13866667E+06  -.85231402E+06
 -.13933333E+06  -.85235251E+06
 -.14000000E+06  -.85239073E+06
 -.14066667E+06  -.85242868E+06
 -.14133333E+06  -.85246637E+06
 -.14200000E+06  -.85250379E+06
 -.14266667E+06  -.85254095E+06
 -.14333333E+06  -.85257786E+06
 -.14400000E+06  -.85261451E+06
 -.14466667E+06  -.85265090E+06
 -.14533333E+06  -.85268704E+06
 -.14600000E+06  -.85272294E+06
 -.14666667E+06  -.85275858E+06
 -.14733333E+06  -.85279398E+06
 -.14800000E+06  -.85282914E+06
 -.14866667E+06  -.85286406E+06
 -.14933333E+06  -.85289874E+06
 -.15000000E+06  -.85293318E+06
 -.15066667E+06  -.85296738E+06
 -.15133333E+06  -.85300136E+06
 -.15200000E+06  -.85303510E+06
 -.15266667E+06  -.85306862E+06
 -.15333333E+06  -.85310190E+06
 -.15400000E+06  -.85313497E+06
 -.15466667E+06  -.85316780E+06
 -.15533333E+06  -.85320042E+06
 -.15600000E+06  -.85323282E+06
 -.15666667E+06  -.85326500E+06
 -.15733333E+06  -.85329697E+06
 -.15800000E+06  -.85332872E+06
 -.15866667E+06  -.85336027E+06
 -.15933333E+06  -.85339160E+06
 -.16000000E+06  -.85342272E+06
 -.16066667E+06  -.85345364E+06
 -.16133333E+06  -.85348435E+06
 -.16200000E+06  -.85351486E+06
 -.16266667E+06  -.85354516E+06
 -.16333333E+06  -.85357527E+06
 -.16400000E+06  -.85360518E+06
 -.16466667E+06  -.85363489E+06
 -.16533333E+06  -.85366441E+06
 -.16600000E+06  -.85369374E+06
 -.16666667E+06  -.85372287E+06
 -.16733333E+06  -.85375181E+06
 -.16800000E+06  -.85378057E+06
 -.16866667E+06  -.85380914E+06
 -.16933333E+06  -.85383752E+06
 -.17000000E+06  -.85386572E+06
 -.17066667E+06  -.85389374E+06
 -.17133333E+06  -.85392157E+06
 -.17200000E+06  -.85394923E+06
 -.17266667E+06  -.85397671E+06
 -.17333333E+06  -.85400401E+06
 -.17400000E+06  -.85403114E+06
 -.17466667E+06  -.85405809E+06
 -.17533333E+06  -.85408487E+06
 -.17600000E+06  -.85411148E+06
 -.17666667E+06  -.85413793E+06
 -.17733333E+06  -.85416420E+06
 -.17800000E+06  -.85419031E+06
 -.17866667E+06  -.85421625E+06
 -.17933333E+06  -.85424202E+06
 -.18000000E+06  -.85426764E+06
 -.18066667E+06  -.85429309E+06
 -.18133333E+06  -.85431838E+06
 -.18200000E+06  -.85434352E+06
 -.18266667E+06  -.85436849E+06
 -.18333333E+06  -.85439331E+06
 -.18400000E+06  -.85441798E+06
 -.18466667E+06  -.85444249E+06
 -.18533333E+06  -.85446685E+06
 -.18600000E+06  -.85449105E+06
 -.18666667E+06  -.85451511E+06
 -.18733333E+06  -.85453901E+06
 -.18800000E+06  -.85456277E+06
 -.18866667E+06  -.85458638E+06
 -.18933333E+06  -.85460985E+06
 -.19000000E+06  -.85463317E+06
 -.19066667E+06  -.85465635E+06
 -.19133333E+06  -.85467939E+06
 -.19200000E+06  -.85470228E+06
 -.19266667E+06  -.85472504E+06
 -.19333333E+06  -.85474765E+06
 -.19400000E+06  -.85477013E+06
 -.19466667E+06  -.85479247E+06
 -.19533333E+06  -.85481468E+06
 -.19600000E+06  -.85483675E+06
 -.19666667E+06  -.85485868E+06
 -.19733333E+06  -.85488049E+06
 -.19800000E+06  -.85490216E+06
 -.19866667E+06  -.85492370E+06
 -.19933333E+06  -.85494511E+06
 -.20000000E+06  -.85496639E+06
Mv-Hv               
 0.00000000E+00  -.38177968E+02
 0.00000000E+00  -.38424817E+02
 0.00000000E+00  -.38674034E+02
 0.00000000E+00  -.38925608E+02
 0.00000000E+00  -.39179573E+02
 0.00000000E+00  -.39435956E+02
 0.00000000E+00  -.39694787E+02
 0.00000000E+00  -.39956095E+02
 0.00000000E+00  -.40219914E+02
 0.00000000E+00  -.40486275E+02
 0.00000000E+00  -.40755205E+02
 0.00000000E+00  -.41026744E+02
 0.00000000E+00  -.41300920E+02
 0.00000000E+00  -.41577766E+02
 0.00000000E+00  -.41857319E+02
 0.00000000E+00  -.42139612E+02
 0.00000000E+00  -.42424679E+02
 0.00000000E+00  -.42712554E+02
 0.00000000E+00  -.43003278E+02
 0.00000000E+00  -.43296885E+02
 0.00000000E+00  -.43593409E+02
 0.00000000E+00  -.43892893E+02
 0.00000000E+00  -.44195374E+02
 0.00000000E+00  -.44500891E+02
 0.00000000E+00  -.44809479E+02
 0.00000000E+00  -.45121186E+02
 0.00000000E+00  -.45436049E+02
 0.00000000E+00  -.45754107E+02
 0.00000000E+00  -.46075407E+02
 0.00000000E+00  -.46399991E+02
 0.00000000E+00  -.46727899E+02
 0.00000000E+00  -.47059181E+02
 0.00000000E+00  -.47393879E+02
 0.00000000E+00  -.47732039E+02
 0.00000000E+00  -.48073705E+02
 0.00000000E+00  -.48418930E+02
 0.00000000E+00  -.48767759E+02
 0.00000000E+00  -.49120239E+02
 0.00000000E+00  -.49476425E+02
 0.00000000E+00  -.49836364E+02
 0.00000000E+00  -.50200107E+02
 0.00000000E+00  -.50567709E+02
 0.00000000E+00  -.50939223E+02
 0.00000000E+00  -.51314701E+02
 0.00000000E+00  -.51694198E+02
 0.00000000E+00  -.52077773E+02
 0.00000000E+00  -.52465481E+02
 0.00000000E+00  -.52857379E+02
 0.00000000E+00  -.53253529E+02
 0.00000000E+00  -.53653989E+02
 0.00000000E+00  -.54058819E+02
 0.00000000E+00  -.54468084E+02
 0.00000000E+00  -.54881846E+02
 0.00000000E+00  -.55300168E+02
 0.00000000E+00  -.55723118E+02
 0.00000000E+00  -.56150761E+02
 0.00000000E+00  -.56583165E+02
 0.00000000E+00  -.57020398E+02
 0.00000000E+00  -.57462533E+02
 0.00000000E+00  -.57909640E+02
 0.00000000E+00  -.58361791E+02
 0.00000000E+00  -.58819062E+02
 0.00000000E+00  -.59281528E+02
 0.00000000E+00  -.59749264E+02
 0.00000000E+00  -.60222351E+02
 0.00000000E+00  -.60700867E+02
 0.00000000E+00  -.61184894E+02
 0.00000000E+00  -.61674514E+02
 0.00000000E+00  -.62169813E+02
 0.00000000E+00  -.62670875E+02
 0.00000000E+00  -.63177788E+02
 0.00000000E+00  -.63690641E+02
 0.00000000E+00  -.64209525E+02
 0.00000000E+00  -.64734533E+02
 0.00000000E+00  -.65265758E+02
 0.00000000E+00  -.65803296E+02
 0.00000000E+00  -.66347247E+02
 0.00000000E+00  -.66897709E+02
 0.00000000E+00  -.67454783E+02
 0.00000000E+00  -.68018576E+02
 0.00000000E+00  -.68589190E+02
 0.00000000E+00  -.69166733E+02
 0.00000000E+00  -.69751319E+02
 0.00000000E+00  -.70343055E+02
 0.00000000E+00  -.70942056E+02
 0.00000000E+00  -.71548443E+02
 0.00000000E+00  -.72162330E+02
 0.00000000E+00  -.72783839E+02
 0.00000000E+00  -.73413094E+02
 0.00000000E+00  -.74050225E+02
 0.00000000E+00  -.74695355E+02
 0.00000000E+00  -.75348616E+02
 0.00000000E+00  -.76010148E+02
 0.00000000E+00  -.76680080E+02
 0.00000000E+00  -.77358555E+02
 0.00000000E+00  -.78045718E+02
 0.00000000E+00  -.78741709E+02
 0.00000000E+00  -.79446679E+02
 0.00000000E+00  -.80160784E+02
 0.00000000E+00  -.80884170E+02
 0.00000000E+00  -.81616999E+02
 0.00000000E+00  -.82359438E+02
 0.00000000E+00  -.83111642E+02
 0.00000000E+00  -.83873784E+02
 0.00000000E+00  -.84646041E+02
 0.00000000E+00  -.85428578E+02
 0.00000000E+00  -.86221581E+02
 0.00000000E+00  -.87025232E+02
 0.00000000E+00  -.87839724E+02
 0.00000000E+00  -.88665238E+02
 0.00000000E+00  -.89501976E+02
 0.00000000E+00  -.90350141E+02
 0.00000000E+00  -.91209930E+02
 0.00000000E+00  -.92081556E+02
 0.00000000E+00  -.92965238E+02
 0.00000000E+00  -.93861185E+02
 0.00000000E+00  -.94769625E+02
 0.00000000E+00  -.95690792E+02
 0.00000000E+00  -.96624911E+02
 0.00000000E+00  -.97572225E+02
 0.00000000E+00  -.98532985E+02
 0.00000000E+00  -.99507431E+02
 0.00000000E+00  -.10049583E+03
 0.00000000E+00  -.10149843E+03
 0.00000000E+00  -.10251552E+03
 0.00000000E+00  -.10354736E+03
 0.00000000E+00  -.10459424E+03
 0.00000000E+00  -.10565644E+03
 0.00000000E+00  -.10673427E+03
 0.00000000E+00  -.10782801E+03
 0.00000000E+00  -.10893800E+03
 0.00000000E+00  -.11006453E+03
 0.00000000E+00  -.11120794E+03
 0.00000000E+00  -.11236856E+03
 0.00000000E+00  -.11354673E+03
 0.00000000E+00  -.11474281E+03
 0.00000000E+00  -.11595715E+03
 0.00000000E+00  -.11719012E+03
 0.00000000E+00  -.11844209E+03
 0.00000000E+00  -.11971347E+03
 0.00000000E+00  -.12100464E+03
 0.00000000E+00  -.12231601E+03
 0.00000000E+00  -.12364800E+03
 0.00000000E+00  -.12500104E+03
 0.00000000E+00  -.12637556E+03
 0.00000000E+00  -.12777204E+03
 0.00000000E+00  -.12919092E+03
 0.00000000E+00  -.13063268E+03
 0.00000000E+00  -.13209782E+03
 0.00000000E+00  -.13358683E+03
 0.00000000E+00  -.13510024E+03
 0.00000000E+00  -.13663857E+03
 0.00000000E+00  -.13820237E+03
 0.00000000E+00  -.13979221E+03
 0.00000000E+00  -.14140866E+03
 0.00000000E+00  -.14305229E+03
 0.00000000E+00  -.14472375E+03
 0.00000000E+00  -.14642365E+03
 0.00000000E+00  -.14815261E+03
 0.00000000E+00  -.14991134E+03
 0.00000000E+00  -.15170049E+03
 0.00000000E+00  -.15352078E+03
 0.00000000E+00  -.15537291E+03
 0.00000000E+00  -.15725766E+03
 0.00000000E+00  -.15917578E+03
 0.00000000E+00  -.16112804E+03
 0.00000000E+00  -.16311529E+03
 0.00000000E+00  -.16513834E+03
 0.00000000E+00  -.16719808E+03
 0.00000000E+00  -.16929539E+03
 0.00000000E+00  -.17143118E+03
 0.00000000E+00  -.17360643E+03
 0.00000000E+00  -.17582208E+03
 0.00000000E+00  -.17807917E+03
 0.00000000E+00  -.18037873E+03
 0.00000000E+00  -.18272182E+03
 0.00000000E+00  -.18510959E+03
 0.00000000E+00  -.18754315E+03
 0.00000000E+00  -.19002371E+03
 0.00000000E+00  -.19255247E+03
 0.00000000E+00  -.19513072E+03
 0.00000000E+00  -.19775975E+03
 0.00000000E+00  -.20044093E+03
 0.00000000E+00  -.20317564E+03
 0.00000000E+00  -.20596535E+03
 0.00000000E+00  -.20881154E+03
 0.00000000E+00  -.21171578E+03
 0.00000000E+00  -.21467965E+03
 0.00000000E+00  -.21770484E+03
 0.00000000E+00  -.22079307E+03
 0.00000000E+00  -.22394611E+03
 0.00000000E+00  -.22716582E+03
 0.00000000E+00  -.23045413E+03
 0.00000000E+00  -.23381303E+03
 0.00000000E+00  -.23724459E+03
 0.00000000E+00  -.24075095E+03
 0.00000000E+00  -.24433433E+03
 0.00000000E+00  -.24799709E+03
 0.00000000E+00  -.25174157E+03
 0.00000000E+00  -.25557031E+03
 0.00000000E+00  -.25948593E+03
 0.00000000E+00  -.26349109E+03
 0.00000000E+00  -.26758868E+03
 0.00000000E+00  -.27178155E+03
 0.00000000E+00  -.27607277E+03
 0.00000000E+00  -.28046553E+03
 0.00000000E+00  -.28496314E+03
 0.00000000E+00  -.28956905E+03
 0.00000000E+00  -.29428686E+03
 0.00000000E+00  -.29912034E+03
 0.00000000E+00  -.30407340E+03
 0.00000000E+00  -.30915011E+03
 0.00000000E+00  -.31435482E+03
 0.00000000E+00  -.31969194E+03
 0.00000000E+00  -.32516621E+03
 0.00000000E+00  -.33078247E+03
 0.00000000E+00  -.33654588E+03
 0.00000000E+00  -.34246185E+03
 0.00000000E+00  -.34853592E+03
 0.00000000E+00  -.35477403E+03
 0.00000000E+00  -.36118240E+03
 0.00000000E+00  -.36776751E+03
 0.00000000E+00  -.37453617E+03
 0.00000000E+00  -.38149558E+03
 0.00000000E+00  -.38865326E+03
 0.00000000E+00  -.39601714E+03
 0.00000000E+00  -.40359554E+03
 0.00000000E+00  -.41139721E+03
 0.00000000E+00  -.41943148E+03
 0.00000000E+00  -.42770809E+03
 0.00000000E+00  -.43623734E+03
 0.00000000E+00  -.44503005E+03
 0.00000000E+00  -.45409779E+03
 0.00000000E+00  -.46345276E+03
 0.00000000E+00  -.47310772E+03
 0.00000000E+00  -.48307637E+03
 0.00000000E+00  -.49337320E+03
 0.00000000E+00  -.50401348E+03
 0.00000000E+00  -.51501346E+03
 0.00000000E+00  -.52639048E+03
 0.00000000E+00  -.53816280E+03
 0.00000000E+00  -.55034998E+03
 0.00000000E+00  -.56297272E+03
 0.00000000E+00  -.57605315E+03
 0.00000000E+00  -.58961516E+03
 0.00000000E+00  -.60368415E+03
 0.00000000E+00  -.61828837E+03
 0.00000000E+00  -.63345542E+03
 0.00000000E+00  -.64921721E+03
 0.00000000E+00  -.66560677E+03
 0.00000000E+00  -.68265969E+03
 0.00000000E+00  -.70041458E+03
 0.00000000E+00  -.71891250E+03
 0.00000000E+00  -.73819809E+03
 0.00000000E+00  -.75831899E+03
 0.00000000E+00  -.77932714E+03
 0.00000000E+00  -.80127792E+03
 0.00000000E+00  -.82423179E+03
 0.00000000E+00  -.84825353E+03
 0.00000000E+00  -.87341361E+03
 0.00000000E+00  -.89978789E+03
 0.00000000E+00  -.92745860E+03
 0.00000000E+00  -.95651449E+03
 0.00000000E+00  -.98705145E+03
 0.00000000E+00  -.10191727E+04
 0.00000000E+00  -.10529893E+04
 0.00000000E+00  -.10886197E+04
 0.00000000E+00  -.11261899E+04
 0.00000000E+00  -.11658320E+04
 0.00000000E+00  -.12076826E+04
 0.00000000E+00  -.12518784E+04
 0.00000000E+00  -.12985503E+04
 0.00000000E+00  -.13478107E+04
 0.00000000E+00  -.13997349E+04
 0.00000000E+00  -.14543248E+04
 0.00000000E+00  -.15114474E+04
 0.00000000E+00  -.15707172E+04
 0.00000000E+00  -.16312678E+04
 0.00000000E+00  -.16912700E+04
 0.00000000E+00  -.17468086E+04
 0.00000000E+00  -.17888654E+04
 0.00000000E+00  -.17932219E+04
 0.00000000E+00  -.16704135E+04
 0.00000000E+00  -.41072128E+03
 0.00000000E+00  0.47960728E+03
 0.00000000E+00  0.11651152E+04
 0.00000000E+00  0.18206482E+04
 0.00000000E+00  0.46228061E+05
 0.00000000E+00  0.46309006E+05
 0.00000000E+00  0.46345278E+05
 0.00000000E+00  0.46338384E+05
 0.00000000E+00  0.46289525E+05
 0.00000000E+00  0.46199570E+05
 0.00000000E+00  0.46068943E+05
 0.00000000E+00  0.45897372E+05
 0.00000000E+00  0.45683396E+05
 0.00000000E+00  0.45423394E+05
 0.00000000E+00  0.45109617E+05
 0.00000000E+00  0.44725600E+05
 0.00000000E+00  0.44232982E+05
 0.00000000E+00  0.43512683E+05
 0.00000000E+00  -.63225550E+04
 0.00000000E+00  -.63159864E+04
 0.00000000E+00  -.60483673E+04
 0.00000000E+00  0.62909349E+04
 0.00000000E+00  0.62174105E+04
 0.00000000E+00  0.56376120E+04
 0.00000000E+00  -.10100730E+05
 0.00000000E+00  -.99079693E+04
 0.00000000E+00  -.84525295E+04
 0.00000000E+00  0.37293396E+04
 0.00000000E+00  0.37007751E+04
 0.00000000E+00  0.35887569E+04
 0.00000000E+00  0.32733193E+04
 0.00000000E+00  0.11359127E+04
 0.00000000E+00  0.11806987E+04
 0.00000000E+00  0.12220563E+04
 0.00000000E+00  0.12704980E+04
 0.00000000E+00  0.13423175E+04
 0.00000000E+00  0.14860357E+04
 0.00000000E+00  0.19338707E+05
 0.00000000E+00  0.18788858E+05
 0.00000000E+00  -.10508494E+04
 0.00000000E+00  -.10091524E+04
 0.00000000E+00  -.92764352E+03
 0.00000000E+00  -.76790970E+03
 0.00000000E+00  -.33160762E+03
 0.00000000E+00  0.17675505E+05
 0.00000000E+00  0.16550397E+05
 0.00000000E+00  -.21916094E+04
 0.00000000E+00  -.22518484E+04
 0.00000000E+00  -.22962675E+04
 0.00000000E+00  -.23224650E+04
 0.00000000E+00  -.23183486E+04
 0.00000000E+00  -.21959392E+04
 0.00000000E+00  -.34289325E+03
 0.00000000E+00  -.43501633E+03
 0.00000000E+00  -.51216822E+03
 0.00000000E+00  -.57548916E+03
 0.00000000E+00  -.62193854E+03
 0.00000000E+00  -.62954446E+03
 0.00000000E+00  0.18224796E+05
 0.00000000E+00  0.18454306E+03
 0.00000000E+00  0.10075551E+03
 0.00000000E+00  0.18194834E+02
 0.00000000E+00  -.65528630E+02
 0.00000000E+00  -.15971062E+03
 0.00000000E+00  -.27596905E+03
 0.00000000E+00  -.43580386E+03
 0.00000000E+00  -.74460261E+03
 0.00000000E+00  0.29420634E+04
 0.00000000E+00  0.26489667E+04
 0.00000000E+00  0.22070441E+04
 0.00000000E+00  0.16765195E+03
 0.00000000E+00  -.53891515E+04
 0.00000000E+00  -.57195035E+04
 0.00000000E+00  -.55007474E+04
 0.00000000E+00  -.50374632E+04
 0.00000000E+00  -.45761485E+04
 0.00000000E+00  -.47065194E+04
 0.00000000E+00  -.10157646E+05
 0.00000000E+00  -.11249982E+05
 0.00000000E+00  -.10930918E+05
 0.00000000E+00  -.93192309E+04
 0.00000000E+00  -.51921300E+04
 0.00000000E+00  -.39009616E+04
 0.00000000E+00  -.33177731E+04
 0.00000000E+00  -.29495148E+04
 0.00000000E+00  -.26585161E+04
 0.00000000E+00  -.23554572E+04
 0.00000000E+00  -.18635966E+04
 0.00000000E+00  0.10819817E+05
 0.00000000E+00  0.11213721E+05
 0.00000000E+00  0.11455555E+05
 0.00000000E+00  0.11604531E+05
 0.00000000E+00  0.11687419E+05
 0.00000000E+00  0.11718218E+05
 0.00000000E+00  0.11704553E+05
 0.00000000E+00  0.11650176E+05
 0.00000000E+00  0.11555955E+05
 0.00000000E+00  0.11420022E+05
 0.00000000E+00  0.11237175E+05
 0.00000000E+00  0.10997155E+05
 0.00000000E+00  0.10680400E+05
 0.00000000E+00  0.10246377E+05
 0.00000000E+00  0.95908256E+04
 0.00000000E+00  0.82004789E+04
 0.00000000E+00  0.70848260E+01
 0.00000000E+00  -.16960576E+02
 0.00000000E+00  -.10467261E+03
 0.00000000E+00  -.26919695E+03
 0.00000000E+00  -.54326948E+03
 0.00000000E+00  -.10322348E+04
 0.00000000E+00  -.17092268E+04
 0.00000000E+00  -.12921478E+04
 0.00000000E+00  -.97405922E+03
 0.00000000E+00  -.70999088E+03
 0.00000000E+00  -.48078742E+03
 0.00000000E+00  -.27548182E+03
 0.00000000E+00  -.86595894E+02
 0.00000000E+00  0.91853159E+02
 0.00000000E+00  0.26570473E+03
 0.00000000E+00  0.44249723E+03
 0.00000000E+00  0.63676946E+03
 0.00000000E+00  0.90947132E+03
 0.00000000E+00  0.26078221E+04
 0.00000000E+00  0.27917342E+04
 0.00000000E+00  0.29281901E+04
 0.00000000E+00  0.30361804E+04
 0.00000000E+00  0.31250835E+04
 0.00000000E+00  0.32007272E+04
 0.00000000E+00  0.32674041E+04
 0.00000000E+00  0.33289315E+04
 0.00000000E+00  0.33897726E+04
 0.00000000E+00  0.34581556E+04
 0.00000000E+00  0.35876314E+04
 0.00000000E+00  0.20596435E+03
 0.00000000E+00  0.20317486E+03
 0.00000000E+00  0.20044015E+03
 0.00000000E+00  0.19775897E+03
 0.00000000E+00  0.19512995E+03
 0.00000000E+00  0.19255172E+03
 0.00000000E+00  0.19002298E+03
 0.00000000E+00  0.18754244E+03
 0.00000000E+00  0.18510890E+03
 0.00000000E+00  0.18272118E+03
 0.00000000E+00  0.18037809E+03
 0.00000000E+00  0.17807857E+03
 0.00000000E+00  0.17582152E+03
 0.00000000E+00  0.17360588E+03
 0.00000000E+00  0.17143068E+03
 0.00000000E+00  0.16929492E+03
 0.00000000E+00  0.16719763E+03
 0.00000000E+00  0.16513793E+03
 0.00000000E+00  0.16311489E+03
 0.00000000E+00  0.16112769E+03
 0.00000000E+00  0.15917544E+03
 0.00000000E+00  0.15725737E+03
 0.00000000E+00  0.15537266E+03
 0.00000000E+00  0.15352055E+03
 0.00000000E+00  0.15170030E+03
 0.00000000E+00  0.14991118E+03
 0.00000000E+00  0.14815250E+03
 0.00000000E+00  0.14642354E+03
 0.00000000E+00  0.14472368E+03
 0.00000000E+00  0.14305226E+03
 0.00000000E+00  0.14140863E+03
 0.00000000E+00  0.13979222E+03
 0.00000000E+00  0.13820241E+03
 0.00000000E+00  0.13663863E+03
 0.00000000E+00  0.13510031E+03
 0.00000000E+00  0.13358693E+03
 0.00000000E+00  0.13209793E+03
 0.00000000E+00  0.13063281E+03
 0.00000000E+00  0.12919106E+03
 0.00000000E+00  0.12777220E+03
 0.00000000E+00  0.12637574E+03
 0.00000000E+00  0.12500122E+03
 0.00000000E+00  0.12364819E+03
 0.00000000E+00  0.12231621E+03
 0.00000000E+00  0.12100485E+03
 0.00000000E+00  0.11971369E+03
 0.00000000E+00  0.11844232E+03
 0.00000000E+00  0.11719035E+03
 0.00000000E+00  0.11595738E+03
 0.00000000E+00  0.11474305E+03
 0.00000000E+00  0.11354697E+03
 0.00000000E+00  0.11236880E+03
 0.00000000E+00  0.11120818E+03
 0.00000000E+00  0.11006477E+03
 0.00000000E+00  0.10893823E+03
 0.00000000E+00  0.10782825E+03
 0.00000000E+00  0.10673450E+03
 0.00000000E+00  0.10565667E+03
 0.00000000E+00  0.10459447E+03
 0.00000000E+00  0.10354758E+03
 0.00000000E+00  0.10251574E+03
 0.00000000E+00  0.10149864E+03
 0.00000000E+00  0.10049603E+03
 0.00000000E+00  0.99507632E+02
 0.00000000E+00  0.98533176E+02
 0.00000000E+00  0.97572416E+02
 0.00000000E+00  0.96625092E+02
 0.00000000E+00  0.95690964E+02
 0.00000000E+00  0.94769796E+02
 0.00000000E+00  0.93861346E+02
 0.00000000E+00  0.92965389E+02
 0.00000000E+00  0.92081706E+02
 0.00000000E+00  0.91210070E+02
 0.00000000E+00  0.90350270E+02
 0.00000000E+00  0.89502099E+02
 0.00000000E+00  0.88665356E+02
 0.00000000E+00  0.87839831E+02
 0.00000000E+00  0.87025333E+02
 0.00000000E+00  0.86221677E+02
 0.00000000E+00  0.85428664E+02
 0.00000000E+00  0.84646116E+02
 0.00000000E+00  0.83873859E+02
 0.00000000E+00  0.83111707E+02
 0.00000000E+00  0.82359493E+02
 0.00000000E+00  0.81617054E+02
 0.00000000E+00  0.80884215E+02
 0.00000000E+00  0.80160820E+02
 0.00000000E+00  0.79446715E+02
 0.00000000E+00  0.78741736E+02
 0.00000000E+00  0.78045737E+02
 0.00000000E+00  0.77358573E+02
 0.00000000E+00  0.76680091E+02
 0.00000000E+00  0.76010151E+02
 0.00000000E+00  0.75348616E+02
 0.00000000E+00  0.74695350E+02
 0.00000000E+00  0.74050214E+02
 0.00000000E+00  0.73413080E+02
 0.00000000E+00  0.72783821E+02
 0.00000000E+00  0.72162307E+02
 0.00000000E+00  0.71548415E+02
 0.00000000E+00  0.70942027E+02
 0.00000000E+00  0.70343021E+02
 0.00000000E+00  0.69751281E+02
 0.00000000E+00  0.69166694E+02
 0.00000000E+00  0.68589147E+02
 0.00000000E+00  0.68018530E+02
 0.00000000E+00  0.67454736E+02
 0.00000000E+00  0.66897659E+02
 0.00000000E+00  0.66347195E+02
 0.00000000E+00  0.65803243E+02
 0.00000000E+00  0.65265702E+02
 0.00000000E+00  0.64734475E+02
 0.00000000E+00  0.64209466E+02
 0.00000000E+00  0.63690581E+02
 0.00000000E+00  0.63177726E+02
 0.00000000E+00  0.62670812E+02
 0.00000000E+00  0.62169750E+02
 0.00000000E+00  0.61674451E+02
 0.00000000E+00  0.61184830E+02
 0.00000000E+00  0.60700802E+02
 0.00000000E+00  0.60222286E+02
 0.00000000E+00  0.59749199E+02
 0.00000000E+00  0.59281462E+02
 0.00000000E+00  0.58818997E+02
 0.00000000E+00  0.58361727E+02
 0.00000000E+00  0.57909574E+02
 0.00000000E+00  0.57462468E+02
 0.00000000E+00  0.57020335E+02
 0.00000000E+00  0.56583102E+02
 0.00000000E+00  0.56150698E+02
 0.00000000E+00  0.55723056E+02
 0.00000000E+00  0.55300108E+02
 0.00000000E+00  0.54881785E+02
 0.00000000E+00  0.54468025E+02
 0.00000000E+00  0.54058762E+02
 0.00000000E+00  0.53653930E+02
 0.00000000E+00  0.53253473E+02
 0.00000000E+00  0.52857325E+02
 0.00000000E+00  0.52465426E+02
 0.00000000E+00  0.52077720E+02
 0.00000000E+00  0.51694148E+02
 0.00000000E+00  0.51314652E+02
 0.00000000E+00  0.50939173E+02
 0.00000000E+00  0.50567663E+02
 0.00000000E+00  0.50200063E+02
 0.00000000E+00  0.49836319E+02
 0.00000000E+00  0.49476382E+02
 0.00000000E+00  0.49120200E+02
 0.00000000E+00  0.48767718E+02
 0.00000000E+00  0.48418891E+02
 0.00000000E+00  0.48073670E+02
 0.00000000E+00  0.47732004E+02
 0.00000000E+00  0.47393844E+02
 0.00000000E+00  0.47059150E+02
 0.00000000E+00  0.46727871E+02
 0.00000000E+00  0.46399961E+02
 0.00000000E+00  0.46075381E+02
 0.00000000E+00  0.45754083E+02
 0.00000000E+00  0.45436023E+02
 0.00000000E+00  0.45121163E+02
 0.00000000E+00  0.44809460E+02
 0.00000000E+00  0.44500872E+02
 0.00000000E+00  0.44195356E+02
 0.00000000E+00  0.43892878E+02
 0.00000000E+00  0.43593396E+02
 0.00000000E+00  0.43296870E+02
 0.00000000E+00  0.43003266E+02
 0.00000000E+00  0.42712545E+02
 0.00000000E+00  0.42424668E+02
 0.00000000E+00  0.42139603E+02
 0.00000000E+00  0.41857313E+02
 0.00000000E+00  0.41577763E+02
 0.00000000E+00  0.41300915E+02
 0.00000000E+00  0.41026741E+02
 0.00000000E+00  0.40755206E+02
 0.00000000E+00  0.40486273E+02
 0.00000000E+00  0.40219915E+02
 0.00000000E+00  0.39956098E+02
 0.00000000E+00  0.39694790E+02
 0.00000000E+00  0.39435959E+02
 0.00000000E+00  0.39179578E+02
 0.00000000E+00  0.38925616E+02
 0.00000000E+00  0.38674040E+02
 0.00000000E+00  0.38424825E+02
 0.00000000E+00  0.38177942E+02
Mw-Hw               
 0.00000000E+00  0.10390060E-05
 0.00000000E+00  -.10063588E-04
 0.00000000E+00  -.10527846E-04
 0.00000000E+00  -.99105348E-05
 0.00000000E+00  -.10366997E-04
 0.00000000E+00  -.10809202E-04
 0.00000000E+00  -.11235304E-04
 0.00000000E+00  -.10646590E-04
 0.00000000E+00  -.11068006E-04
 0.00000000E+00  -.11471014E-04
 0.00000000E+00  -.10901715E-04
 0.00000000E+00  -.11298457E-04
 0.00000000E+00  -.11674466E-04
 0.00000000E+00  -.11126166E-04
 0.00000000E+00  -.11494218E-04
 0.00000000E+00  -.11839140E-04
 0.00000000E+00  -.12159093E-04
 0.00000000E+00  -.11648250E-04
 0.00000000E+00  -.11958004E-04
 0.00000000E+00  -.12240138E-04
 0.00000000E+00  -.11753626E-04
 0.00000000E+00  -.12023584E-04
 0.00000000E+00  -.12263419E-04
 0.00000000E+00  -.12471409E-04
 0.00000000E+00  -.12027708E-04
 0.00000000E+00  -.12220931E-04
 0.00000000E+00  -.12379593E-04
 0.00000000E+00  -.11962624E-04
 0.00000000E+00  -.12104343E-04
 0.00000000E+00  -.12209091E-04
 0.00000000E+00  -.11819530E-04
 0.00000000E+00  -.11905113E-04
 0.00000000E+00  -.11951395E-04
 0.00000000E+00  -.11956950E-04
 0.00000000E+00  -.11614288E-04
 0.00000000E+00  -.11597920E-04
 0.00000000E+00  -.11538467E-04
 0.00000000E+00  -.11223729E-04
 0.00000000E+00  -.11140162E-04
 0.00000000E+00  -.11011653E-04
 0.00000000E+00  -.10724633E-04
 0.00000000E+00  -.10569887E-04
 0.00000000E+00  -.10368583E-04
 0.00000000E+00  -.10119835E-04
 0.00000000E+00  -.98791263E-05
 0.00000000E+00  -.96018853E-05
 0.00000000E+00  -.92759556E-05
 0.00000000E+00  -.90610649E-05
 0.00000000E+00  -.87049758E-05
 0.00000000E+00  -.82995397E-05
 0.00000000E+00  -.81092597E-05
 0.00000000E+00  -.76722934E-05
 0.00000000E+00  -.71858047E-05
 0.00000000E+00  -.70186409E-05
 0.00000000E+00  -.64996098E-05
 0.00000000E+00  -.59314553E-05
 0.00000000E+00  -.53143823E-05
 0.00000000E+00  -.51844923E-05
 0.00000000E+00  -.45349818E-05
 0.00000000E+00  -.38380224E-05
 0.00000000E+00  -.37261626E-05
 0.00000000E+00  -.29970685E-05
 0.00000000E+00  -.22226581E-05
 0.00000000E+00  -.21264907E-05
 0.00000000E+00  -.13209259E-05
 0.00000000E+00  -.47301195E-06
 0.00000000E+00  -.39004692E-06
 0.00000000E+00  0.48726270E-06
 0.00000000E+00  0.14030760E-05
 0.00000000E+00  0.14754202E-05
 0.00000000E+00  0.24179602E-05
 0.00000000E+00  0.33942187E-05
 0.00000000E+00  0.44017211E-05
 0.00000000E+00  0.44574545E-05
 0.00000000E+00  0.54850703E-05
 0.00000000E+00  0.65371817E-05
 0.00000000E+00  0.65890126E-05
 0.00000000E+00  0.76559206E-05
 0.00000000E+00  0.87398814E-05
 0.00000000E+00  0.87901388E-05
 0.00000000E+00  0.98823356E-05
 0.00000000E+00  0.10983032E-04
 0.00000000E+00  0.11033733E-04
 0.00000000E+00  0.12134796E-04
 0.00000000E+00  0.13234662E-04
 0.00000000E+00  0.13287421E-04
 0.00000000E+00  0.14378415E-04
 0.00000000E+00  0.15457365E-04
 0.00000000E+00  0.16518722E-04
 0.00000000E+00  0.16572535E-04
 0.00000000E+00  0.17608178E-04
 0.00000000E+00  0.18613524E-04
 0.00000000E+00  0.18671496E-04
 0.00000000E+00  0.19638504E-04
 0.00000000E+00  0.20561798E-04
 0.00000000E+00  0.20623243E-04
 0.00000000E+00  0.21494242E-04
 0.00000000E+00  0.22307225E-04
 0.00000000E+00  0.22370548E-04
 0.00000000E+00  0.23116092E-04
 0.00000000E+00  0.23788542E-04
 0.00000000E+00  0.23851179E-04
 0.00000000E+00  0.24439983E-04
 0.00000000E+00  0.24940140E-04
 0.00000000E+00  0.24998455E-04
 0.00000000E+00  0.25397945E-04
 0.00000000E+00  0.25692934E-04
 0.00000000E+00  0.25875350E-04
 0.00000000E+00  0.25919705E-04
 0.00000000E+00  0.25975580E-04
 0.00000000E+00  0.25903823E-04
 0.00000000E+00  0.25931613E-04
 0.00000000E+00  0.25715952E-04
 0.00000000E+00  0.25357691E-04
 0.00000000E+00  0.25361997E-04
 0.00000000E+00  0.24843145E-04
 0.00000000E+00  0.24167813E-04
 0.00000000E+00  0.24141053E-04
 0.00000000E+00  0.23289725E-04
 0.00000000E+00  0.22269702E-04
 0.00000000E+00  0.22203977E-04
 0.00000000E+00  0.20994599E-04
 0.00000000E+00  0.19606586E-04
 0.00000000E+00  0.18035899E-04
 0.00000000E+00  0.17906596E-04
 0.00000000E+00  0.16132777E-04
 0.00000000E+00  0.14171484E-04
 0.00000000E+00  0.13986489E-04
 0.00000000E+00  0.11817606E-04
 0.00000000E+00  0.94599812E-05
 0.00000000E+00  0.92140802E-05
 0.00000000E+00  0.66497752E-05
 0.00000000E+00  0.39003356E-05
 0.00000000E+00  0.96955334E-06
 0.00000000E+00  0.64159350E-06
 0.00000000E+00  -.24823827E-05
 0.00000000E+00  -.57757418E-05
 0.00000000E+00  -.61642766E-05
 0.00000000E+00  -.96318239E-05
 0.00000000E+00  -.13249667E-04
 0.00000000E+00  -.17005926E-04
 0.00000000E+00  -.17456195E-04
 0.00000000E+00  -.21342199E-04
 0.00000000E+00  -.25337105E-04
 0.00000000E+00  -.25818936E-04
 0.00000000E+00  -.29899636E-04
 0.00000000E+00  -.34050263E-04
 0.00000000E+00  -.38249627E-04
 0.00000000E+00  -.38721187E-04
 0.00000000E+00  -.42922257E-04
 0.00000000E+00  -.47121218E-04
 0.00000000E+00  -.47550221E-04
 0.00000000E+00  -.51676742E-04
 0.00000000E+00  -.55739797E-04
 0.00000000E+00  -.59709232E-04
 0.00000000E+00  -.59982560E-04
 0.00000000E+00  -.63751493E-04
 0.00000000E+00  -.67353720E-04
 0.00000000E+00  -.67451267E-04
 0.00000000E+00  -.70748001E-04
 0.00000000E+00  -.73796236E-04
 0.00000000E+00  -.76559374E-04
 0.00000000E+00  -.76269570E-04
 0.00000000E+00  -.78560271E-04
 0.00000000E+00  -.80475714E-04
 0.00000000E+00  -.79814845E-04
 0.00000000E+00  -.81130564E-04
 0.00000000E+00  -.80214272E-04
 0.00000000E+00  -.80851796E-04
 0.00000000E+00  -.80967292E-04
 0.00000000E+00  -.79522515E-04
 0.00000000E+00  -.78830412E-04
 0.00000000E+00  -.77030769E-04
 0.00000000E+00  -.75453965E-04
 0.00000000E+00  -.73216176E-04
 0.00000000E+00  -.70726617E-04
 0.00000000E+00  -.67489341E-04
 0.00000000E+00  -.63517445E-04
 0.00000000E+00  -.58787038E-04
 0.00000000E+00  -.55182451E-04
 0.00000000E+00  -.49329068E-04
 0.00000000E+00  -.42671830E-04
 0.00000000E+00  -.35201616E-04
 0.00000000E+00  -.30385355E-04
 0.00000000E+00  -.21748333E-04
 0.00000000E+00  -.12301673E-04
 0.00000000E+00  -.20580763E-05
 0.00000000E+00  0.89619754E-05
 0.00000000E+00  0.20729374E-04
 0.00000000E+00  0.27322439E-04
 0.00000000E+00  0.40056355E-04
 0.00000000E+00  0.53413561E-04
 0.00000000E+00  0.67330153E-04
 0.00000000E+00  0.81728438E-04
 0.00000000E+00  0.89136740E-04
 0.00000000E+00  0.10396448E-03
 0.00000000E+00  0.11900666E-03
 0.00000000E+00  0.12633260E-03
 0.00000000E+00  0.14129928E-03
 0.00000000E+00  0.15611784E-03
 0.00000000E+00  0.16276481E-03
 0.00000000E+00  0.17682900E-03
 0.00000000E+00  0.17511820E-03
 0.00000000E+00  0.18070837E-03
 0.00000000E+00  0.18581943E-03
 0.00000000E+00  0.19038285E-03
 0.00000000E+00  0.19432385E-03
 0.00000000E+00  0.19756273E-03
 0.00000000E+00  0.20001484E-03
 0.00000000E+00  0.20159072E-03
 0.00000000E+00  0.20219616E-03
 0.00000000E+00  0.20641039E-03
 0.00000000E+00  0.20429131E-03
 0.00000000E+00  0.20436782E-03
 0.00000000E+00  0.19893075E-03
 0.00000000E+00  0.19401811E-03
 0.00000000E+00  0.18582573E-03
 0.00000000E+00  0.17391677E-03
 0.00000000E+00  0.15941774E-03
 0.00000000E+00  0.13874950E-03
 0.00000000E+00  0.11474122E-03
 0.00000000E+00  0.86253008E-04
 0.00000000E+00  0.46511964E-04
 0.00000000E+00  -.13243457E-05
 0.00000000E+00  -.57348350E-04
 0.00000000E+00  -.10850246E-03
 0.00000000E+00  -.14983262E-03
 0.00000000E+00  -.17836657E-03
 0.00000000E+00  -.22082631E-03
 0.00000000E+00  -.26345485E-03
 0.00000000E+00  -.30548975E-03
 0.00000000E+00  -.33050500E-03
 0.00000000E+00  -.35303971E-03
 0.00000000E+00  -.38687649E-03
 0.00000000E+00  -.40101723E-03
 0.00000000E+00  -.40929461E-03
 0.00000000E+00  -.42251209E-03
 0.00000000E+00  -.42387217E-03
 0.00000000E+00  -.41001451E-03
 0.00000000E+00  -.38433821E-03
 0.00000000E+00  -.32884382E-03
 0.00000000E+00  -.23579191E-03
 0.00000000E+00  -.84446040E-04
 0.00000000E+00  0.10645645E-03
 0.00000000E+00  0.31205355E-03
 0.00000000E+00  0.52855772E-03
 0.00000000E+00  0.52210778E-03
 0.00000000E+00  0.62413250E-03
 0.00000000E+00  0.65509402E-03
 0.00000000E+00  0.67200347E-03
 0.00000000E+00  0.69482947E-03
 0.00000000E+00  0.69492815E-03
 0.00000000E+00  0.70527328E-03
 0.00000000E+00  0.69950447E-03
 0.00000000E+00  0.70712612E-03
 0.00000000E+00  0.69224004E-03
 0.00000000E+00  0.69386620E-03
 0.00000000E+00  0.67991559E-03
 0.00000000E+00  0.67475136E-03
 0.00000000E+00  0.66087337E-03
 0.00000000E+00  0.65085824E-03
 0.00000000E+00  0.63880505E-03
 0.00000000E+00  0.62806600E-03
 0.00000000E+00  0.61489668E-03
 0.00000000E+00  0.60344082E-03
 0.00000000E+00  0.58599077E-03
 0.00000000E+00  0.57375919E-03
 0.00000000E+00  0.56121788E-03
 0.00000000E+00  0.55004539E-03
 0.00000000E+00  0.53888929E-03
 0.00000000E+00  0.52866698E-03
 0.00000000E+00  0.51582461E-03
 0.00000000E+00  0.50699312E-03
 0.00000000E+00  0.49468998E-03
 0.00000000E+00  0.48668244E-03
 0.00000000E+00  0.47688809E-03
 0.00000000E+00  0.46587591E-03
 0.00000000E+00  0.45605188E-03
 0.00000000E+00  0.44461310E-03
 0.00000000E+00  0.43132932E-03
 0.00000000E+00  0.41551396E-03
 0.00000000E+00  0.39743703E-03
 0.00000000E+00  0.37871530E-03
 0.00000000E+00  0.17647195E-04
 0.00000000E+00  0.42790332E-04
 0.00000000E+00  0.44093231E-04
 0.00000000E+00  0.37263599E-04
 0.00000000E+00  -.13156104E-03
 0.00000000E+00  -.13063284E-03
 0.00000000E+00  -.12620820E-03
 0.00000000E+00  -.11804958E-03
 0.00000000E+00  -.10158010E-03
 0.00000000E+00  -.76128619E-04
 0.00000000E+00  -.44330893E-04
 0.00000000E+00  -.24530805E-04
 0.00000000E+00  0.26908140E-04
 0.00000000E+00  -.19054290E-04
 0.00000000E+00  0.25769686E-03
 0.00000000E+00  -.53831294E-04
 0.00000000E+00  0.16533933E-03
 0.00000000E+00  0.64870943E-03
 0.00000000E+00  0.16458969E+04
 0.00000000E+00  0.16483622E+04
 0.00000000E+00  0.16848075E+04
 0.00000000E+00  0.16251324E+04
 0.00000000E+00  0.16221916E+04
 0.00000000E+00  0.16586677E+04
 0.00000000E+00  0.15385158E+04
 0.00000000E+00  0.15561073E+04
 0.00000000E+00  0.16500304E+04
 0.00000000E+00  0.14145575E+04
 0.00000000E+00  0.14248582E+04
 0.00000000E+00  0.14673524E+04
 0.00000000E+00  0.15597714E+04
 0.00000000E+00  0.11219675E+04
 0.00000000E+00  0.10903763E+04
 0.00000000E+00  0.10870187E+04
 0.00000000E+00  0.11120226E+04
 0.00000000E+00  0.11685368E+04
 0.00000000E+00  0.12678945E+04
 0.00000000E+00  0.92257941E+03
 0.00000000E+00  0.10167928E+04
 0.00000000E+00  0.76316437E+03
 0.00000000E+00  0.79891610E+03
 0.00000000E+00  0.86927469E+03
 0.00000000E+00  0.98047754E+03
 0.00000000E+00  0.11682212E+04
 0.00000000E+00  0.60461727E+03
 0.00000000E+00  0.82181718E+03
 0.00000000E+00  0.33550849E+03
 0.00000000E+00  0.40895892E+03
 0.00000000E+00  0.51857437E+03
 0.00000000E+00  0.65777683E+03
 0.00000000E+00  0.83420864E+03
 0.00000000E+00  0.11097736E+04
 0.00000000E+00  0.56418741E+03
 0.00000000E+00  0.59793198E+03
 0.00000000E+00  0.66237865E+03
 0.00000000E+00  0.75682524E+03
 0.00000000E+00  0.88559640E+03
 0.00000000E+00  0.10732986E+04
 0.00000000E+00  0.65702363E+03
 0.00000000E+00  0.14576761E-02
 0.00000000E+00  -.15618150E-02
 0.00000000E+00  -.21699661E-02
 0.00000000E+00  0.68873315E-02
 0.00000000E+00  0.30269083E+03
 0.00000000E+00  0.53523042E+03
 0.00000000E+00  0.75930645E+03
 0.00000000E+00  0.10430895E+04
 0.00000000E+00  0.16818241E+04
 0.00000000E+00  0.17092976E+04
 0.00000000E+00  0.17649144E+04
 0.00000000E+00  0.18873343E+04
 0.00000000E+00  0.19053678E+04
 0.00000000E+00  0.19042700E+04
 0.00000000E+00  0.19125519E+04
 0.00000000E+00  0.19270656E+04
 0.00000000E+00  0.19495575E+04
 0.00000000E+00  0.19830053E+04
 0.00000000E+00  0.19641106E+04
 0.00000000E+00  0.19238007E+04
 0.00000000E+00  0.19145679E+04
 0.00000000E+00  0.19278782E+04
 0.00000000E+00  0.19130155E+04
 0.00000000E+00  0.18715279E+04
 0.00000000E+00  0.18449634E+04
 0.00000000E+00  0.18327599E+04
 0.00000000E+00  0.18342918E+04
 0.00000000E+00  0.18499142E+04
 0.00000000E+00  0.18815526E+04
 0.00000000E+00  0.15107050E+04
 0.00000000E+00  0.14544884E+04
 0.00000000E+00  0.14141956E+04
 0.00000000E+00  0.13856232E+04
 0.00000000E+00  0.13668312E+04
 0.00000000E+00  0.13568020E+04
 0.00000000E+00  0.13549874E+04
 0.00000000E+00  0.13611294E+04
 0.00000000E+00  0.13751926E+04
 0.00000000E+00  0.13973640E+04
 0.00000000E+00  0.14281141E+04
 0.00000000E+00  0.14683510E+04
 0.00000000E+00  0.15197735E+04
 0.00000000E+00  0.15857847E+04
 0.00000000E+00  0.16746480E+04
 0.00000000E+00  0.18230588E+04
 0.00000000E+00  0.20668502E+04
 0.00000000E+00  0.20682478E+04
 0.00000000E+00  0.20790737E+04
 0.00000000E+00  0.21000195E+04
 0.00000000E+00  0.21338145E+04
 0.00000000E+00  0.21898047E+04
 0.00000000E+00  0.22149427E+04
 0.00000000E+00  0.21759282E+04
 0.00000000E+00  0.21519360E+04
 0.00000000E+00  0.21374589E+04
 0.00000000E+00  0.21304809E+04
 0.00000000E+00  0.21301246E+04
 0.00000000E+00  0.21361060E+04
 0.00000000E+00  0.21486031E+04
 0.00000000E+00  0.21683379E+04
 0.00000000E+00  0.21969728E+04
 0.00000000E+00  0.22385628E+04
 0.00000000E+00  0.23097021E+04
 0.00000000E+00  0.22520154E+04
 0.00000000E+00  0.22197010E+04
 0.00000000E+00  0.21993729E+04
 0.00000000E+00  0.21880462E+04
 0.00000000E+00  0.21845748E+04
 0.00000000E+00  0.21886820E+04
 0.00000000E+00  0.22007593E+04
 0.00000000E+00  0.22220313E+04
 0.00000000E+00  0.22553022E+04
 0.00000000E+00  0.23080015E+04
 0.00000000E+00  0.24346530E+04
 0.00000000E+00  0.47658540E-03
 0.00000000E+00  0.30950459E-04
 0.00000000E+00  0.39040544E-04
 0.00000000E+00  0.43573301E-04
 0.00000000E+00  0.50335168E-04
 0.00000000E+00  0.56277670E-04
 0.00000000E+00  0.61416658E-04
 0.00000000E+00  0.64724201E-04
 0.00000000E+00  0.68743729E-04
 0.00000000E+00  0.72017969E-04
 0.00000000E+00  0.74530958E-04
 0.00000000E+00  0.76783505E-04
 0.00000000E+00  0.78367267E-04
 0.00000000E+00  0.80177349E-04
 0.00000000E+00  0.80859531E-04
 0.00000000E+00  0.80961103E-04
 0.00000000E+00  0.82170371E-04
 0.00000000E+00  0.81502243E-04
 0.00000000E+00  0.82414581E-04
 0.00000000E+00  0.81058622E-04
 0.00000000E+00  0.81711960E-04
 0.00000000E+00  0.79747389E-04
 0.00000000E+00  0.77405118E-04
 0.00000000E+00  0.77682940E-04
 0.00000000E+00  0.74861348E-04
 0.00000000E+00  0.71752649E-04
 0.00000000E+00  0.68393174E-04
 0.00000000E+00  0.68280118E-04
 0.00000000E+00  0.64612828E-04
 0.00000000E+00  0.60777507E-04
 0.00000000E+00  0.60487859E-04
 0.00000000E+00  0.56452342E-04
 0.00000000E+00  0.52322959E-04
 0.00000000E+00  0.48129764E-04
 0.00000000E+00  0.47684718E-04
 0.00000000E+00  0.43422179E-04
 0.00000000E+00  0.39156855E-04
 0.00000000E+00  0.38670312E-04
 0.00000000E+00  0.34411087E-04
 0.00000000E+00  0.30201436E-04
 0.00000000E+00  0.26062775E-04
 0.00000000E+00  0.25567940E-04
 0.00000000E+00  0.21520397E-04
 0.00000000E+00  0.17582109E-04
 0.00000000E+00  0.13769059E-04
 0.00000000E+00  0.13316429E-04
 0.00000000E+00  0.96545075E-05
 0.00000000E+00  0.61439828E-05
 0.00000000E+00  0.57464753E-05
 0.00000000E+00  0.24152236E-05
 0.00000000E+00  -.74497572E-06
 0.00000000E+00  -.37267941E-05
 0.00000000E+00  -.40431604E-05
 0.00000000E+00  -.68215030E-05
 0.00000000E+00  -.94123390E-05
 0.00000000E+00  -.96635694E-05
 0.00000000E+00  -.12044168E-04
 0.00000000E+00  -.14233248E-04
 0.00000000E+00  -.14422335E-04
 0.00000000E+00  -.16401001E-04
 0.00000000E+00  -.18189108E-04
 0.00000000E+00  -.19788665E-04
 0.00000000E+00  -.19903899E-04
 0.00000000E+00  -.21301826E-04
 0.00000000E+00  -.22517818E-04
 0.00000000E+00  -.22585472E-04
 0.00000000E+00  -.23610887E-04
 0.00000000E+00  -.24464322E-04
 0.00000000E+00  -.24492412E-04
 0.00000000E+00  -.25169144E-04
 0.00000000E+00  -.25686219E-04
 0.00000000E+00  -.25682829E-04
 0.00000000E+00  -.26038986E-04
 0.00000000E+00  -.26249594E-04
 0.00000000E+00  -.26322456E-04
 0.00000000E+00  -.26288384E-04
 0.00000000E+00  -.26225506E-04
 0.00000000E+00  -.26039879E-04
 0.00000000E+00  -.25990979E-04
 0.00000000E+00  -.25687327E-04
 0.00000000E+00  -.25277173E-04
 0.00000000E+00  -.25219224E-04
 0.00000000E+00  -.24708582E-04
 0.00000000E+00  -.24107743E-04
 0.00000000E+00  -.24045500E-04
 0.00000000E+00  -.23361173E-04
 0.00000000E+00  -.22602670E-04
 0.00000000E+00  -.22539810E-04
 0.00000000E+00  -.21713947E-04
 0.00000000E+00  -.20829436E-04
 0.00000000E+00  -.20768561E-04
 0.00000000E+00  -.19831741E-04
 0.00000000E+00  -.18851002E-04
 0.00000000E+00  -.17833333E-04
 0.00000000E+00  -.17774596E-04
 0.00000000E+00  -.16725202E-04
 0.00000000E+00  -.15652192E-04
 0.00000000E+00  -.15597126E-04
 0.00000000E+00  -.14504319E-04
 0.00000000E+00  -.13400161E-04
 0.00000000E+00  -.13348325E-04
 0.00000000E+00  -.12234929E-04
 0.00000000E+00  -.11121254E-04
 0.00000000E+00  -.11071544E-04
 0.00000000E+00  -.99578056E-05
 0.00000000E+00  -.88536847E-05
 0.00000000E+00  -.88044676E-05
 0.00000000E+00  -.77081183E-05
 0.00000000E+00  -.66300679E-05
 0.00000000E+00  -.65792902E-05
 0.00000000E+00  -.55155707E-05
 0.00000000E+00  -.44776553E-05
 0.00000000E+00  -.34684982E-05
 0.00000000E+00  -.34051355E-05
 0.00000000E+00  -.24186634E-05
 0.00000000E+00  -.14671878E-05
 0.00000000E+00  -.13957390E-05
 0.00000000E+00  -.47068097E-06
 0.00000000E+00  0.41464956E-06
 0.00000000E+00  0.49681300E-06
 0.00000000E+00  0.13529747E-05
 0.00000000E+00  0.21656479E-05
 0.00000000E+00  0.22611332E-05
 0.00000000E+00  0.30427767E-05
 0.00000000E+00  0.37780930E-05
 0.00000000E+00  0.38894196E-05
 0.00000000E+00  0.45926067E-05
 0.00000000E+00  0.52474647E-05
 0.00000000E+00  0.58535937E-05
 0.00000000E+00  0.59992016E-05
 0.00000000E+00  0.65720511E-05
 0.00000000E+00  0.70951122E-05
 0.00000000E+00  0.72622752E-05
 0.00000000E+00  0.77525119E-05
 0.00000000E+00  0.81927378E-05
 0.00000000E+00  0.83832238E-05
 0.00000000E+00  0.87915306E-05
 0.00000000E+00  0.91501437E-05
 0.00000000E+00  0.93654659E-05
 0.00000000E+00  0.96934482E-05
 0.00000000E+00  0.99725078E-05
 0.00000000E+00  0.10203462E-04
 0.00000000E+00  0.10464080E-04
 0.00000000E+00  0.10666212E-04
 0.00000000E+00  0.10821768E-04
 0.00000000E+00  0.11109857E-04
 0.00000000E+00  0.11238530E-04
 0.00000000E+00  0.11322331E-04
 0.00000000E+00  0.11638374E-04
 0.00000000E+00  0.11697369E-04
 0.00000000E+00  0.11713457E-04
 0.00000000E+00  0.11687962E-04
 0.00000000E+00  0.12051381E-04
 0.00000000E+00  0.12003790E-04
 0.00000000E+00  0.11917131E-04
 0.00000000E+00  0.12308620E-04
 0.00000000E+00  0.12202114E-04
 0.00000000E+00  0.12058915E-04
 0.00000000E+00  0.12478027E-04
 0.00000000E+00  0.12317214E-04
 0.00000000E+00  0.12122149E-04
 0.00000000E+00  0.11894471E-04
 0.00000000E+00  0.12357995E-04
 0.00000000E+00  0.12115468E-04
 0.00000000E+00  0.11843128E-04
 0.00000000E+00  0.12332321E-04
 0.00000000E+00  0.12047241E-04
 0.00000000E+00  0.11734837E-04
 0.00000000E+00  0.12248536E-04
 0.00000000E+00  0.11925425E-04
 0.00000000E+00  0.11577447E-04
 0.00000000E+00  0.11206369E-04
 0.00000000E+00  0.11757780E-04
 0.00000000E+00  0.11378352E-04
 0.00000000E+00  0.10978415E-04
 0.00000000E+00  0.11550966E-04
 0.00000000E+00  0.11144430E-04
 0.00000000E+00  0.10719681E-04
 0.00000000E+00  0.10278506E-04
 0.00000000E+00  0.10882196E-04
 0.00000000E+00  0.10436340E-04
 0.00000000E+00  0.99763470E-05
 0.00000000E+00  0.10597217E-04
 0.00000000E+00  0.10134000E-04
 0.00000000E+00  0.96586685E-05
