 0.10000000E+06  0.85441324E+06
 0.99500000E+05  0.85437709E+06
 0.99000000E+05  0.85434057E+06
 0.98500000E+05  0.85430371E+06
 0.98000000E+05  0.85426651E+06
 0.97500000E+05  0.85422897E+06
 0.97000000E+05  0.85419107E+06
 0.96500000E+05  0.85415283E+06
 0.96000000E+05  0.85411422E+06
 0.95500000E+05  0.85407525E+06
 0.95000000E+05  0.85403592E+06
 0.94500000E+05  0.85399621E+06
 0.94000000E+05  0.85395613E+06
 0.93500000E+05  0.85391567E+06
 0.93000000E+05  0.85387482E+06
 0.92500000E+05  0.85383358E+06
 0.92000000E+05  0.85379195E+06
 0.91500000E+05  0.85374992E+06
 0.91000000E+05  0.85370748E+06
 0.90500000E+05  0.85366464E+06
 0.90000000E+05  0.85362138E+06
 0.89500000E+05  0.85357770E+06
 0.89000000E+05  0.85353359E+06
 0.88500000E+05  0.85348906E+06
 0.88000000E+05  0.85344409E+06
 0.87500000E+05  0.85339868E+06
 0.87000000E+05  0.85335283E+06
 0.86500000E+05  0.85330652E+06
 0.86000000E+05  0.85325975E+06
 0.85500000E+05  0.85321252E+06
 0.85000000E+05  0.85316481E+06
 0.84500000E+05  0.85311664E+06
 0.84000000E+05  0.85306797E+06
 0.83500000E+05  0.85301883E+06
 0.83000000E+05  0.85296918E+06
 0.82500000E+05  0.85291904E+06
 0.82000000E+05  0.85286838E+06
 0.81500000E+05  0.85281721E+06
 0.81000000E+05  0.85276552E+06
 0.80500000E+05  0.85271330E+06
 0.80000000E+05  0.85266055E+06
 0.79500000E+05  0.85260725E+06
 0.79000000E+05  0.85255340E+06
 0.78500000E+05  0.85249900E+06
 0.78000000E+05  0.85244402E+06
 0.77500000E+05  0.85238848E+06
 0.77000000E+05  0.85233235E+06
 0.76500000E+05  0.85227564E+06
 0.76000000E+05  0.85221833E+06
 0.75500000E+05  0.85216041E+06
 0.75000000E+05  0.85210188E+06
 0.74500000E+05  0.85204272E+06
 0.74000000E+05  0.85198294E+06
 0.73500000E+05  0.85192251E+06
 0.73000000E+05  0.85186143E+06
 0.72500000E+05  0.85179970E+06
 0.72000000E+05  0.85173730E+06
 0.71500000E+05  0.85167422E+06
 0.71000000E+05  0.85161045E+06
 0.70500000E+05  0.85154598E+06
 0.70000000E+05  0.85148081E+06
 0.69500000E+05  0.85141491E+06
 0.69000000E+05  0.85134829E+06
 0.68500000E+05  0.85128093E+06
 0.68000000E+05  0.85121282E+06
 0.67500000E+05  0.85114394E+06
 0.67000000E+05  0.85107429E+06
 0.66500000E+05  0.85100386E+06
 0.66000000E+05  0.85093262E+06
 0.65500000E+05  0.85086058E+06
 0.65000000E+05  0.85078772E+06
 0.64500000E+05  0.85071402E+06
 0.64000000E+05  0.85063948E+06
 0.63500000E+05  0.85056407E+06
 0.63000000E+05  0.85048779E+06
 0.62500000E+05  0.85041062E+06
 0.62000000E+05  0.85033254E+06
 0.61500000E+05  0.85025355E+06
 0.61000000E+05  0.85017363E+06
 0.60500000E+05  0.85009276E+06
 0.60000000E+05  0.85001093E+06
 0.59500000E+05  0.84992812E+06
 0.59000000E+05  0.84984431E+06
 0.58500000E+05  0.84975950E+06
 0.58000000E+05  0.84967366E+06
 0.57500000E+05  0.84958677E+06
 0.57000000E+05  0.84949882E+06
 0.56500000E+05  0.84940979E+06
 0.56000000E+05  0.84931966E+06
 0.55500000E+05  0.84922841E+06
 0.55000000E+05  0.84913603E+06
 0.54500000E+05  0.84904249E+06
 0.54000000E+05  0.84894777E+06
 0.53500000E+05  0.84885186E+06
 0.53000000E+05  0.84875473E+06
 0.52500000E+05  0.84865635E+06
 0.52000000E+05  0.84855671E+06
 0.51500000E+05  0.84845579E+06
 0.51000000E+05  0.84835356E+06
 0.50500000E+05  0.84824999E+06
 0.50000000E+05  0.84814507E+06
 0.49500000E+05  0.84803876E+06
 0.49000000E+05  0.84793105E+06
 0.48500000E+05  0.84782189E+06
 0.48000000E+05  0.84771128E+06
 0.47500000E+05  0.84759918E+06
 0.47000000E+05  0.84748556E+06
 0.46500000E+05  0.84737038E+06
 0.46000000E+05  0.84725363E+06
 0.45500000E+05  0.84713528E+06
 0.45000000E+05  0.84701528E+06
 0.44500000E+05  0.84689360E+06
 0.44000000E+05  0.84677022E+06
 0.43500000E+05  0.84664509E+06
 0.43000000E+05  0.84651819E+06
 0.42500000E+05  0.84638947E+06
 0.42000000E+05  0.84625890E+06
 0.41500000E+05  0.84612644E+06
 0.41000000E+05  0.84599204E+06
 0.40500000E+05  0.84585568E+06
 0.40000000E+05  0.84571730E+06
 0.39500000E+05  0.84557686E+06
 0.39000000E+05  0.84543432E+06
 0.38500000E+05  0.84528964E+06
 0.38000000E+05  0.84514275E+06
 0.37500000E+05  0.84499363E+06
 0.37000000E+05  0.84484220E+06
 0.36500000E+05  0.84468843E+06
 0.36000000E+05  0.84453226E+06
 0.35500000E+05  0.84437363E+06
 0.35000000E+05  0.84421248E+06
 0.34500000E+05  0.84404877E+06
 0.34000000E+05  0.84388241E+06
 0.33500000E+05  0.84371336E+06
 0.33000000E+05  0.84354155E+06
 0.32500000E+05  0.84336691E+06
 0.32000000E+05  0.84318936E+06
 0.31500000E+05  0.84300885E+06
 0.31000000E+05  0.84282528E+06
 0.30500000E+05  0.84263859E+06
 0.30000000E+05  0.84244870E+06
 0.29500000E+05  0.84225552E+06
 0.29000000E+05  0.84205895E+06
 0.28500000E+05  0.84185893E+06
 0.28000000E+05  0.84165535E+06
 0.27500000E+05  0.84144812E+06
 0.27000000E+05  0.84123714E+06
 0.26500000E+05  0.84102229E+06
 0.26000000E+05  0.84080349E+06
 0.25500000E+05  0.84058061E+06
 0.25000000E+05  0.84035354E+06
 0.24500000E+05  0.84012215E+06
 0.24000000E+05  0.83988633E+06
 0.23500000E+05  0.83964593E+06
 0.23000000E+05  0.83940083E+06
 0.22500000E+05  0.83915088E+06
 0.22000000E+05  0.83889592E+06
 0.21500000E+05  0.83863581E+06
 0.21000000E+05  0.83837038E+06
 0.20500000E+05  0.83809947E+06
 0.20000000E+05  0.83782289E+06
 0.19500000E+05  0.83754046E+06
 0.19000000E+05  0.83725199E+06
 0.18500000E+05  0.83695727E+06
 0.18000000E+05  0.83665608E+06
 0.17500000E+05  0.83634821E+06
 0.17000000E+05  0.83603342E+06
 0.16500000E+05  0.83571147E+06
 0.16000000E+05  0.83538208E+06
 0.15500000E+05  0.83504499E+06
 0.15000000E+05  0.83469992E+06
 0.14500000E+05  0.83434655E+06
 0.14000000E+05  0.83398458E+06
 0.13500000E+05  0.83361365E+06
 0.13000000E+05  0.83323341E+06
 0.12500000E+05  0.83284348E+06
 0.12000000E+05  0.83244346E+06
 0.11500000E+05  0.83203293E+06
 0.11000000E+05  0.83161143E+06
 0.10500000E+05  0.83117847E+06
 0.10000000E+05  0.83073355E+06
 0.95000000E+04  0.83027611E+06
 0.90000000E+04  0.82980556E+06
 0.85000000E+04  0.82932126E+06
 0.80000000E+04  0.82882253E+06
 0.75000000E+04  0.82830861E+06
 0.70000000E+04  0.82777867E+06
 0.65000000E+04  0.82723177E+06
 0.60000000E+04  0.82666680E+06
 0.55000000E+04  0.82608237E+06
 0.50000000E+04  0.82547635E+06
 0.45000000E+04  0.82484455E+06
 0.40000000E+04  0.82417324E+06
 0.35000000E+04  0.82336261E+06
 0.30000000E+04  0.74276043E+06
 0.25000000E+04  0.72419476E+06
 0.20000000E+04  0.18758605E+06
 0.15000000E+04  0.16698395E+06
 0.10000000E+04  0.14515695E+06
 0.50000000E+03  0.10919309E+06
 0.00000000E+00  0.87924646E+05
 -.50000000E+03  0.66487862E+05
 -.10000000E+04  0.44614852E+05
 -.15000000E+04  0.22271433E+05
 -.20000000E+04  -.12504370E+05
 -.25000000E+04  -.20011860E+05
 -.30000000E+04  -.40870416E+05
 -.35000000E+04  -.80788408E+05
 -.40000000E+04  -.88191614E+05
 -.45000000E+04  -.12982158E+06
 -.50000000E+04  -.16970831E+06
 -.55000000E+04  -.23095147E+06
 -.60000000E+04  -.23757975E+06
 -.65000000E+04  -.24417139E+06
 -.70000000E+04  -.25073009E+06
 -.75000000E+04  -.25726314E+06
 -.80000000E+04  -.26379158E+06
 -.85000000E+04  -.27043731E+06
 -.90000000E+04  -.33820928E+06
 -.95000000E+04  -.34425135E+06
 -.10000000E+05  -.35024189E+06
 -.10500000E+05  -.35628391E+06
 -.11000000E+05  -.40839039E+06
 -.11500000E+05  -.42181303E+06
 -.12000000E+05  -.46111780E+06
 -.12500000E+05  -.47804438E+06
 -.13000000E+05  -.48379513E+06
 -.13500000E+05  -.51344338E+06
 -.14000000E+05  -.53424929E+06
 -.14500000E+05  -.53930194E+06
 -.15000000E+05  -.54427163E+06
 -.15500000E+05  -.54916504E+06
 -.16000000E+05  -.55398991E+06
 -.16500000E+05  -.55875540E+06
 -.17000000E+05  -.56347385E+06
 -.17500000E+05  -.56816387E+06
 -.18000000E+05  -.57286175E+06
 -.18500000E+05  -.57767814E+06
 -.19000000E+05  -.60574172E+06
 -.19500000E+05  -.61007217E+06
 -.20000000E+05  -.62528133E+06
 -.20500000E+05  -.62920671E+06
 -.21000000E+05  -.63315652E+06
 -.21500000E+05  -.64806011E+06
 -.22000000E+05  -.65180534E+06
 -.22500000E+05  -.66607173E+06
 -.23000000E+05  -.66964089E+06
 -.23500000E+05  -.68306311E+06
 -.24000000E+05  -.68634984E+06
 -.24500000E+05  -.68970078E+06
 -.25000000E+05  -.70215508E+06
 -.25500000E+05  -.70513234E+06
 -.26000000E+05  -.70808143E+06
 -.26500000E+05  -.71102185E+06
 -.27000000E+05  -.71400456E+06
 -.27500000E+05  -.72603695E+06
 -.28000000E+05  -.72870163E+06
 -.28500000E+05  -.73134457E+06
 -.29000000E+05  -.73397507E+06
 -.29500000E+05  -.73660579E+06
 -.30000000E+05  -.73925626E+06
 -.30500000E+05  -.74196586E+06
 -.31000000E+05  -.74490038E+06
 -.31500000E+05  -.75825550E+06
 -.32000000E+05  -.76198915E+06
 -.32500000E+05  -.84336691E+06
 -.33000000E+05  -.84354156E+06
 -.33500000E+05  -.84371337E+06
 -.34000000E+05  -.84388243E+06
 -.34500000E+05  -.84404878E+06
 -.35000000E+05  -.84421250E+06
 -.35500000E+05  -.84437365E+06
 -.36000000E+05  -.84453228E+06
 -.36500000E+05  -.84468845E+06
 -.37000000E+05  -.84484223E+06
 -.37500000E+05  -.84499365E+06
 -.38000000E+05  -.84514278E+06
 -.38500000E+05  -.84528967E+06
 -.39000000E+05  -.84543436E+06
 -.39500000E+05  -.84557690E+06
 -.40000000E+05  -.84571733E+06
 -.40500000E+05  -.84585571E+06
 -.41000000E+05  -.84599208E+06
 -.41500000E+05  -.84612647E+06
 -.42000000E+05  -.84625893E+06
 -.42500000E+05  -.84638951E+06
 -.43000000E+05  -.84651822E+06
 -.43500000E+05  -.84664513E+06
 -.44000000E+05  -.84677025E+06
 -.44500000E+05  -.84689364E+06
 -.45000000E+05  -.84701531E+06
 -.45500000E+05  -.84713531E+06
 -.46000000E+05  -.84725368E+06
 -.46500000E+05  -.84737042E+06
 -.47000000E+05  -.84748559E+06
 -.47500000E+05  -.84759922E+06
 -.48000000E+05  -.84771132E+06
 -.48500000E+05  -.84782193E+06
 -.49000000E+05  -.84793108E+06
 -.49500000E+05  -.84803879E+06
 -.50000000E+05  -.84814510E+06
 -.50500000E+05  -.84825002E+06
 -.51000000E+05  -.84835358E+06
 -.51500000E+05  -.84845582E+06
 -.52000000E+05  -.84855674E+06
 -.52500000E+05  -.84865637E+06
 -.53000000E+05  -.84875475E+06
 -.53500000E+05  -.84885188E+06
 -.54000000E+05  -.84894779E+06
 -.54500000E+05  -.84904251E+06
 -.55000000E+05  -.84913605E+06
 -.55500000E+05  -.84922843E+06
 -.56000000E+05  -.84931968E+06
 -.56500000E+05  -.84940980E+06
 -.57000000E+05  -.84949883E+06
 -.57500000E+05  -.84958678E+06
 -.58000000E+05  -.84967367E+06
 -.58500000E+05  -.84975951E+06
 -.59000000E+05  -.84984432E+06
 -.59500000E+05  -.84992812E+06
 -.60000000E+05  -.85001093E+06
 -.60500000E+05  -.85009276E+06
 -.61000000E+05  -.85017363E+06
 -.61500000E+05  -.85025355E+06
 -.62000000E+05  -.85033254E+06
 -.62500000E+05  -.85041061E+06
 -.63000000E+05  -.85048778E+06
 -.63500000E+05  -.85056406E+06
 -.64000000E+05  -.85063947E+06
 -.64500000E+05  -.85071401E+06
 -.65000000E+05  -.85078771E+06
 -.65500000E+05  -.85086058E+06
 -.66000000E+05  -.85093262E+06
 -.66500000E+05  -.85100385E+06
 -.67000000E+05  -.85107428E+06
 -.67500000E+05  -.85114393E+06
 -.68000000E+05  -.85121280E+06
 -.68500000E+05  -.85128091E+06
 -.69000000E+05  -.85134827E+06
 -.69500000E+05  -.85141490E+06
 -.70000000E+05  -.85148079E+06
 -.70500000E+05  -.85154596E+06
 -.71000000E+05  -.85161043E+06
 -.71500000E+05  -.85167419E+06
 -.72000000E+05  -.85173727E+06
 -.72500000E+05  -.85179968E+06
 -.73000000E+05  -.85186141E+06
 -.73500000E+05  -.85192249E+06
 -.74000000E+05  -.85198291E+06
 -.74500000E+05  -.85204270E+06
 -.75000000E+05  -.85210185E+06
 -.75500000E+05  -.85216038E+06
 -.76000000E+05  -.85221830E+06
 -.76500000E+05  -.85227561E+06
 -.77000000E+05  -.85233233E+06
 -.77500000E+05  -.85238845E+06
 -.78000000E+05  -.85244400E+06
 -.78500000E+05  -.85249897E+06
 -.79000000E+05  -.85255337E+06
 -.79500000E+05  -.85260722E+06
 -.80000000E+05  -.85266052E+06
 -.80500000E+05  -.85271328E+06
 -.81000000E+05  -.85276549E+06
 -.81500000E+05  -.85281718E+06
 -.82000000E+05  -.85286835E+06
 -.82500000E+05  -.85291901E+06
 -.83000000E+05  -.85296915E+06
 -.83500000E+05  -.85301880E+06
 -.84000000E+05  -.85306795E+06
 -.84500000E+05  -.85311661E+06
 -.85000000E+05  -.85316478E+06
 -.85500000E+05  -.85321249E+06
 -.86000000E+05  -.85325972E+06
 -.86500000E+05  -.85330649E+06
 -.87000000E+05  -.85335280E+06
 -.87500000E+05  -.85339865E+06
 -.88000000E+05  -.85344406E+06
 -.88500000E+05  -.85348903E+06
 -.89000000E+05  -.85353357E+06
 -.89500000E+05  -.85357767E+06
 -.90000000E+05  -.85362135E+06
 -.90500000E+05  -.85366461E+06
 -.91000000E+05  -.85370745E+06
 -.91500000E+05  -.85374989E+06
 -.92000000E+05  -.85379192E+06
 -.92500000E+05  -.85383355E+06
 -.93000000E+05  -.85387479E+06
 -.93500000E+05  -.85391564E+06
 -.94000000E+05  -.85395610E+06
 -.94500000E+05  -.85399618E+06
 -.95000000E+05  -.85403589E+06
 -.95500000E+05  -.85407522E+06
 -.96000000E+05  -.85411419E+06
 -.96500000E+05  -.85415280E+06
 -.97000000E+05  -.85419105E+06
 -.97500000E+05  -.85422894E+06
 -.98000000E+05  -.85426648E+06
 -.98500000E+05  -.85430368E+06
 -.99000000E+05  -.85434054E+06
 -.99500000E+05  -.85437706E+06
 -.10000000E+06  -.85441324E+06
