 Mu              Hu 				
 0.10000000E+06  0.84891389E+06
 0.99000000E+05  0.84881382E+06
 0.98000000E+05  0.84871248E+06
 0.97000000E+05  0.84860985E+06
 0.96000000E+05  0.84850589E+06
 0.95000000E+05  0.84840059E+06
 0.94000000E+05  0.84829393E+06
 0.93000000E+05  0.84818587E+06
 0.92000000E+05  0.84807639E+06
 0.91000000E+05  0.84796548E+06
 0.90000000E+05  0.84785309E+06
 0.89000000E+05  0.84773920E+06
 0.88000000E+05  0.84762379E+06
 0.87000000E+05  0.84750682E+06
 0.86000000E+05  0.84738827E+06
 0.85000000E+05  0.84726811E+06
 0.84000000E+05  0.84714631E+06
 0.83000000E+05  0.84702283E+06
 0.82000000E+05  0.84689764E+06
 0.81000000E+05  0.84677071E+06
 0.80000000E+05  0.84664200E+06
 0.79000000E+05  0.84651148E+06
 0.78000000E+05  0.84637912E+06
 0.77000000E+05  0.84624487E+06
 0.76000000E+05  0.84610869E+06
 0.75000000E+05  0.84597056E+06
 0.74000000E+05  0.84583042E+06
 0.73000000E+05  0.84568823E+06
 0.72000000E+05  0.84554396E+06
 0.71000000E+05  0.84539755E+06
 0.70000000E+05  0.84524897E+06
 0.69000000E+05  0.84509816E+06
 0.68000000E+05  0.84494507E+06
 0.67000000E+05  0.84478967E+06
 0.66000000E+05  0.84463189E+06
 0.65000000E+05  0.84447168E+06
 0.64000000E+05  0.84430899E+06
 0.63000000E+05  0.84414376E+06
 0.62000000E+05  0.84397593E+06
 0.61000000E+05  0.84380545E+06
 0.60000000E+05  0.84363225E+06
 0.59000000E+05  0.84345626E+06
 0.58000000E+05  0.84327742E+06
 0.57000000E+05  0.84309567E+06
 0.56000000E+05  0.84291092E+06
 0.55000000E+05  0.84272312E+06
 0.54000000E+05  0.84253217E+06
 0.53000000E+05  0.84233801E+06
 0.52000000E+05  0.84214055E+06
 0.51000000E+05  0.84193970E+06
 0.50000000E+05  0.84173539E+06
 0.49000000E+05  0.84152751E+06
 0.48000000E+05  0.84131598E+06
 0.47000000E+05  0.84110069E+06
 0.46000000E+05  0.84088155E+06
 0.45000000E+05  0.84065845E+06
 0.44000000E+05  0.84043128E+06
 0.43000000E+05  0.84019992E+06
 0.42000000E+05  0.83996426E+06
 0.41000000E+05  0.83972417E+06
 0.40000000E+05  0.83947953E+06
 0.39000000E+05  0.83923019E+06
 0.38000000E+05  0.83897602E+06
 0.37000000E+05  0.83871687E+06
 0.36000000E+05  0.83845259E+06
 0.35000000E+05  0.83818300E+06
 0.34000000E+05  0.83790795E+06
 0.33000000E+05  0.83762723E+06
 0.32000000E+05  0.83734066E+06
 0.31000000E+05  0.83704799E+06
 0.30000000E+05  0.83674897E+06
 0.29000000E+05  0.83644319E+06
 0.28000000E+05  0.83612997E+06
 0.27000000E+05  0.83580733E+06
 0.26000000E+05  0.83546423E+06
 0.25000000E+05  0.83491287E+06
 0.24000000E+05  0.83313768E+06
 0.23000000E+05  0.82750586E+06
 0.22000000E+05  0.82288921E+06
 0.21000000E+05  0.81766034E+06
 0.20000000E+05  0.81171815E+06
 0.19000000E+05  0.80481506E+06
 0.18000000E+05  0.79595524E+06
 0.17000000E+05  0.31115433E+06
 0.16000000E+05  0.30240417E+06
 0.15000000E+05  0.28790315E+06
 0.14000000E+05  0.26592880E+06
 0.13000000E+05  0.25770432E+06
 0.12000000E+05  0.23548743E+06
 0.11000000E+05  0.22208206E+06
 0.10000000E+05  0.20468732E+06
 0.90000000E+04  0.18527553E+06
 0.80000000E+04  0.17346543E+06
 0.70000000E+04  0.16731778E+06
 0.60000000E+04  0.16082349E+06
 0.50000000E+04  0.98143147E+05
 0.40000000E+04  0.90667196E+05
 0.30000000E+04  0.70653770E+05
 0.20000000E+04  0.34817482E+05
 0.10000000E+04  0.26997685E+05
 0.00000000E+00  0.19334413E+04
 -.10000000E+04  -.18098546E+05
 -.20000000E+04  -.38474193E+05
 -.30000000E+04  -.58805328E+05
 -.40000000E+04  -.83587624E+05
 -.50000000E+04  -.92052540E+05
 -.60000000E+04  -.12359206E+06
 -.70000000E+04  -.14779768E+06
 -.80000000E+04  -.15603804E+06
 -.90000000E+04  -.17596954E+06
 -.10000000E+05  -.19574084E+06
 -.11000000E+05  -.21933563E+06
 -.12000000E+05  -.22753664E+06
 -.13000000E+05  -.25729107E+06
 -.14000000E+05  -.27830463E+06
 -.15000000E+05  -.28797487E+06
 -.16000000E+05  -.31661244E+06
 -.17000000E+05  -.32209122E+06
 -.18000000E+05  -.32760076E+06
 -.19000000E+05  -.33319841E+06
 -.20000000E+05  -.33897129E+06
 -.21000000E+05  -.34505908E+06
 -.22000000E+05  -.38885994E+06
 -.23000000E+05  -.39615233E+06
 -.24000000E+05  -.41543955E+06
 -.25000000E+05  -.43499226E+06
 -.26000000E+05  -.45207450E+06
 -.27000000E+05  -.45721059E+06
 -.28000000E+05  -.46223294E+06
 -.29000000E+05  -.46717053E+06
 -.30000000E+05  -.49915916E+06
 -.31000000E+05  -.50501588E+06
 -.32000000E+05  -.51987747E+06
 -.33000000E+05  -.53155808E+06
 -.34000000E+05  -.54118423E+06
 -.35000000E+05  -.55514865E+06
 -.36000000E+05  -.57013413E+06
 -.37000000E+05  -.57599362E+06
 -.38000000E+05  -.59203228E+06
 -.39000000E+05  -.59679488E+06
 -.40000000E+05  -.60136370E+06
 -.41000000E+05  -.60610872E+06
 -.42000000E+05  -.62178033E+06
 -.43000000E+05  -.62596281E+06
 -.44000000E+05  -.63022152E+06
 -.45000000E+05  -.64559651E+06
 -.46000000E+05  -.64952163E+06
 -.47000000E+05  -.65346739E+06
 -.48000000E+05  -.65807897E+06
 -.49000000E+05  -.67215865E+06
 -.50000000E+05  -.67573700E+06
 -.51000000E+05  -.67941715E+06
 -.52000000E+05  -.69412321E+06
 -.53000000E+05  -.69728303E+06
 -.54000000E+05  -.70035528E+06
 -.55000000E+05  -.70342121E+06
 -.56000000E+05  -.70666675E+06
 -.57000000E+05  -.72149263E+06
 -.58000000E+05  -.72401113E+06
 -.59000000E+05  -.72644086E+06
 -.60000000E+05  -.72882607E+06
 -.61000000E+05  -.73122489E+06
 -.62000000E+05  -.73373489E+06
 -.63000000E+05  -.73662029E+06
 -.64000000E+05  -.75150924E+06
 -.65000000E+05  -.75339068E+06
 -.66000000E+05  -.75523415E+06
 -.67000000E+05  -.75707238E+06
 -.68000000E+05  -.75895476E+06
 -.69000000E+05  -.76098337E+06
 -.70000000E+05  -.76356362E+06
 -.71000000E+05  -.78106348E+06
 -.72000000E+05  -.78285772E+06
 -.73000000E+05  -.84568824E+06
 -.74000000E+05  -.84583043E+06
 -.75000000E+05  -.84597057E+06
 -.76000000E+05  -.84610870E+06
 -.77000000E+05  -.84624488E+06
 -.78000000E+05  -.84637913E+06
 -.79000000E+05  -.84651149E+06
 -.80000000E+05  -.84664201E+06
 -.81000000E+05  -.84677072E+06
 -.82000000E+05  -.84689765E+06
 -.83000000E+05  -.84702284E+06
 -.84000000E+05  -.84714632E+06
 -.85000000E+05  -.84726812E+06
 -.86000000E+05  -.84738828E+06
 -.87000000E+05  -.84750683E+06
 -.88000000E+05  -.84762380E+06
 -.89000000E+05  -.84773921E+06
 -.90000000E+05  -.84785310E+06
 -.91000000E+05  -.84796548E+06
 -.92000000E+05  -.84807640E+06
 -.93000000E+05  -.84818588E+06
 -.94000000E+05  -.84829394E+06
 -.95000000E+05  -.84840060E+06
 -.96000000E+05  -.84850590E+06
 -.97000000E+05  -.84860986E+06
 -.98000000E+05  -.84871249E+06
 -.99000000E+05  -.84881383E+06
 -.10000000E+06  -.84891389E+06

