Mu-Hu               
 0.10000000E+06  0.85317053E+06
 0.99000000E+05  0.85308990E+06
 0.98000000E+05  0.85300790E+06
 0.97000000E+05  0.85292450E+06
 0.96000000E+05  0.85283968E+06
 0.95000000E+05  0.85275340E+06
 0.94000000E+05  0.85266562E+06
 0.93000000E+05  0.85257632E+06
 0.92000000E+05  0.85248546E+06
 0.91000000E+05  0.85239301E+06
 0.90000000E+05  0.85229893E+06
 0.89000000E+05  0.85220317E+06
 0.88000000E+05  0.85210572E+06
 0.87000000E+05  0.85200651E+06
 0.86000000E+05  0.85190552E+06
 0.85000000E+05  0.85180270E+06
 0.84000000E+05  0.85169801E+06
 0.83000000E+05  0.85159140E+06
 0.82000000E+05  0.85148283E+06
 0.81000000E+05  0.85137225E+06
 0.80000000E+05  0.85125961E+06
 0.79000000E+05  0.85114487E+06
 0.78000000E+05  0.85102796E+06
 0.77000000E+05  0.85090884E+06
 0.76000000E+05  0.85078746E+06
 0.75000000E+05  0.85066374E+06
 0.74000000E+05  0.85053765E+06
 0.73000000E+05  0.85040910E+06
 0.72000000E+05  0.85027805E+06
 0.71000000E+05  0.85014443E+06
 0.70000000E+05  0.85000817E+06
 0.69000000E+05  0.84986920E+06
 0.68000000E+05  0.84972745E+06
 0.67000000E+05  0.84958284E+06
 0.66000000E+05  0.84943530E+06
 0.65000000E+05  0.84928475E+06
 0.64000000E+05  0.84913110E+06
 0.63000000E+05  0.84897428E+06
 0.62000000E+05  0.84881419E+06
 0.61000000E+05  0.84865073E+06
 0.60000000E+05  0.84848383E+06
 0.59000000E+05  0.84831336E+06
 0.58000000E+05  0.84813925E+06
 0.57000000E+05  0.84796136E+06
 0.56000000E+05  0.84777960E+06
 0.55000000E+05  0.84759385E+06
 0.54000000E+05  0.84740400E+06
 0.53000000E+05  0.84720990E+06
 0.52000000E+05  0.84701144E+06
 0.51000000E+05  0.84680848E+06
 0.50000000E+05  0.84660088E+06
 0.49000000E+05  0.84638848E+06
 0.48000000E+05  0.84617115E+06
 0.47000000E+05  0.84594871E+06
 0.46000000E+05  0.84572099E+06
 0.45000000E+05  0.84548784E+06
 0.44000000E+05  0.84524905E+06
 0.43000000E+05  0.84500444E+06
 0.42000000E+05  0.84475381E+06
 0.41000000E+05  0.84449694E+06
 0.40000000E+05  0.84423363E+06
 0.39000000E+05  0.84396362E+06
 0.38000000E+05  0.84368670E+06
 0.37000000E+05  0.84340259E+06
 0.36000000E+05  0.84311102E+06
 0.35000000E+05  0.84281173E+06
 0.34000000E+05  0.84250441E+06
 0.33000000E+05  0.84218874E+06
 0.32000000E+05  0.84186439E+06
 0.31000000E+05  0.84153103E+06
 0.30000000E+05  0.84118827E+06
 0.29000000E+05  0.84083572E+06
 0.28000000E+05  0.84047298E+06
 0.27000000E+05  0.84009960E+06
 0.26000000E+05  0.83971512E+06
 0.25000000E+05  0.83931904E+06
 0.24000000E+05  0.83891084E+06
 0.23000000E+05  0.83848995E+06
 0.22000000E+05  0.83805577E+06
 0.21000000E+05  0.83760766E+06
 0.20000000E+05  0.83714493E+06
 0.19000000E+05  0.83666684E+06
 0.18000000E+05  0.83617260E+06
 0.17000000E+05  0.83566134E+06
 0.16000000E+05  0.83513214E+06
 0.15000000E+05  0.83458396E+06
 0.14000000E+05  0.83401570E+06
 0.13000000E+05  0.83342611E+06
 0.12000000E+05  0.83281381E+06
 0.11000000E+05  0.83217719E+06
 0.10000000E+05  0.83151439E+06
 0.90000000E+04  0.83082305E+06
 0.80000000E+04  0.83010005E+06
 0.70000000E+04  0.82934060E+06
 0.60000000E+04  0.82853600E+06
 0.50000000E+04  0.82766532E+06
 0.40000000E+04  0.82665332E+06
 0.30000000E+04  0.82481314E+06
 0.20000000E+04  0.13554883E+06
 0.10000000E+04  0.98342614E+05
 0.00000000E+00  0.61287582E+05
 -.10000000E+04  0.23777060E+05
 -.20000000E+04  -.13788340E+05
 -.30000000E+04  -.51150553E+05
 -.40000000E+04  -.88242692E+05
 -.50000000E+04  -.12516201E+06
 -.60000000E+04  -.16104367E+06
 -.70000000E+04  -.21672859E+06
 -.80000000E+04  -.22621528E+06
 -.90000000E+04  -.25375553E+06
 -.10000000E+05  -.27792195E+06
 -.11000000E+05  -.28648824E+06
 -.12000000E+05  -.30719849E+06
 -.13000000E+05  -.31546017E+06
 -.14000000E+05  -.32353817E+06
 -.15000000E+05  -.33149955E+06
 -.16000000E+05  -.33945671E+06
 -.17000000E+05  -.42595174E+06
 -.18000000E+05  -.43363292E+06
 -.19000000E+05  -.44225825E+06
 -.20000000E+05  -.47649592E+06
 -.21000000E+05  -.48464999E+06
 -.22000000E+05  -.51381496E+06
 -.23000000E+05  -.52038626E+06
 -.24000000E+05  -.52689544E+06
 -.25000000E+05  -.53342842E+06
 -.26000000E+05  -.54049578E+06
 -.27000000E+05  -.56806397E+06
 -.28000000E+05  -.57371386E+06
 -.29000000E+05  -.57927201E+06
 -.30000000E+05  -.58474651E+06
 -.31000000E+05  -.59014967E+06
 -.32000000E+05  -.59550544E+06
 -.33000000E+05  -.60087530E+06
 -.34000000E+05  -.60656474E+06
 -.35000000E+05  -.63492308E+06
 -.36000000E+05  -.63993562E+06
 -.37000000E+05  -.64505173E+06
 -.38000000E+05  -.68894379E+06
 -.39000000E+05  -.69444905E+06
 -.40000000E+05  -.71890205E+06
 -.41000000E+05  -.72492687E+06
 -.42000000E+05  -.84475381E+06
 -.43000000E+05  -.84500444E+06
 -.44000000E+05  -.84524905E+06
 -.45000000E+05  -.84548784E+06
 -.46000000E+05  -.84572099E+06
 -.47000000E+05  -.84594871E+06
 -.48000000E+05  -.84617115E+06
 -.49000000E+05  -.84638848E+06
 -.50000000E+05  -.84660088E+06
 -.51000000E+05  -.84680848E+06
 -.52000000E+05  -.84701144E+06
 -.53000000E+05  -.84720990E+06
 -.54000000E+05  -.84740400E+06
 -.55000000E+05  -.84759386E+06
 -.56000000E+05  -.84777960E+06
 -.57000000E+05  -.84796136E+06
 -.58000000E+05  -.84813925E+06
 -.59000000E+05  -.84831337E+06
 -.60000000E+05  -.84848383E+06
 -.61000000E+05  -.84865074E+06
 -.62000000E+05  -.84881419E+06
 -.63000000E+05  -.84897428E+06
 -.64000000E+05  -.84913110E+06
 -.65000000E+05  -.84928475E+06
 -.66000000E+05  -.84943530E+06
 -.67000000E+05  -.84958284E+06
 -.68000000E+05  -.84972745E+06
 -.69000000E+05  -.84986920E+06
 -.70000000E+05  -.85000817E+06
 -.71000000E+05  -.85014443E+06
 -.72000000E+05  -.85027805E+06
 -.73000000E+05  -.85040910E+06
 -.74000000E+05  -.85053765E+06
 -.75000000E+05  -.85066374E+06
 -.76000000E+05  -.85078746E+06
 -.77000000E+05  -.85090884E+06
 -.78000000E+05  -.85102796E+06
 -.79000000E+05  -.85114487E+06
 -.80000000E+05  -.85125961E+06
 -.81000000E+05  -.85137225E+06
 -.82000000E+05  -.85148283E+06
 -.83000000E+05  -.85159140E+06
 -.84000000E+05  -.85169801E+06
 -.85000000E+05  -.85180270E+06
 -.86000000E+05  -.85190552E+06
 -.87000000E+05  -.85200651E+06
 -.88000000E+05  -.85210572E+06
 -.89000000E+05  -.85220317E+06
 -.90000000E+05  -.85229893E+06
 -.91000000E+05  -.85239301E+06
 -.92000000E+05  -.85248546E+06
 -.93000000E+05  -.85257632E+06
 -.94000000E+05  -.85266562E+06
 -.95000000E+05  -.85275340E+06
 -.96000000E+05  -.85283968E+06
 -.97000000E+05  -.85292450E+06
 -.98000000E+05  -.85300790E+06
 -.99000000E+05  -.85308990E+06
 -.10000000E+06  -.85317053E+06
Mv-Hv               
 0.00000000E+00  -.10039270E+03
 0.00000000E+00  -.10222699E+03
 0.00000000E+00  -.10410942E+03
 0.00000000E+00  -.10604148E+03
 0.00000000E+00  -.10802489E+03
 0.00000000E+00  -.11006141E+03
 0.00000000E+00  -.11215290E+03
 0.00000000E+00  -.11430130E+03
 0.00000000E+00  -.11650863E+03
 0.00000000E+00  -.11877702E+03
 0.00000000E+00  -.12110865E+03
 0.00000000E+00  -.12350585E+03
 0.00000000E+00  -.12597103E+03
 0.00000000E+00  -.12850673E+03
 0.00000000E+00  -.13111559E+03
 0.00000000E+00  -.13380039E+03
 0.00000000E+00  -.13656404E+03
 0.00000000E+00  -.13940960E+03
 0.00000000E+00  -.14234027E+03
 0.00000000E+00  -.14535942E+03
 0.00000000E+00  -.14847058E+03
 0.00000000E+00  -.15167746E+03
 0.00000000E+00  -.15498399E+03
 0.00000000E+00  -.15839427E+03
 0.00000000E+00  -.16191263E+03
 0.00000000E+00  -.16554365E+03
 0.00000000E+00  -.16929214E+03
 0.00000000E+00  -.17316317E+03
 0.00000000E+00  -.17716213E+03
 0.00000000E+00  -.18129467E+03
 0.00000000E+00  -.18556678E+03
 0.00000000E+00  -.18998483E+03
 0.00000000E+00  -.19455553E+03
 0.00000000E+00  -.19928599E+03
 0.00000000E+00  -.20418378E+03
 0.00000000E+00  -.20925692E+03
 0.00000000E+00  -.21451392E+03
 0.00000000E+00  -.21996387E+03
 0.00000000E+00  -.22561640E+03
 0.00000000E+00  -.23148180E+03
 0.00000000E+00  -.23757103E+03
 0.00000000E+00  -.24389579E+03
 0.00000000E+00  -.25046860E+03
 0.00000000E+00  -.25730282E+03
 0.00000000E+00  -.26441281E+03
 0.00000000E+00  -.27181392E+03
 0.00000000E+00  -.27952261E+03
 0.00000000E+00  -.28755668E+03
 0.00000000E+00  -.29593549E+03
 0.00000000E+00  -.30467864E+03
 0.00000000E+00  -.31380876E+03
 0.00000000E+00  -.32334982E+03
 0.00000000E+00  -.33332891E+03
 0.00000000E+00  -.34377272E+03
 0.00000000E+00  -.35471241E+03
 0.00000000E+00  -.36618182E+03
 0.00000000E+00  -.37821676E+03
 0.00000000E+00  -.39085663E+03
 0.00000000E+00  -.40414473E+03
 0.00000000E+00  -.41812826E+03
 0.00000000E+00  -.43285916E+03
 0.00000000E+00  -.44839469E+03
 0.00000000E+00  -.46479783E+03
 0.00000000E+00  -.48213806E+03
 0.00000000E+00  -.50049258E+03
 0.00000000E+00  -.51994699E+03
 0.00000000E+00  -.54059661E+03
 0.00000000E+00  -.56254786E+03
 0.00000000E+00  -.58591990E+03
 0.00000000E+00  -.61084661E+03
 0.00000000E+00  -.63747886E+03
 0.00000000E+00  -.66598741E+03
 0.00000000E+00  -.69656597E+03
 0.00000000E+00  -.72943525E+03
 0.00000000E+00  -.76484782E+03
 0.00000000E+00  -.80309396E+03
 0.00000000E+00  -.84450899E+03
 0.00000000E+00  -.88948200E+03
 0.00000000E+00  -.93846666E+03
 0.00000000E+00  -.99199552E+03
 0.00000000E+00  -.10506972E+04
 0.00000000E+00  -.11153183E+04
 0.00000000E+00  -.11867523E+04
 0.00000000E+00  -.12660755E+04
 0.00000000E+00  -.13545948E+04
 0.00000000E+00  -.14539105E+04
 0.00000000E+00  -.15659975E+04
 0.00000000E+00  -.16933127E+04
 0.00000000E+00  -.18389358E+04
 0.00000000E+00  -.20067461E+04
 0.00000000E+00  -.22016307E+04
 0.00000000E+00  -.24296724E+04
 0.00000000E+00  -.26981254E+04
 0.00000000E+00  -.30144885E+04
 0.00000000E+00  -.33821647E+04
 0.00000000E+00  -.37825754E+04
 0.00000000E+00  -.40958586E+04
 0.00000000E+00  -.38114261E+04
 0.00000000E+00  -.39801883E+05
 0.00000000E+00  -.38042813E+05
 0.00000000E+00  -.35869421E+05
 0.00000000E+00  -.34455808E+05
 0.00000000E+00  -.34464140E+05
 0.00000000E+00  -.34314916E+05
 0.00000000E+00  -.34428172E+05
 0.00000000E+00  -.35655522E+05
 0.00000000E+00  -.37882976E+05
 0.00000000E+00  -.33950700E+05
 0.00000000E+00  -.31693248E+05
 0.00000000E+00  -.10291739E+05
 0.00000000E+00  0.52924676E+04
 0.00000000E+00  0.64874275E+04
 0.00000000E+00  0.18232664E+05
 0.00000000E+00  0.18512424E+05
 0.00000000E+00  0.18702979E+05
 0.00000000E+00  0.18917344E+05
 0.00000000E+00  0.19365129E+05
 0.00000000E+00  -.23329621E+04
 0.00000000E+00  -.15151370E+04
 0.00000000E+00  -.72057919E+03
 0.00000000E+00  0.52989181E+04
 0.00000000E+00  0.51133784E+04
 0.00000000E+00  0.25345546E+04
 0.00000000E+00  0.29432541E+04
 0.00000000E+00  0.32697001E+04
 0.00000000E+00  0.34691475E+04
 0.00000000E+00  0.34091589E+04
 0.00000000E+00  -.15419873E+03
 0.00000000E+00  0.11593091E+03
 0.00000000E+00  0.34811532E+03
 0.00000000E+00  0.52578345E+03
 0.00000000E+00  0.62642031E+03
 0.00000000E+00  0.61497928E+03
 0.00000000E+00  0.42715779E+03
 0.00000000E+00  -.16223528E+03
 0.00000000E+00  0.38733688E+04
 0.00000000E+00  0.37978185E+04
 0.00000000E+00  0.35427846E+04
 0.00000000E+00  0.13782044E+04
 0.00000000E+00  0.17569192E+04
 0.00000000E+00  -.37148053E+04
 0.00000000E+00  -.36859619E+04
 0.00000000E+00  0.40414738E+03
 0.00000000E+00  0.39086386E+03
 0.00000000E+00  0.37822343E+03
 0.00000000E+00  0.36618783E+03
 0.00000000E+00  0.35471789E+03
 0.00000000E+00  0.34377639E+03
 0.00000000E+00  0.33333092E+03
 0.00000000E+00  0.32335098E+03
 0.00000000E+00  0.31380858E+03
 0.00000000E+00  0.30467720E+03
 0.00000000E+00  0.29593337E+03
 0.00000000E+00  0.28755533E+03
 0.00000000E+00  0.27952142E+03
 0.00000000E+00  0.27181292E+03
 0.00000000E+00  0.26441204E+03
 0.00000000E+00  0.25730232E+03
 0.00000000E+00  0.25046834E+03
 0.00000000E+00  0.24389574E+03
 0.00000000E+00  0.23757117E+03
 0.00000000E+00  0.23148210E+03
 0.00000000E+00  0.22561682E+03
 0.00000000E+00  0.21996437E+03
 0.00000000E+00  0.21451447E+03
 0.00000000E+00  0.20925748E+03
 0.00000000E+00  0.20418433E+03
 0.00000000E+00  0.19928651E+03
 0.00000000E+00  0.19455600E+03
 0.00000000E+00  0.18998524E+03
 0.00000000E+00  0.18556715E+03
 0.00000000E+00  0.18129496E+03
 0.00000000E+00  0.17716235E+03
 0.00000000E+00  0.17316334E+03
 0.00000000E+00  0.16929223E+03
 0.00000000E+00  0.16554368E+03
 0.00000000E+00  0.16191261E+03
 0.00000000E+00  0.15839420E+03
 0.00000000E+00  0.15498387E+03
 0.00000000E+00  0.15167731E+03
 0.00000000E+00  0.14847039E+03
 0.00000000E+00  0.14535921E+03
 0.00000000E+00  0.14234005E+03
 0.00000000E+00  0.13940937E+03
 0.00000000E+00  0.13656381E+03
 0.00000000E+00  0.13380015E+03
 0.00000000E+00  0.13111536E+03
 0.00000000E+00  0.12850651E+03
 0.00000000E+00  0.12597083E+03
 0.00000000E+00  0.12350566E+03
 0.00000000E+00  0.12110848E+03
 0.00000000E+00  0.11877686E+03
 0.00000000E+00  0.11650851E+03
 0.00000000E+00  0.11430119E+03
 0.00000000E+00  0.11215281E+03
 0.00000000E+00  0.11006134E+03
 0.00000000E+00  0.10802484E+03
 0.00000000E+00  0.10604146E+03
 0.00000000E+00  0.10410941E+03
 0.00000000E+00  0.10222700E+03
 0.00000000E+00  0.10039260E+03
Mw-Hw               
 0.00000000E+00  -.22832416E-04
 0.00000000E+00  -.12298813E-04
 0.00000000E+00  -.14617046E-04
 0.00000000E+00  -.15506328E-04
 0.00000000E+00  -.17489158E-04
 0.00000000E+00  -.19229699E-04
 0.00000000E+00  -.19594396E-04
 0.00000000E+00  -.20768227E-04
 0.00000000E+00  -.20723504E-04
 0.00000000E+00  -.21195399E-04
 0.00000000E+00  -.21183172E-04
 0.00000000E+00  -.20327082E-04
 0.00000000E+00  -.19418780E-04
 0.00000000E+00  -.17911881E-04
 0.00000000E+00  -.15774041E-04
 0.00000000E+00  -.13626438E-04
 0.00000000E+00  -.10468696E-04
 0.00000000E+00  -.66682427E-05
 0.00000000E+00  -.22449106E-05
 0.00000000E+00  0.10418959E-05
 0.00000000E+00  0.62862522E-05
 0.00000000E+00  0.11987226E-04
 0.00000000E+00  0.15644605E-04
 0.00000000E+00  0.21717798E-04
 0.00000000E+00  0.27910313E-04
 0.00000000E+00  0.31232299E-04
 0.00000000E+00  0.37045856E-04
 0.00000000E+00  0.42456140E-04
 0.00000000E+00  0.44410602E-04
 0.00000000E+00  0.48396724E-04
 0.00000000E+00  0.51299090E-04
 0.00000000E+00  0.52841329E-04
 0.00000000E+00  0.50844231E-04
 0.00000000E+00  0.49274997E-04
 0.00000000E+00  0.45635745E-04
 0.00000000E+00  0.39708590E-04
 0.00000000E+00  0.31329561E-04
 0.00000000E+00  0.20412614E-04
 0.00000000E+00  0.50147602E-05
 0.00000000E+00  -.88083596E-05
 0.00000000E+00  -.26601515E-04
 0.00000000E+00  -.41754562E-04
 0.00000000E+00  -.60873047E-04
 0.00000000E+00  -.74560236E-04
 0.00000000E+00  -.90751319E-04
 0.00000000E+00  -.10299572E-03
 0.00000000E+00  -.10409783E-03
 0.00000000E+00  -.10428952E-03
 0.00000000E+00  -.11562965E-03
 0.00000000E+00  -.34401966E-04
 0.00000000E+00  0.80578200E-04
 0.00000000E+00  0.23413730E-03
 0.00000000E+00  0.20793883E-03
 0.00000000E+00  0.31269480E-03
 0.00000000E+00  0.41453916E-03
 0.00000000E+00  0.43224092E-03
 0.00000000E+00  0.43623820E-03
 0.00000000E+00  0.44453395E-03
 0.00000000E+00  0.44188708E-03
 0.00000000E+00  0.44457930E-03
 0.00000000E+00  0.45309546E-03
 0.00000000E+00  0.45486270E-03
 0.00000000E+00  0.45151556E-03
 0.00000000E+00  0.45618089E-03
 0.00000000E+00  0.45749360E-03
 0.00000000E+00  0.45674061E-03
 0.00000000E+00  0.45510404E-03
 0.00000000E+00  0.45365604E-03
 0.00000000E+00  0.45337913E-03
 0.00000000E+00  0.45519279E-03
 0.00000000E+00  0.45999639E-03
 0.00000000E+00  0.46050966E-03
 0.00000000E+00  0.45865256E-03
 0.00000000E+00  0.45627455E-03
 0.00000000E+00  0.45510965E-03
 0.00000000E+00  0.45680215E-03
 0.00000000E+00  0.45667618E-03
 0.00000000E+00  0.45134365E-03
 0.00000000E+00  0.44977385E-03
 0.00000000E+00  0.44898436E-03
 0.00000000E+00  0.44718240E-03
 0.00000000E+00  0.44368510E-03
 0.00000000E+00  0.43886595E-03
 0.00000000E+00  0.43407115E-03
 0.00000000E+00  0.43153466E-03
 0.00000000E+00  0.42440118E-03
 0.00000000E+00  0.41610220E-03
 0.00000000E+00  0.40629533E-03
 0.00000000E+00  0.39591657E-03
 0.00000000E+00  0.38397374E-03
 0.00000000E+00  0.36752712E-03
 0.00000000E+00  0.34743438E-03
 0.00000000E+00  0.32308544E-03
 0.00000000E+00  0.29411850E-03
 0.00000000E+00  0.25818272E-03
 0.00000000E+00  0.21791484E-03
 0.00000000E+00  0.17681717E-03
 0.00000000E+00  0.13989657E-03
 0.00000000E+00  0.11016251E-03
 0.00000000E+00  0.11139586E-03
 0.00000000E+00  0.16440324E-03
 0.00000000E+00  0.15814991E-03
 0.00000000E+00  0.14598521E-03
 0.00000000E+00  0.14005112E-03
 0.00000000E+00  0.36248177E-05
 0.00000000E+00  0.87718032E-04
 0.00000000E+00  0.66183026E-04
 0.00000000E+00  0.11811919E-03
 0.00000000E+00  0.31644962E-04
 0.00000000E+00  0.47879477E-04
 0.00000000E+00  0.62096294E-03
 0.00000000E+00  -.91512629E-04
 0.00000000E+00  -.47467519E-03
 0.00000000E+00  0.11813750E-03
 0.00000000E+00  0.25564757E-05
 0.00000000E+00  0.59445621E-04
 0.00000000E+00  -.94627238E-04
 0.00000000E+00  0.43113119E-03
 0.00000000E+00  0.48111175E-03
 0.00000000E+00  0.85511266E-05
 0.00000000E+00  -.36423661E-03
 0.00000000E+00  -.16132664E-04
 0.00000000E+00  0.28678545E-03
 0.00000000E+00  0.37504046E-04
 0.00000000E+00  0.21698280E-03
 0.00000000E+00  -.28492583E-04
 0.00000000E+00  0.26120430E-04
 0.00000000E+00  -.20333295E-03
 0.00000000E+00  0.59769444E-04
 0.00000000E+00  0.75868511E-04
 0.00000000E+00  0.58116650E-04
 0.00000000E+00  0.10492305E-04
 0.00000000E+00  -.32549214E-04
 0.00000000E+00  -.29872638E-04
 0.00000000E+00  -.13204427E-04
 0.00000000E+00  -.45249206E-04
 0.00000000E+00  0.21103058E-04
 0.00000000E+00  0.31535775E-04
 0.00000000E+00  0.13198873E-04
 0.00000000E+00  -.52523281E-04
 0.00000000E+00  0.15532826E-03
 0.00000000E+00  0.36757889E-04
 0.00000000E+00  0.12344306E-03
 0.00000000E+00  -.44827179E-03
 0.00000000E+00  -.43845077E-03
 0.00000000E+00  -.41561467E-03
 0.00000000E+00  -.43127439E-03
 0.00000000E+00  -.32486271E-03
 0.00000000E+00  -.21568442E-03
 0.00000000E+00  -.11161155E-03
 0.00000000E+00  -.83229201E-04
 0.00000000E+00  0.35886402E-04
 0.00000000E+00  0.11985071E-03
 0.00000000E+00  0.10418015E-03
 0.00000000E+00  0.10764976E-03
 0.00000000E+00  0.10131138E-03
 0.00000000E+00  0.93648136E-04
 0.00000000E+00  0.76858288E-04
 0.00000000E+00  0.58133979E-04
 0.00000000E+00  0.42932572E-04
 0.00000000E+00  0.23887130E-04
 0.00000000E+00  0.89727657E-05
 0.00000000E+00  -.72604449E-05
 0.00000000E+00  -.21052265E-04
 0.00000000E+00  -.32240360E-04
 0.00000000E+00  -.40808609E-04
 0.00000000E+00  -.46850565E-04
 0.00000000E+00  -.50539278E-04
 0.00000000E+00  -.52102334E-04
 0.00000000E+00  -.51801526E-04
 0.00000000E+00  -.52480725E-04
 0.00000000E+00  -.49465637E-04
 0.00000000E+00  -.45346234E-04
 0.00000000E+00  -.43310172E-04
 0.00000000E+00  -.37744309E-04
 0.00000000E+00  -.31773717E-04
 0.00000000E+00  -.28352226E-04
 0.00000000E+00  -.22007359E-04
 0.00000000E+00  -.15792264E-04
 0.00000000E+00  -.12042857E-04
 0.00000000E+00  -.62201681E-05
 0.00000000E+00  -.87015443E-06
 0.00000000E+00  0.39309290E-05
 0.00000000E+00  0.69902215E-05
 0.00000000E+00  0.10852780E-04
 0.00000000E+00  0.14056218E-04
 0.00000000E+00  0.16598684E-04
 0.00000000E+00  0.18397971E-04
 0.00000000E+00  0.19911669E-04
 0.00000000E+00  0.20814521E-04
 0.00000000E+00  0.21675512E-04
 0.00000000E+00  0.21664487E-04
 0.00000000E+00  0.21161046E-04
 0.00000000E+00  0.21194660E-04
 0.00000000E+00  0.19977792E-04
 0.00000000E+00  0.18420379E-04
 0.00000000E+00  0.17803528E-04
 0.00000000E+00  0.15767669E-04
 0.00000000E+00  0.14852838E-04
 0.00000000E+00  0.12479960E-04
 0.00000000E+00  0.10014994E-04
