Mu-Hu               
 0.15000000E+06  0.85413406E+06
 0.14925000E+06  0.85410732E+06
 0.14850000E+06  0.85408041E+06
 0.14775000E+06  0.85405332E+06
 0.14700000E+06  0.85402605E+06
 0.14625000E+06  0.85399861E+06
 0.14550000E+06  0.85397098E+06
 0.14475000E+06  0.85394317E+06
 0.14400000E+06  0.85391517E+06
 0.14325000E+06  0.85388699E+06
 0.14250000E+06  0.85385863E+06
 0.14175000E+06  0.85383007E+06
 0.14100000E+06  0.85380132E+06
 0.14025000E+06  0.85377238E+06
 0.13950000E+06  0.85374325E+06
 0.13875000E+06  0.85371392E+06
 0.13800000E+06  0.85368439E+06
 0.13725000E+06  0.85365467E+06
 0.13650000E+06  0.85362474E+06
 0.13575000E+06  0.85359462E+06
 0.13500000E+06  0.85356428E+06
 0.13425000E+06  0.85353375E+06
 0.13350000E+06  0.85350300E+06
 0.13275000E+06  0.85347205E+06
 0.13200000E+06  0.85344088E+06
 0.13125000E+06  0.85340950E+06
 0.13050000E+06  0.85337791E+06
 0.12975000E+06  0.85334610E+06
 0.12900000E+06  0.85331407E+06
 0.12825000E+06  0.85328182E+06
 0.12750000E+06  0.85324934E+06
 0.12675000E+06  0.85321665E+06
 0.12600000E+06  0.85318372E+06
 0.12525000E+06  0.85315057E+06
 0.12450000E+06  0.85311718E+06
 0.12375000E+06  0.85308357E+06
 0.12300000E+06  0.85304972E+06
 0.12225000E+06  0.85301563E+06
 0.12150000E+06  0.85298130E+06
 0.12075000E+06  0.85294673E+06
 0.12000000E+06  0.85291192E+06
 0.11925000E+06  0.85287686E+06
 0.11850000E+06  0.85284156E+06
 0.11775000E+06  0.85280600E+06
 0.11700000E+06  0.85277019E+06
 0.11625000E+06  0.85273413E+06
 0.11550000E+06  0.85269781E+06
 0.11475000E+06  0.85266123E+06
 0.11400000E+06  0.85262439E+06
 0.11325000E+06  0.85258729E+06
 0.11250000E+06  0.85254992E+06
 0.11175000E+06  0.85251228E+06
 0.11100000E+06  0.85247436E+06
 0.11025000E+06  0.85243618E+06
 0.10950000E+06  0.85239772E+06
 0.10875000E+06  0.85235897E+06
 0.10800000E+06  0.85231995E+06
 0.10725000E+06  0.85228064E+06
 0.10650000E+06  0.85224105E+06
 0.10575000E+06  0.85220116E+06
 0.10500000E+06  0.85216099E+06
 0.10425000E+06  0.85212051E+06
 0.10350000E+06  0.85207974E+06
 0.10275000E+06  0.85203867E+06
 0.10200000E+06  0.85199730E+06
 0.10125000E+06  0.85195562E+06
 0.10050000E+06  0.85191363E+06
 0.99750000E+05  0.85187132E+06
 0.99000000E+05  0.85182871E+06
 0.98250000E+05  0.85178577E+06
 0.97500000E+05  0.85174251E+06
 0.96750000E+05  0.85169893E+06
 0.96000000E+05  0.85165502E+06
 0.95250000E+05  0.85161077E+06
 0.94500000E+05  0.85156620E+06
 0.93750000E+05  0.85152128E+06
 0.93000000E+05  0.85147603E+06
 0.92250000E+05  0.85143043E+06
 0.91500000E+05  0.85138449E+06
 0.90750000E+05  0.85133819E+06
 0.90000000E+05  0.85129154E+06
 0.89250000E+05  0.85124453E+06
 0.88500000E+05  0.85119716E+06
 0.87750000E+05  0.85114943E+06
 0.87000000E+05  0.85110132E+06
 0.86250000E+05  0.85105285E+06
 0.85500000E+05  0.85100400E+06
 0.84750000E+05  0.85095476E+06
 0.84000000E+05  0.85090515E+06
 0.83250000E+05  0.85085515E+06
 0.82500000E+05  0.85080475E+06
 0.81750000E+05  0.85075397E+06
 0.81000000E+05  0.85070278E+06
 0.80250000E+05  0.85065119E+06
 0.79500000E+05  0.85059919E+06
 0.78750000E+05  0.85054678E+06
 0.78000000E+05  0.85049395E+06
 0.77250000E+05  0.85044071E+06
 0.76500000E+05  0.85038703E+06
 0.75750000E+05  0.85033294E+06
 0.75000000E+05  0.85027840E+06
 0.74250000E+05  0.85022343E+06
 0.73500000E+05  0.85016802E+06
 0.72750000E+05  0.85011216E+06
 0.72000000E+05  0.85005585E+06
 0.71250000E+05  0.84999908E+06
 0.70500000E+05  0.84994185E+06
 0.69750000E+05  0.84988416E+06
 0.69000000E+05  0.84982599E+06
 0.68250000E+05  0.84976735E+06
 0.67500000E+05  0.84970822E+06
 0.66750000E+05  0.84964862E+06
 0.66000000E+05  0.84958851E+06
 0.65250000E+05  0.84952792E+06
 0.64500000E+05  0.84946682E+06
 0.63750000E+05  0.84940521E+06
 0.63000000E+05  0.84934309E+06
 0.62250000E+05  0.84928045E+06
 0.61500000E+05  0.84921729E+06
 0.60750000E+05  0.84915359E+06
 0.60000000E+05  0.84908936E+06
 0.59250000E+05  0.84902459E+06
 0.58500000E+05  0.84895927E+06
 0.57750000E+05  0.84889340E+06
 0.57000000E+05  0.84882696E+06
 0.56250000E+05  0.84875996E+06
 0.55500000E+05  0.84869239E+06
 0.54750000E+05  0.84862424E+06
 0.54000000E+05  0.84855550E+06
 0.53250000E+05  0.84848617E+06
 0.52500000E+05  0.84841624E+06
 0.51750000E+05  0.84834570E+06
 0.51000000E+05  0.84827455E+06
 0.50250000E+05  0.84820278E+06
 0.49500000E+05  0.84813038E+06
 0.48750000E+05  0.84805735E+06
 0.48000000E+05  0.84798367E+06
 0.47250000E+05  0.84790935E+06
 0.46500000E+05  0.84783436E+06
 0.45750000E+05  0.84775871E+06
 0.45000000E+05  0.84768239E+06
 0.44250000E+05  0.84760538E+06
 0.43500000E+05  0.84752769E+06
 0.42750000E+05  0.84744929E+06
 0.42000000E+05  0.84737019E+06
 0.41250000E+05  0.84729038E+06
 0.40500000E+05  0.84720983E+06
 0.39750000E+05  0.84712855E+06
 0.39000000E+05  0.84704653E+06
 0.38250000E+05  0.84696376E+06
 0.37500000E+05  0.84688022E+06
 0.36750000E+05  0.84679591E+06
 0.36000000E+05  0.84671081E+06
 0.35250000E+05  0.84662492E+06
 0.34500000E+05  0.84653822E+06
 0.33750000E+05  0.84645071E+06
 0.33000000E+05  0.84636237E+06
 0.32250000E+05  0.84627318E+06
 0.31500000E+05  0.84618315E+06
 0.30750000E+05  0.84609224E+06
 0.30000000E+05  0.84600045E+06
 0.29250000E+05  0.84590777E+06
 0.28500000E+05  0.84581418E+06
 0.27750000E+05  0.84571966E+06
 0.27000000E+05  0.84562419E+06
 0.26250000E+05  0.84552776E+06
 0.25500000E+05  0.84543034E+06
 0.24750000E+05  0.84533192E+06
 0.24000000E+05  0.84523245E+06
 0.23250000E+05  0.84513193E+06
 0.22500000E+05  0.84503031E+06
 0.21750000E+05  0.84492754E+06
 0.21000000E+05  0.84482359E+06
 0.20250000E+05  0.84471840E+06
 0.19500000E+05  0.84461188E+06
 0.18750000E+05  0.84450394E+06
 0.18000000E+05  0.84439444E+06
 0.17250000E+05  0.84428320E+06
 0.16500000E+05  0.84416995E+06
 0.15750000E+05  0.84405427E+06
 0.15000000E+05  0.84393548E+06
 0.14250000E+05  0.84381242E+06
 0.13500000E+05  0.84368291E+06
 0.12750000E+05  0.84354242E+06
 0.12000000E+05  0.84338018E+06
 0.11250000E+05  0.84316448E+06
 0.10500000E+05  0.84276170E+06
 0.97500000E+04  0.84043239E+06
 0.90000000E+04  0.65925600E+05
 0.82500000E+04  0.56297418E+05
 0.75000000E+04  0.47618368E+05
 0.67500000E+04  0.39373485E+05
 0.60000000E+04  0.31394350E+05
 0.52500000E+04  0.23876458E+05
 0.45000000E+04  0.17134623E+05
 0.37500000E+04  0.11253705E+05
 0.30000000E+04  0.60999259E+04
 0.22500000E+04  0.14903051E+04
 0.15000000E+04  -.27292498E+04
 0.75000000E+03  -.66745929E+04
 0.00000000E+00  -.10432399E+05
 -.75000000E+03  -.14070130E+05
 -.15000000E+04  -.17643771E+05
 -.22500000E+04  -.21203686E+05
 -.30000000E+04  -.24799509E+05
 -.37500000E+04  -.28484946E+05
 -.45000000E+04  -.32323359E+05
 -.52500000E+04  -.36394953E+05
 -.60000000E+04  -.40805674E+05
 -.67500000E+04  -.45693419E+05
 -.75000000E+04  -.51208844E+05
 -.82500000E+04  -.57409212E+05
 -.90000000E+04  -.64072587E+05
 -.97500000E+04  -.70781000E+05
 -.10500000E+05  -.77306168E+05
 -.11250000E+05  -.83686618E+05
 -.12000000E+05  -.90071512E+05
 -.12750000E+05  -.96617411E+05
 -.13500000E+05  -.10342658E+06
 -.14250000E+05  -.11047199E+06
 -.15000000E+05  -.11755705E+06
 -.15750000E+05  -.12443098E+06
 -.16500000E+05  -.13096700E+06
 -.17250000E+05  -.13718873E+06
 -.18000000E+05  -.14319223E+06
 -.18750000E+05  -.14908535E+06
 -.19500000E+05  -.15496258E+06
 -.20250000E+05  -.16089525E+06
 -.21000000E+05  -.16692410E+06
 -.21750000E+05  -.17305062E+06
 -.22500000E+05  -.17923203E+06
 -.23250000E+05  -.18539115E+06
 -.24000000E+05  -.19144626E+06
 -.24750000E+05  -.19734512E+06
 -.25500000E+05  -.20308018E+06
 -.26250000E+05  -.20868243E+06
 -.27000000E+05  -.21420761E+06
 -.27750000E+05  -.21972556E+06
 -.28500000E+05  -.22531493E+06
 -.29250000E+05  -.23106137E+06
 -.30000000E+05  -.23705603E+06
 -.30750000E+05  -.24338952E+06
 -.31500000E+05  -.25013308E+06
 -.32250000E+05  -.25729521E+06
 -.33000000E+05  -.26475393E+06
 -.33750000E+05  -.27222708E+06
 -.34500000E+05  -.27939008E+06
 -.35250000E+05  -.28606106E+06
 -.36000000E+05  -.29223619E+06
 -.36750000E+05  -.29800376E+06
 -.37500000E+05  -.30347222E+06
 -.38250000E+05  -.30874130E+06
 -.39000000E+05  -.31389564E+06
 -.39750000E+05  -.31900471E+06
 -.40500000E+05  -.32412257E+06
 -.41250000E+05  -.32928493E+06
 -.42000000E+05  -.33450418E+06
 -.42750000E+05  -.33976569E+06
 -.43500000E+05  -.34503175E+06
 -.44250000E+05  -.35025594E+06
 -.45000000E+05  -.35540189E+06
 -.45750000E+05  -.36045557E+06
 -.46500000E+05  -.36542625E+06
 -.47250000E+05  -.37034012E+06
 -.48000000E+05  -.37523185E+06
 -.48750000E+05  -.38013644E+06
 -.49500000E+05  -.38508122E+06
 -.50250000E+05  -.39007764E+06
 -.51000000E+05  -.39511484E+06
 -.51750000E+05  -.40015999E+06
 -.52500000E+05  -.40516934E+06
 -.53250000E+05  -.41010602E+06
 -.54000000E+05  -.41495360E+06
 -.54750000E+05  -.41971875E+06
 -.55500000E+05  -.42442532E+06
 -.56250000E+05  -.42910501E+06
 -.57000000E+05  -.43378728E+06
 -.57750000E+05  -.43848819E+06
 -.58500000E+05  -.44319805E+06
 -.59250000E+05  -.44787291E+06
 -.60000000E+05  -.45243999E+06
 -.60750000E+05  -.45682156E+06
 -.61500000E+05  -.46096327E+06
 -.62250000E+05  -.46484638E+06
 -.63000000E+05  -.46848132E+06
 -.63750000E+05  -.47189442E+06
 -.64500000E+05  -.47511725E+06
 -.65250000E+05  -.47818073E+06
 -.66000000E+05  -.48111270E+06
 -.66750000E+05  -.48393734E+06
 -.67500000E+05  -.48667544E+06
 -.68250000E+05  -.48934492E+06
 -.69000000E+05  -.49196145E+06
 -.69750000E+05  -.49453897E+06
 -.70500000E+05  -.49709016E+06
 -.71250000E+05  -.49962692E+06
 -.72000000E+05  -.50216071E+06
 -.72750000E+05  -.50470292E+06
 -.73500000E+05  -.50726525E+06
 -.74250000E+05  -.50986007E+06
 -.75000000E+05  -.51250083E+06
 -.75750000E+05  -.51520256E+06
 -.76500000E+05  -.51798239E+06
 -.77250000E+05  -.52086022E+06
 -.78000000E+05  -.52385948E+06
 -.78750000E+05  -.52700789E+06
 -.79500000E+05  -.53033811E+06
 -.80250000E+05  -.53388780E+06
 -.81000000E+05  -.53769830E+06
 -.81750000E+05  -.54181025E+06
 -.82500000E+05  -.54625451E+06
 -.83250000E+05  -.55103809E+06
 -.84000000E+05  -.55613061E+06
 -.84750000E+05  -.56146320E+06
 -.85500000E+05  -.56694856E+06
 -.86250000E+05  -.57251276E+06
 -.87000000E+05  -.57811864E+06
 -.87750000E+05  -.58377234E+06
 -.88500000E+05  -.58952073E+06
 -.89250000E+05  -.59545233E+06
 -.90000000E+05  -.60171409E+06
 -.90750000E+05  -.60856919E+06
 -.91500000E+05  -.61661437E+06
 -.92250000E+05  -.62860961E+06
 -.93000000E+05  -.85147603E+06
 -.93750000E+05  -.85152128E+06
 -.94500000E+05  -.85156620E+06
 -.95250000E+05  -.85161077E+06
 -.96000000E+05  -.85165502E+06
 -.96750000E+05  -.85169893E+06
 -.97500000E+05  -.85174251E+06
 -.98250000E+05  -.85178577E+06
 -.99000000E+05  -.85182871E+06
 -.99750000E+05  -.85187132E+06
 -.10050000E+06  -.85191363E+06
 -.10125000E+06  -.85195562E+06
 -.10200000E+06  -.85199730E+06
 -.10275000E+06  -.85203867E+06
 -.10350000E+06  -.85207974E+06
 -.10425000E+06  -.85212051E+06
 -.10500000E+06  -.85216099E+06
 -.10575000E+06  -.85220116E+06
 -.10650000E+06  -.85224105E+06
 -.10725000E+06  -.85228064E+06
 -.10800000E+06  -.85231995E+06
 -.10875000E+06  -.85235897E+06
 -.10950000E+06  -.85239771E+06
 -.11025000E+06  -.85243618E+06
 -.11100000E+06  -.85247436E+06
 -.11175000E+06  -.85251227E+06
 -.11250000E+06  -.85254991E+06
 -.11325000E+06  -.85258729E+06
 -.11400000E+06  -.85262439E+06
 -.11475000E+06  -.85266123E+06
 -.11550000E+06  -.85269781E+06
 -.11625000E+06  -.85273413E+06
 -.11700000E+06  -.85277019E+06
 -.11775000E+06  -.85280600E+06
 -.11850000E+06  -.85284156E+06
 -.11925000E+06  -.85287686E+06
 -.12000000E+06  -.85291192E+06
 -.12075000E+06  -.85294673E+06
 -.12150000E+06  -.85298130E+06
 -.12225000E+06  -.85301563E+06
 -.12300000E+06  -.85304972E+06
 -.12375000E+06  -.85308357E+06
 -.12450000E+06  -.85311718E+06
 -.12525000E+06  -.85315057E+06
 -.12600000E+06  -.85318372E+06
 -.12675000E+06  -.85321665E+06
 -.12750000E+06  -.85324934E+06
 -.12825000E+06  -.85328182E+06
 -.12900000E+06  -.85331407E+06
 -.12975000E+06  -.85334610E+06
 -.13050000E+06  -.85337791E+06
 -.13125000E+06  -.85340950E+06
 -.13200000E+06  -.85344088E+06
 -.13275000E+06  -.85347205E+06
 -.13350000E+06  -.85350300E+06
 -.13425000E+06  -.85353375E+06
 -.13500000E+06  -.85356428E+06
 -.13575000E+06  -.85359462E+06
 -.13650000E+06  -.85362474E+06
 -.13725000E+06  -.85365467E+06
 -.13800000E+06  -.85368439E+06
 -.13875000E+06  -.85371392E+06
 -.13950000E+06  -.85374325E+06
 -.14025000E+06  -.85377238E+06
 -.14100000E+06  -.85380132E+06
 -.14175000E+06  -.85383007E+06
 -.14250000E+06  -.85385863E+06
 -.14325000E+06  -.85388699E+06
 -.14400000E+06  -.85391517E+06
 -.14475000E+06  -.85394317E+06
 -.14550000E+06  -.85397098E+06
 -.14625000E+06  -.85399861E+06
 -.14700000E+06  -.85402605E+06
 -.14775000E+06  -.85405332E+06
 -.14850000E+06  -.85408041E+06
 -.14925000E+06  -.85410732E+06
 -.15000000E+06  -.85413406E+06
Mv-Hv               
 0.00000000E+00  -.17589468E+03
 0.00000000E+00  -.17732262E+03
 0.00000000E+00  -.17876609E+03
 0.00000000E+00  -.18022676E+03
 0.00000000E+00  -.18170503E+03
 0.00000000E+00  -.18320113E+03
 0.00000000E+00  -.18471534E+03
 0.00000000E+00  -.18624791E+03
 0.00000000E+00  -.18779924E+03
 0.00000000E+00  -.18936959E+03
 0.00000000E+00  -.19095928E+03
 0.00000000E+00  -.19256862E+03
 0.00000000E+00  -.19419791E+03
 0.00000000E+00  -.19584756E+03
 0.00000000E+00  -.19751787E+03
 0.00000000E+00  -.19920919E+03
 0.00000000E+00  -.20092188E+03
 0.00000000E+00  -.20265629E+03
 0.00000000E+00  -.20441283E+03
 0.00000000E+00  -.20619186E+03
 0.00000000E+00  -.20799377E+03
 0.00000000E+00  -.20981896E+03
 0.00000000E+00  -.21166785E+03
 0.00000000E+00  -.21354085E+03
 0.00000000E+00  -.21543838E+03
 0.00000000E+00  -.21736089E+03
 0.00000000E+00  -.21930883E+03
 0.00000000E+00  -.22128264E+03
 0.00000000E+00  -.22328280E+03
 0.00000000E+00  -.22530979E+03
 0.00000000E+00  -.22736410E+03
 0.00000000E+00  -.22944621E+03
 0.00000000E+00  -.23155667E+03
 0.00000000E+00  -.23369599E+03
 0.00000000E+00  -.23586468E+03
 0.00000000E+00  -.23806335E+03
 0.00000000E+00  -.24029253E+03
 0.00000000E+00  -.24255277E+03
 0.00000000E+00  -.24484473E+03
 0.00000000E+00  -.24716898E+03
 0.00000000E+00  -.24952611E+03
 0.00000000E+00  -.25191683E+03
 0.00000000E+00  -.25434171E+03
 0.00000000E+00  -.25680153E+03
 0.00000000E+00  -.25929691E+03
 0.00000000E+00  -.26182851E+03
 0.00000000E+00  -.26439716E+03
 0.00000000E+00  -.26700349E+03
 0.00000000E+00  -.26964839E+03
 0.00000000E+00  -.27233250E+03
 0.00000000E+00  -.27505678E+03
 0.00000000E+00  -.27782188E+03
 0.00000000E+00  -.28062884E+03
 0.00000000E+00  -.28347842E+03
 0.00000000E+00  -.28637143E+03
 0.00000000E+00  -.28930898E+03
 0.00000000E+00  -.29229180E+03
 0.00000000E+00  -.29532109E+03
 0.00000000E+00  -.29839760E+03
 0.00000000E+00  -.30152260E+03
 0.00000000E+00  -.30469690E+03
 0.00000000E+00  -.30792184E+03
 0.00000000E+00  -.31119826E+03
 0.00000000E+00  -.31452743E+03
 0.00000000E+00  -.31791071E+03
 0.00000000E+00  -.32134898E+03
 0.00000000E+00  -.32484382E+03
 0.00000000E+00  -.32839620E+03
 0.00000000E+00  -.33200759E+03
 0.00000000E+00  -.33567953E+03
 0.00000000E+00  -.33941309E+03
 0.00000000E+00  -.34320989E+03
 0.00000000E+00  -.34707161E+03
 0.00000000E+00  -.35099942E+03
 0.00000000E+00  -.35499510E+03
 0.00000000E+00  -.35906046E+03
 0.00000000E+00  -.36319683E+03
 0.00000000E+00  -.36740615E+03
 0.00000000E+00  -.37169021E+03
 0.00000000E+00  -.37605088E+03
 0.00000000E+00  -.38049007E+03
 0.00000000E+00  -.38500978E+03
 0.00000000E+00  -.38961205E+03
 0.00000000E+00  -.39429889E+03
 0.00000000E+00  -.39907275E+03
 0.00000000E+00  -.40393575E+03
 0.00000000E+00  -.40889025E+03
 0.00000000E+00  -.41393873E+03
 0.00000000E+00  -.41908366E+03
 0.00000000E+00  -.42432753E+03
 0.00000000E+00  -.42967314E+03
 0.00000000E+00  -.43512315E+03
 0.00000000E+00  -.44068053E+03
 0.00000000E+00  -.44634831E+03
 0.00000000E+00  -.45212948E+03
 0.00000000E+00  -.45802731E+03
 0.00000000E+00  -.46404518E+03
 0.00000000E+00  -.47018653E+03
 0.00000000E+00  -.47645495E+03
 0.00000000E+00  -.48285418E+03
 0.00000000E+00  -.48938816E+03
 0.00000000E+00  -.49606083E+03
 0.00000000E+00  -.50287642E+03
 0.00000000E+00  -.50983930E+03
 0.00000000E+00  -.51695413E+03
 0.00000000E+00  -.52422540E+03
 0.00000000E+00  -.53165815E+03
 0.00000000E+00  -.53925750E+03
 0.00000000E+00  -.54702899E+03
 0.00000000E+00  -.55497781E+03
 0.00000000E+00  -.56310996E+03
 0.00000000E+00  -.57143149E+03
 0.00000000E+00  -.57994824E+03
 0.00000000E+00  -.58866754E+03
 0.00000000E+00  -.59759584E+03
 0.00000000E+00  -.60674080E+03
 0.00000000E+00  -.61610976E+03
 0.00000000E+00  -.62571061E+03
 0.00000000E+00  -.63555187E+03
 0.00000000E+00  -.64564174E+03
 0.00000000E+00  -.65598979E+03
 0.00000000E+00  -.66660506E+03
 0.00000000E+00  -.67749805E+03
 0.00000000E+00  -.68867874E+03
 0.00000000E+00  -.70015870E+03
 0.00000000E+00  -.71194925E+03
 0.00000000E+00  -.72406227E+03
 0.00000000E+00  -.73651121E+03
 0.00000000E+00  -.74930927E+03
 0.00000000E+00  -.76247036E+03
 0.00000000E+00  -.77601014E+03
 0.00000000E+00  -.78994413E+03
 0.00000000E+00  -.80428906E+03
 0.00000000E+00  -.81906296E+03
 0.00000000E+00  -.83428454E+03
 0.00000000E+00  -.84997393E+03
 0.00000000E+00  -.86615122E+03
 0.00000000E+00  -.88283754E+03
 0.00000000E+00  -.90005751E+03
 0.00000000E+00  -.91783635E+03
 0.00000000E+00  -.93620046E+03
 0.00000000E+00  -.95517720E+03
 0.00000000E+00  -.97479770E+03
 0.00000000E+00  -.99509404E+03
 0.00000000E+00  -.10161006E+04
 0.00000000E+00  -.10378536E+04
 0.00000000E+00  -.10603919E+04
 0.00000000E+00  -.10837578E+04
 0.00000000E+00  -.11079958E+04
 0.00000000E+00  -.11331534E+04
 0.00000000E+00  -.11592828E+04
 0.00000000E+00  -.11864388E+04
 0.00000000E+00  -.12146809E+04
 0.00000000E+00  -.12440728E+04
 0.00000000E+00  -.12746842E+04
 0.00000000E+00  -.13065903E+04
 0.00000000E+00  -.13398711E+04
 0.00000000E+00  -.13746133E+04
 0.00000000E+00  -.14109111E+04
 0.00000000E+00  -.14488669E+04
 0.00000000E+00  -.14885919E+04
 0.00000000E+00  -.15302064E+04
 0.00000000E+00  -.15738415E+04
 0.00000000E+00  -.16196397E+04
 0.00000000E+00  -.16677572E+04
 0.00000000E+00  -.17183718E+04
 0.00000000E+00  -.17716606E+04
 0.00000000E+00  -.18278237E+04
 0.00000000E+00  -.18870802E+04
 0.00000000E+00  -.19496668E+04
 0.00000000E+00  -.20158410E+04
 0.00000000E+00  -.20858788E+04
 0.00000000E+00  -.21600725E+04
 0.00000000E+00  -.22387283E+04
 0.00000000E+00  -.23221575E+04
 0.00000000E+00  -.24106625E+04
 0.00000000E+00  -.25045105E+04
 0.00000000E+00  -.26038872E+04
 0.00000000E+00  -.27088140E+04
 0.00000000E+00  -.28189980E+04
 0.00000000E+00  -.29335504E+04
 0.00000000E+00  -.30504360E+04
 0.00000000E+00  -.31653292E+04
 0.00000000E+00  -.32690235E+04
 0.00000000E+00  -.33408324E+04
 0.00000000E+00  -.33284498E+04
 0.00000000E+00  -.30642011E+04
 0.00000000E+00  -.13794764E+04
 0.00000000E+00  -.17101995E+04
 0.00000000E+00  0.72008532E+02
 0.00000000E+00  0.18337050E+04
 0.00000000E+00  0.35158671E+04
 0.00000000E+00  0.50844182E+04
 0.00000000E+00  0.64652968E+04
 0.00000000E+00  0.75836398E+04
 0.00000000E+00  0.84345102E+04
 0.00000000E+00  0.90650975E+04
 0.00000000E+00  0.95279820E+04
 0.00000000E+00  0.98631257E+04
 0.00000000E+00  0.10097385E+05
 0.00000000E+00  0.10247783E+05
 0.00000000E+00  0.10324285E+05
 0.00000000E+00  0.10331517E+05
 0.00000000E+00  0.10269589E+05
 0.00000000E+00  0.10134187E+05
 0.00000000E+00  0.99159498E+04
 0.00000000E+00  0.95990090E+04
 0.00000000E+00  0.91585013E+04
 0.00000000E+00  0.85571178E+04
 0.00000000E+00  0.77429714E+04
 0.00000000E+00  0.66602496E+04
 0.00000000E+00  0.53039140E+04
 0.00000000E+00  0.38145125E+04
 0.00000000E+00  0.24326826E+04
 0.00000000E+00  0.12968519E+04
 0.00000000E+00  0.40555191E+03
 0.00000000E+00  -.29807281E+03
 0.00000000E+00  -.87502280E+03
 0.00000000E+00  -.13707928E+04
 0.00000000E+00  -.17980730E+04
 0.00000000E+00  -.21243108E+04
 0.00000000E+00  -.22948404E+04
 0.00000000E+00  -.22774889E+04
 0.00000000E+00  -.20742930E+04
 0.00000000E+00  -.17058363E+04
 0.00000000E+00  -.11986214E+04
 0.00000000E+00  -.58158954E+03
 0.00000000E+00  0.11342708E+03
 0.00000000E+00  0.85229257E+03
 0.00000000E+00  0.16030336E+04
 0.00000000E+00  0.23432931E+04
 0.00000000E+00  0.30651328E+04
 0.00000000E+00  0.37717414E+04
 0.00000000E+00  0.44689482E+04
 0.00000000E+00  0.51595458E+04
 0.00000000E+00  0.58429634E+04
 0.00000000E+00  0.65171850E+04
 0.00000000E+00  0.71802996E+04
 0.00000000E+00  0.78313141E+04
 0.00000000E+00  0.84708256E+04
 0.00000000E+00  0.91021642E+04
 0.00000000E+00  0.97328995E+04
 0.00000000E+00  0.10374305E+05
 0.00000000E+00  0.11031551E+05
 0.00000000E+00  0.11677566E+05
 0.00000000E+00  0.12232638E+05
 0.00000000E+00  0.12602252E+05
 0.00000000E+00  0.12744922E+05
 0.00000000E+00  0.12680051E+05
 0.00000000E+00  0.12451475E+05
 0.00000000E+00  0.12101253E+05
 0.00000000E+00  0.11661656E+05
 0.00000000E+00  0.11155366E+05
 0.00000000E+00  0.10597711E+05
 0.00000000E+00  0.99990380E+04
 0.00000000E+00  0.93668445E+04
 0.00000000E+00  0.87077728E+04
 0.00000000E+00  0.80293155E+04
 0.00000000E+00  0.73405667E+04
 0.00000000E+00  0.66514032E+04
 0.00000000E+00  0.59704581E+04
 0.00000000E+00  0.53032507E+04
 0.00000000E+00  0.46515391E+04
 0.00000000E+00  0.40138809E+04
 0.00000000E+00  0.33868735E+04
 0.00000000E+00  0.27667467E+04
 0.00000000E+00  0.21512747E+04
 0.00000000E+00  0.15419854E+04
 0.00000000E+00  0.94607858E+03
 0.00000000E+00  0.37666626E+03
 0.00000000E+00  -.14982784E+03
 0.00000000E+00  -.61814480E+03
 0.00000000E+00  -.10176061E+04
 0.00000000E+00  -.13425762E+04
 0.00000000E+00  -.15906473E+04
 0.00000000E+00  -.17602918E+04
 0.00000000E+00  -.18492550E+04
 0.00000000E+00  -.18544323E+04
 0.00000000E+00  -.17737902E+04
 0.00000000E+00  -.16102660E+04
 0.00000000E+00  -.13755542E+04
 0.00000000E+00  -.10898957E+04
 0.00000000E+00  -.77671138E+03
 0.00000000E+00  -.45618146E+03
 0.00000000E+00  -.14208016E+03
 0.00000000E+00  0.15793131E+03
 0.00000000E+00  0.44055805E+03
 0.00000000E+00  0.70514779E+03
 0.00000000E+00  0.95247173E+03
 0.00000000E+00  0.11839807E+04
 0.00000000E+00  0.14013894E+04
 0.00000000E+00  0.16064578E+04
 0.00000000E+00  0.18008876E+04
 0.00000000E+00  0.19862762E+04
 0.00000000E+00  0.21641055E+04
 0.00000000E+00  0.23357462E+04
 0.00000000E+00  0.25024692E+04
 0.00000000E+00  0.26654595E+04
 0.00000000E+00  0.28258287E+04
 0.00000000E+00  0.29846269E+04
 0.00000000E+00  0.31428456E+04
 0.00000000E+00  0.33014143E+04
 0.00000000E+00  0.34611794E+04
 0.00000000E+00  0.36228580E+04
 0.00000000E+00  0.37869481E+04
 0.00000000E+00  0.39535685E+04
 0.00000000E+00  0.41221867E+04
 0.00000000E+00  0.42911908E+04
 0.00000000E+00  0.44572886E+04
 0.00000000E+00  0.46148523E+04
 0.00000000E+00  0.47556982E+04
 0.00000000E+00  0.48703317E+04
 0.00000000E+00  0.49516209E+04
 0.00000000E+00  0.49997988E+04
 0.00000000E+00  0.50245423E+04
 0.00000000E+00  0.50409203E+04
 0.00000000E+00  0.50620444E+04
 0.00000000E+00  0.50939074E+04
 0.00000000E+00  0.51342415E+04
 0.00000000E+00  0.51735451E+04
 0.00000000E+00  0.51957613E+04
 0.00000000E+00  0.51759401E+04
 0.00000000E+00  0.50667070E+04
 0.00000000E+00  0.46813602E+04
 0.00000000E+00  0.36319859E+03
 0.00000000E+00  0.35906521E+03
 0.00000000E+00  0.35499973E+03
 0.00000000E+00  0.35100356E+03
 0.00000000E+00  0.34707527E+03
 0.00000000E+00  0.34321326E+03
 0.00000000E+00  0.33941617E+03
 0.00000000E+00  0.33568215E+03
 0.00000000E+00  0.33200993E+03
 0.00000000E+00  0.32839827E+03
 0.00000000E+00  0.32484547E+03
 0.00000000E+00  0.32135054E+03
 0.00000000E+00  0.31791187E+03
 0.00000000E+00  0.31452836E+03
 0.00000000E+00  0.31119896E+03
 0.00000000E+00  0.30792219E+03
 0.00000000E+00  0.30469719E+03
 0.00000000E+00  0.30152257E+03
 0.00000000E+00  0.29839751E+03
 0.00000000E+00  0.29532070E+03
 0.00000000E+00  0.29229136E+03
 0.00000000E+00  0.28930827E+03
 0.00000000E+00  0.28637068E+03
 0.00000000E+00  0.28347743E+03
 0.00000000E+00  0.28062782E+03
 0.00000000E+00  0.27782074E+03
 0.00000000E+00  0.27505552E+03
 0.00000000E+00  0.27233121E+03
 0.00000000E+00  0.26964692E+03
 0.00000000E+00  0.26700200E+03
 0.00000000E+00  0.26439551E+03
 0.00000000E+00  0.26182684E+03
 0.00000000E+00  0.25929510E+03
 0.00000000E+00  0.25679971E+03
 0.00000000E+00  0.25433988E+03
 0.00000000E+00  0.25191489E+03
 0.00000000E+00  0.24952415E+03
 0.00000000E+00  0.24716693E+03
 0.00000000E+00  0.24484268E+03
 0.00000000E+00  0.24255071E+03
 0.00000000E+00  0.24029040E+03
 0.00000000E+00  0.23806122E+03
 0.00000000E+00  0.23586252E+03
 0.00000000E+00  0.23369380E+03
 0.00000000E+00  0.23155448E+03
 0.00000000E+00  0.22944400E+03
 0.00000000E+00  0.22736187E+03
 0.00000000E+00  0.22530756E+03
 0.00000000E+00  0.22328055E+03
 0.00000000E+00  0.22128038E+03
 0.00000000E+00  0.21930657E+03
 0.00000000E+00  0.21735862E+03
 0.00000000E+00  0.21543611E+03
 0.00000000E+00  0.21353857E+03
 0.00000000E+00  0.21166557E+03
 0.00000000E+00  0.20981668E+03
 0.00000000E+00  0.20799149E+03
 0.00000000E+00  0.20618958E+03
 0.00000000E+00  0.20441057E+03
 0.00000000E+00  0.20265406E+03
 0.00000000E+00  0.20091967E+03
 0.00000000E+00  0.19920699E+03
 0.00000000E+00  0.19751572E+03
 0.00000000E+00  0.19584547E+03
 0.00000000E+00  0.19419588E+03
 0.00000000E+00  0.19256662E+03
 0.00000000E+00  0.19095730E+03
 0.00000000E+00  0.18936769E+03
 0.00000000E+00  0.18779742E+03
 0.00000000E+00  0.18624617E+03
 0.00000000E+00  0.18471358E+03
 0.00000000E+00  0.18319946E+03
 0.00000000E+00  0.18170345E+03
 0.00000000E+00  0.18022527E+03
 0.00000000E+00  0.17876458E+03
 0.00000000E+00  0.17732120E+03
 0.00000000E+00  0.17589482E+03
Mw-Hw               
 0.00000000E+00  0.71795421E-03
 0.00000000E+00  -.28427557E-03
 0.00000000E+00  -.27358462E-03
 0.00000000E+00  -.27487781E-03
 0.00000000E+00  -.26321147E-03
 0.00000000E+00  -.24954942E-03
 0.00000000E+00  -.23385289E-03
 0.00000000E+00  -.23621450E-03
 0.00000000E+00  -.21883112E-03
 0.00000000E+00  -.19933029E-03
 0.00000000E+00  -.17768869E-03
 0.00000000E+00  -.15388996E-03
 0.00000000E+00  -.15748512E-03
 0.00000000E+00  -.13183021E-03
 0.00000000E+00  -.10400780E-03
 0.00000000E+00  -.74022224E-04
 0.00000000E+00  -.41898590E-04
 0.00000000E+00  -.46341871E-04
 0.00000000E+00  -.12315623E-04
 0.00000000E+00  0.23761867E-04
 0.00000000E+00  0.61849079E-04
 0.00000000E+00  0.57171407E-04
 0.00000000E+00  0.52870902E-04
 0.00000000E+00  0.92675788E-04
 0.00000000E+00  0.88582379E-04
 0.00000000E+00  0.13020554E-03
 0.00000000E+00  0.12639410E-03
 0.00000000E+00  0.12296098E-03
 0.00000000E+00  0.16633747E-03
 0.00000000E+00  0.16320660E-03
 0.00000000E+00  0.16045479E-03
 0.00000000E+00  0.20560333E-03
 0.00000000E+00  0.20320464E-03
 0.00000000E+00  0.20118958E-03
 0.00000000E+00  0.24809202E-03
 0.00000000E+00  0.24647804E-03
 0.00000000E+00  0.24525469E-03
 0.00000000E+00  0.29384836E-03
 0.00000000E+00  0.29306809E-03
 0.00000000E+00  0.29268632E-03
 0.00000000E+00  0.34285519E-03
 0.00000000E+00  0.34294884E-03
 0.00000000E+00  0.39437750E-03
 0.00000000E+00  0.39498718E-03
 0.00000000E+00  0.39600543E-03
 0.00000000E+00  0.44858169E-03
 0.00000000E+00  0.45009151E-03
 0.00000000E+00  0.50338400E-03
 0.00000000E+00  0.50539164E-03
 0.00000000E+00  0.55905758E-03
 0.00000000E+00  0.56152629E-03
 0.00000000E+00  0.61517228E-03
 0.00000000E+00  0.61804506E-03
 0.00000000E+00  0.62128434E-03
 0.00000000E+00  0.67442631E-03
 0.00000000E+00  0.67795477E-03
 0.00000000E+00  0.73004378E-03
 0.00000000E+00  0.73375739E-03
 0.00000000E+00  0.78421123E-03
 0.00000000E+00  0.78796552E-03
 0.00000000E+00  0.83613971E-03
 0.00000000E+00  0.83975761E-03
 0.00000000E+00  0.88494428E-03
 0.00000000E+00  0.92704682E-03
 0.00000000E+00  0.92966774E-03
 0.00000000E+00  0.96735034E-03
 0.00000000E+00  0.96918130E-03
 0.00000000E+00  0.10015951E-02
 0.00000000E+00  0.10290683E-02
 0.00000000E+00  0.10285866E-02
 0.00000000E+00  0.10491091E-02
 0.00000000E+00  0.10634093E-02
 0.00000000E+00  0.10595827E-02
 0.00000000E+00  0.10651888E-02
 0.00000000E+00  0.10632714E-02
 0.00000000E+00  0.10549295E-02
 0.00000000E+00  0.10425515E-02
 0.00000000E+00  0.10213847E-02
 0.00000000E+00  0.99087339E-03
 0.00000000E+00  0.95054409E-03
 0.00000000E+00  0.89996225E-03
 0.00000000E+00  0.83873897E-03
 0.00000000E+00  0.76653801E-03
 0.00000000E+00  0.62308834E-03
 0.00000000E+00  0.52015016E-03
 0.00000000E+00  0.40562445E-03
 0.00000000E+00  0.27951181E-03
 0.00000000E+00  0.23366209E-03
 0.00000000E+00  0.27275291E-03
 0.00000000E+00  0.22419465E-03
 0.00000000E+00  0.25766461E-03
 0.00000000E+00  0.20622398E-03
 0.00000000E+00  0.15235801E-03
 0.00000000E+00  0.18008438E-03
 0.00000000E+00  0.12321512E-03
 0.00000000E+00  -.23884501E-04
 0.00000000E+00  -.87751061E-04
 0.00000000E+00  -.15411816E-03
 0.00000000E+00  -.22306528E-03
 0.00000000E+00  -.29459744E-03
 0.00000000E+00  -.46943795E-03
 0.00000000E+00  -.54756189E-03
 0.00000000E+00  -.62803743E-03
 0.00000000E+00  -.71087841E-03
 0.00000000E+00  -.90530411E-03
 0.00000000E+00  -.99339841E-03
 0.00000000E+00  -.10832982E-02
 0.00000000E+00  -.11749108E-02
 0.00000000E+00  -.13818347E-02
 0.00000000E+00  -.14760403E-02
 0.00000000E+00  -.15709508E-02
 0.00000000E+00  -.16663061E-02
 0.00000000E+00  -.15406041E-02
 0.00000000E+00  -.15305643E-02
 0.00000000E+00  -.14204087E-02
 0.00000000E+00  -.14188855E-02
 0.00000000E+00  -.14202115E-02
 0.00000000E+00  -.14241773E-02
 0.00000000E+00  -.15252587E-02
 0.00000000E+00  -.15319052E-02
 0.00000000E+00  -.16320786E-02
 0.00000000E+00  -.16405688E-02
 0.00000000E+00  -.17383423E-02
 0.00000000E+00  -.17476601E-02
 0.00000000E+00  -.18411774E-02
 0.00000000E+00  -.19303745E-02
 0.00000000E+00  -.19370126E-02
 0.00000000E+00  -.20180158E-02
 0.00000000E+00  -.20918212E-02
 0.00000000E+00  -.20912277E-02
 0.00000000E+00  -.21516787E-02
 0.00000000E+00  -.22013226E-02
 0.00000000E+00  -.22386214E-02
 0.00000000E+00  -.23044331E-02
 0.00000000E+00  -.23660852E-02
 0.00000000E+00  -.23750935E-02
 0.00000000E+00  -.22065213E-02
 0.00000000E+00  -.19967943E-02
 0.00000000E+00  -.17282706E-02
 0.00000000E+00  -.13090523E-02
 0.00000000E+00  -.52302538E-03
 0.00000000E+00  0.70538985E-03
 0.00000000E+00  0.79820876E-03
 0.00000000E+00  0.90592664E-03
 0.00000000E+00  0.85451174E-03
 0.00000000E+00  0.99176757E-03
 0.00000000E+00  0.13074406E-02
 0.00000000E+00  0.14653156E-02
 0.00000000E+00  0.16342671E-02
 0.00000000E+00  0.19779229E-02
 0.00000000E+00  0.21632957E-02
 0.00000000E+00  0.23564016E-02
 0.00000000E+00  0.25553673E-02
 0.00000000E+00  0.29149390E-02
 0.00000000E+00  0.31141959E-02
 0.00000000E+00  0.30161322E-02
 0.00000000E+00  0.28084894E-02
 0.00000000E+00  0.26393066E-02
 0.00000000E+00  0.25006117E-02
 0.00000000E+00  0.23845751E-02
 0.00000000E+00  0.22830986E-02
 0.00000000E+00  0.22682311E-02
 0.00000000E+00  0.23819814E-02
 0.00000000E+00  0.26371983E-02
 0.00000000E+00  0.28553061E-02
 0.00000000E+00  0.19808273E-02
 0.00000000E+00  0.11126992E-02
 0.00000000E+00  0.43715113E-03
 0.00000000E+00  -.65096541E-04
 0.00000000E+00  -.28981910E-03
 0.00000000E+00  -.33982525E-03
 0.00000000E+00  -.34960385E-03
 0.00000000E+00  -.34348684E-03
 0.00000000E+00  -.34256085E-03
 0.00000000E+00  -.34480706E-03
 0.00000000E+00  -.34559517E-03
 0.00000000E+00  -.34426380E-03
 0.00000000E+00  -.34644000E-03
 0.00000000E+00  -.34457194E-03
 0.00000000E+00  -.34617125E-03
 0.00000000E+00  -.34589527E-03
 0.00000000E+00  -.34397947E-03
 0.00000000E+00  -.34343595E-03
 0.00000000E+00  -.34231237E-03
 0.00000000E+00  -.33935740E-03
 0.00000000E+00  -.33507515E-03
 0.00000000E+00  -.32552240E-03
 0.00000000E+00  -.26825350E-03
 0.00000000E+00  0.98305988E+04
 0.00000000E+00  0.97438777E+04
 0.00000000E+00  0.96509162E+04
 0.00000000E+00  0.95496246E+04
 0.00000000E+00  0.94338492E+04
 0.00000000E+00  0.93025000E+04
 0.00000000E+00  0.91652368E+04
 0.00000000E+00  0.90349075E+04
 0.00000000E+00  0.89191154E+04
 0.00000000E+00  0.88204023E+04
 0.00000000E+00  0.87389275E+04
 0.00000000E+00  0.86740791E+04
 0.00000000E+00  0.86251356E+04
 0.00000000E+00  0.85914984E+04
 0.00000000E+00  0.85727624E+04
 0.00000000E+00  0.85687310E+04
 0.00000000E+00  0.85794114E+04
 0.00000000E+00  0.86050002E+04
 0.00000000E+00  0.86458419E+04
 0.00000000E+00  0.87023165E+04
 0.00000000E+00  0.87745205E+04
 0.00000000E+00  0.88614166E+04
 0.00000000E+00  0.89588516E+04
 0.00000000E+00  0.90567594E+04
 0.00000000E+00  0.91412879E+04
 0.00000000E+00  0.92066912E+04
 0.00000000E+00  0.92592410E+04
 0.00000000E+00  0.93076059E+04
 0.00000000E+00  0.93569946E+04
 0.00000000E+00  0.94085832E+04
 0.00000000E+00  0.94598051E+04
 0.00000000E+00  0.95051836E+04
 0.00000000E+00  0.95396422E+04
 0.00000000E+00  0.95629546E+04
 0.00000000E+00  0.95795979E+04
 0.00000000E+00  0.95948056E+04
 0.00000000E+00  0.96121635E+04
 0.00000000E+00  0.96333772E+04
 0.00000000E+00  0.96586812E+04
 0.00000000E+00  0.96871858E+04
 0.00000000E+00  0.97171228E+04
 0.00000000E+00  0.97461595E+04
 0.00000000E+00  0.97719880E+04
 0.00000000E+00  0.97931894E+04
 0.00000000E+00  0.98099081E+04
 0.00000000E+00  0.98237580E+04
 0.00000000E+00  0.98370631E+04
 0.00000000E+00  0.98520795E+04
 0.00000000E+00  0.98705800E+04
 0.00000000E+00  0.98937400E+04
 0.00000000E+00  0.99221344E+04
 0.00000000E+00  0.99557033E+04
 0.00000000E+00  0.99936024E+04
 0.00000000E+00  0.10033892E+05
 0.00000000E+00  0.10073099E+05
 0.00000000E+00  0.10105988E+05
 0.00000000E+00  0.10126491E+05
 0.00000000E+00  0.10130838E+05
 0.00000000E+00  0.10120787E+05
 0.00000000E+00  0.10102343E+05
 0.00000000E+00  0.10081576E+05
 0.00000000E+00  0.10062511E+05
 0.00000000E+00  0.10047242E+05
 0.00000000E+00  0.10036591E+05
 0.00000000E+00  0.10030573E+05
 0.00000000E+00  0.10028635E+05
 0.00000000E+00  0.10029755E+05
 0.00000000E+00  0.10032511E+05
 0.00000000E+00  0.10035232E+05
 0.00000000E+00  0.10036329E+05
 0.00000000E+00  0.10034740E+05
 0.00000000E+00  0.10030285E+05
 0.00000000E+00  0.10023631E+05
 0.00000000E+00  0.10015907E+05
 0.00000000E+00  0.10008223E+05
 0.00000000E+00  0.10001332E+05
 0.00000000E+00  0.99954562E+04
 0.00000000E+00  0.99902365E+04
 0.00000000E+00  0.99847638E+04
 0.00000000E+00  0.99777340E+04
 0.00000000E+00  0.99677856E+04
 0.00000000E+00  0.99539888E+04
 0.00000000E+00  0.99362531E+04
 0.00000000E+00  0.99153418E+04
 0.00000000E+00  0.98924563E+04
 0.00000000E+00  0.98686794E+04
 0.00000000E+00  0.98445547E+04
 0.00000000E+00  0.98198646E+04
 0.00000000E+00  0.97935562E+04
 0.00000000E+00  0.97638155E+04
 0.00000000E+00  0.97284087E+04
 0.00000000E+00  0.96854375E+04
 0.00000000E+00  0.96343493E+04
 0.00000000E+00  0.95765226E+04
 0.00000000E+00  0.95148427E+04
 0.00000000E+00  0.94526280E+04
 0.00000000E+00  0.93927510E+04
 0.00000000E+00  0.93373126E+04
 0.00000000E+00  0.92876986E+04
 0.00000000E+00  0.92447656E+04
 0.00000000E+00  0.92090213E+04
 0.00000000E+00  0.91807590E+04
 0.00000000E+00  0.91601486E+04
 0.00000000E+00  0.91472943E+04
 0.00000000E+00  0.91422723E+04
 0.00000000E+00  0.91451541E+04
 0.00000000E+00  0.91560221E+04
 0.00000000E+00  0.91749799E+04
 0.00000000E+00  0.92021606E+04
 0.00000000E+00  0.92377322E+04
 0.00000000E+00  0.92819036E+04
 0.00000000E+00  0.93349294E+04
 0.00000000E+00  0.93971134E+04
 0.00000000E+00  0.94688128E+04
 0.00000000E+00  0.95504376E+04
 0.00000000E+00  0.96424471E+04
 0.00000000E+00  0.97453341E+04
 0.00000000E+00  0.98595919E+04
 0.00000000E+00  0.99856454E+04
 0.00000000E+00  0.10123725E+05
 0.00000000E+00  0.10273650E+05
 0.00000000E+00  0.10434502E+05
 0.00000000E+00  0.10604230E+05
 0.00000000E+00  0.10779386E+05
 0.00000000E+00  0.10955400E+05
 0.00000000E+00  0.11127696E+05
 0.00000000E+00  0.11293282E+05
 0.00000000E+00  0.11451780E+05
 0.00000000E+00  0.11605328E+05
 0.00000000E+00  0.11757806E+05
 0.00000000E+00  0.11914214E+05
 0.00000000E+00  0.12080676E+05
 0.00000000E+00  0.12265428E+05
 0.00000000E+00  0.12481858E+05
 0.00000000E+00  0.12759476E+05
 0.00000000E+00  0.13235335E+05
 0.00000000E+00  0.36555015E-03
 0.00000000E+00  -.10707661E-02
 0.00000000E+00  -.10801980E-02
 0.00000000E+00  -.10819139E-02
 0.00000000E+00  -.10758967E-02
 0.00000000E+00  -.10627747E-02
 0.00000000E+00  -.10648588E-02
 0.00000000E+00  -.10437815E-02
 0.00000000E+00  -.10168904E-02
 0.00000000E+00  -.10160241E-02
 0.00000000E+00  -.98291771E-03
 0.00000000E+00  -.98094166E-03
 0.00000000E+00  -.94251429E-03
 0.00000000E+00  -.90027637E-03
 0.00000000E+00  -.89685806E-03
 0.00000000E+00  -.85086407E-03
 0.00000000E+00  -.84710284E-03
 0.00000000E+00  -.79810563E-03
 0.00000000E+00  -.79421648E-03
 0.00000000E+00  -.74293411E-03
 0.00000000E+00  -.73909618E-03
 0.00000000E+00  -.68618191E-03
 0.00000000E+00  -.68254126E-03
 0.00000000E+00  -.62858465E-03
 0.00000000E+00  -.62525695E-03
 0.00000000E+00  -.57078584E-03
 0.00000000E+00  -.56785946E-03
 0.00000000E+00  -.56529915E-03
 0.00000000E+00  -.51086346E-03
 0.00000000E+00  -.50879110E-03
 0.00000000E+00  -.45475499E-03
 0.00000000E+00  -.45319376E-03
 0.00000000E+00  -.39990310E-03
 0.00000000E+00  -.39887162E-03
 0.00000000E+00  -.39820510E-03
 0.00000000E+00  -.34609893E-03
 0.00000000E+00  -.34598500E-03
 0.00000000E+00  -.29517141E-03
 0.00000000E+00  -.29557280E-03
 0.00000000E+00  -.29632067E-03
 0.00000000E+00  -.24712018E-03
 0.00000000E+00  -.24837994E-03
 0.00000000E+00  -.20082330E-03
 0.00000000E+00  -.20253367E-03
 0.00000000E+00  -.20456919E-03
 0.00000000E+00  -.15884284E-03
 0.00000000E+00  -.16131033E-03
 0.00000000E+00  -.16409487E-03
 0.00000000E+00  -.12022206E-03
 0.00000000E+00  -.12338581E-03
 0.00000000E+00  -.12686258E-03
 0.00000000E+00  -.84827987E-04
 0.00000000E+00  -.88629681E-04
 0.00000000E+00  -.92745561E-04
 0.00000000E+00  -.52502133E-04
 0.00000000E+00  -.56889678E-04
 0.00000000E+00  -.61598778E-04
 0.00000000E+00  -.23073598E-04
 0.00000000E+00  0.13380396E-04
 0.00000000E+00  0.47731979E-04
 0.00000000E+00  0.79932123E-04
 0.00000000E+00  0.75673834E-04
 0.00000000E+00  0.10597090E-03
 0.00000000E+00  0.13405589E-03
 0.00000000E+00  0.15993671E-03
 0.00000000E+00  0.18361195E-03
 0.00000000E+00  0.18030227E-03
 0.00000000E+00  0.20213712E-03
 0.00000000E+00  0.22179809E-03
 0.00000000E+00  0.23931948E-03
 0.00000000E+00  0.23691899E-03
 0.00000000E+00  0.25273157E-03
 0.00000000E+00  0.26648794E-03
 0.00000000E+00  0.27823561E-03
 0.00000000E+00  0.27691591E-03
 0.00000000E+00  0.28712721E-03
 0.00000000E+00  0.29545103E-03
