Mu-Hu               
 0.15000000E+06  0.85677935E+06
 0.14925000E+06  0.85676712E+06
 0.14850000E+06  0.85675484E+06
 0.14775000E+06  0.85674248E+06
 0.14700000E+06  0.85673005E+06
 0.14625000E+06  0.85671756E+06
 0.14550000E+06  0.85670499E+06
 0.14475000E+06  0.85669236E+06
 0.14400000E+06  0.85667966E+06
 0.14325000E+06  0.85666688E+06
 0.14250000E+06  0.85665403E+06
 0.14175000E+06  0.85664111E+06
 0.14100000E+06  0.85662812E+06
 0.14025000E+06  0.85661506E+06
 0.13950000E+06  0.85660192E+06
 0.13875000E+06  0.85658871E+06
 0.13800000E+06  0.85657542E+06
 0.13725000E+06  0.85656206E+06
 0.13650000E+06  0.85654862E+06
 0.13575000E+06  0.85653511E+06
 0.13500000E+06  0.85652152E+06
 0.13425000E+06  0.85650785E+06
 0.13350000E+06  0.85649410E+06
 0.13275000E+06  0.85648028E+06
 0.13200000E+06  0.85646637E+06
 0.13125000E+06  0.85645239E+06
 0.13050000E+06  0.85643833E+06
 0.12975000E+06  0.85642418E+06
 0.12900000E+06  0.85640995E+06
 0.12825000E+06  0.85639565E+06
 0.12750000E+06  0.85638125E+06
 0.12675000E+06  0.85636678E+06
 0.12600000E+06  0.85635222E+06
 0.12525000E+06  0.85633758E+06
 0.12450000E+06  0.85632285E+06
 0.12375000E+06  0.85630803E+06
 0.12300000E+06  0.85629313E+06
 0.12225000E+06  0.85627814E+06
 0.12150000E+06  0.85626307E+06
 0.12075000E+06  0.85624790E+06
 0.12000000E+06  0.85623265E+06
 0.11925000E+06  0.85621730E+06
 0.11850000E+06  0.85620187E+06
 0.11775000E+06  0.85618634E+06
 0.11700000E+06  0.85617073E+06
 0.11625000E+06  0.85615502E+06
 0.11550000E+06  0.85613921E+06
 0.11475000E+06  0.85612331E+06
 0.11400000E+06  0.85610732E+06
 0.11325000E+06  0.85609123E+06
 0.11250000E+06  0.85607505E+06
 0.11175000E+06  0.85605877E+06
 0.11100000E+06  0.85604239E+06
 0.11025000E+06  0.85602591E+06
 0.10950000E+06  0.85600933E+06
 0.10875000E+06  0.85599265E+06
 0.10800000E+06  0.85597588E+06
 0.10725000E+06  0.85595900E+06
 0.10650000E+06  0.85594201E+06
 0.10575000E+06  0.85592493E+06
 0.10500000E+06  0.85590774E+06
 0.10425000E+06  0.85589044E+06
 0.10350000E+06  0.85587304E+06
 0.10275000E+06  0.85585553E+06
 0.10200000E+06  0.85583792E+06
 0.10125000E+06  0.85582020E+06
 0.10050000E+06  0.85580237E+06
 0.99750000E+05  0.85578442E+06
 0.99000000E+05  0.85576637E+06
 0.98250000E+05  0.85574821E+06
 0.97500000E+05  0.85572993E+06
 0.96750000E+05  0.85571154E+06
 0.96000000E+05  0.85569303E+06
 0.95250000E+05  0.85567441E+06
 0.94500000E+05  0.85565568E+06
 0.93750000E+05  0.85563682E+06
 0.93000000E+05  0.85561785E+06
 0.92250000E+05  0.85559876E+06
 0.91500000E+05  0.85557955E+06
 0.90750000E+05  0.85556021E+06
 0.90000000E+05  0.85554076E+06
 0.89250000E+05  0.85552118E+06
 0.88500000E+05  0.85550148E+06
 0.87750000E+05  0.85548165E+06
 0.87000000E+05  0.85546170E+06
 0.86250000E+05  0.85544162E+06
 0.85500000E+05  0.85542141E+06
 0.84750000E+05  0.85540107E+06
 0.84000000E+05  0.85538061E+06
 0.83250000E+05  0.85536001E+06
 0.82500000E+05  0.85533927E+06
 0.81750000E+05  0.85531841E+06
 0.81000000E+05  0.85529741E+06
 0.80250000E+05  0.85527627E+06
 0.79500000E+05  0.85525500E+06
 0.78750000E+05  0.85523359E+06
 0.78000000E+05  0.85521204E+06
 0.77250000E+05  0.85519034E+06
 0.76500000E+05  0.85516851E+06
 0.75750000E+05  0.85514654E+06
 0.75000000E+05  0.85512442E+06
 0.74250000E+05  0.85510215E+06
 0.73500000E+05  0.85507974E+06
 0.72750000E+05  0.85505718E+06
 0.72000000E+05  0.85503447E+06
 0.71250000E+05  0.85501161E+06
 0.70500000E+05  0.85498860E+06
 0.69750000E+05  0.85496544E+06
 0.69000000E+05  0.85494212E+06
 0.68250000E+05  0.85491865E+06
 0.67500000E+05  0.85489502E+06
 0.66750000E+05  0.85487123E+06
 0.66000000E+05  0.85484728E+06
 0.65250000E+05  0.85482317E+06
 0.64500000E+05  0.85479890E+06
 0.63750000E+05  0.85477446E+06
 0.63000000E+05  0.85474986E+06
 0.62250000E+05  0.85472509E+06
 0.61500000E+05  0.85470016E+06
 0.60750000E+05  0.85467505E+06
 0.60000000E+05  0.85464977E+06
 0.59250000E+05  0.85462432E+06
 0.58500000E+05  0.85459870E+06
 0.57750000E+05  0.85457290E+06
 0.57000000E+05  0.85454692E+06
 0.56250000E+05  0.85452077E+06
 0.55500000E+05  0.85449443E+06
 0.54750000E+05  0.85446791E+06
 0.54000000E+05  0.85444120E+06
 0.53250000E+05  0.85441432E+06
 0.52500000E+05  0.85438724E+06
 0.51750000E+05  0.85435997E+06
 0.51000000E+05  0.85433252E+06
 0.50250000E+05  0.85430487E+06
 0.49500000E+05  0.85427702E+06
 0.48750000E+05  0.85424898E+06
 0.48000000E+05  0.85422075E+06
 0.47250000E+05  0.85419231E+06
 0.46500000E+05  0.85416367E+06
 0.45750000E+05  0.85413483E+06
 0.45000000E+05  0.85410578E+06
 0.44250000E+05  0.85407652E+06
 0.43500000E+05  0.85404706E+06
 0.42750000E+05  0.85401738E+06
 0.42000000E+05  0.85398749E+06
 0.41250000E+05  0.85395738E+06
 0.40500000E+05  0.85392706E+06
 0.39750000E+05  0.85389651E+06
 0.39000000E+05  0.85386575E+06
 0.38250000E+05  0.85383475E+06
 0.37500000E+05  0.85380354E+06
 0.36750000E+05  0.85377209E+06
 0.36000000E+05  0.85374041E+06
 0.35250000E+05  0.85370850E+06
 0.34500000E+05  0.85367635E+06
 0.33750000E+05  0.85364396E+06
 0.33000000E+05  0.85361133E+06
 0.32250000E+05  0.85357846E+06
 0.31500000E+05  0.85354534E+06
 0.30750000E+05  0.85351197E+06
 0.30000000E+05  0.85347835E+06
 0.29250000E+05  0.85344447E+06
 0.28500000E+05  0.85341034E+06
 0.27750000E+05  0.85337594E+06
 0.27000000E+05  0.85334128E+06
 0.26250000E+05  0.85330634E+06
 0.25500000E+05  0.85327114E+06
 0.24750000E+05  0.85323565E+06
 0.24000000E+05  0.85319988E+06
 0.23250000E+05  0.85316382E+06
 0.22500000E+05  0.85312745E+06
 0.21750000E+05  0.85309074E+06
 0.21000000E+05  0.85305358E+06
 0.20250000E+05  0.85301521E+06
 0.19500000E+05  0.85290902E+06
 0.18750000E+05  0.86123935E+05
 0.18000000E+05  0.82648552E+05
 0.17250000E+05  0.79185711E+05
 0.16500000E+05  0.75733868E+05
 0.15750000E+05  0.72291332E+05
 0.15000000E+05  0.68856305E+05
 0.14250000E+05  0.65426930E+05
 0.13500000E+05  0.62001322E+05
 0.12750000E+05  0.58577611E+05
 0.12000000E+05  0.55153967E+05
 0.11250000E+05  0.51728629E+05
 0.10500000E+05  0.48299918E+05
 0.97500000E+04  0.44866256E+05
 0.90000000E+04  0.41426166E+05
 0.82500000E+04  0.37978281E+05
 0.75000000E+04  0.34521334E+05
 0.67500000E+04  0.31054153E+05
 0.60000000E+04  0.27575652E+05
 0.52500000E+04  0.24084819E+05
 0.45000000E+04  0.20580702E+05
 0.37500000E+04  0.17062399E+05
 0.30000000E+04  0.13529053E+05
 0.22500000E+04  0.99798398E+04
 0.15000000E+04  0.64139756E+04
 0.75000000E+03  0.28307179E+04
 0.00000000E+00  -.77062159E+03
 -.75000000E+03  -.43906588E+04
 -.15000000E+04  -.80299158E+04
 -.22500000E+04  -.11688793E+05
 -.30000000E+04  -.15367537E+05
 -.37500000E+04  -.19066212E+05
 -.45000000E+04  -.22784662E+05
 -.52500000E+04  -.26522485E+05
 -.60000000E+04  -.30279010E+05
 -.67500000E+04  -.34053274E+05
 -.75000000E+04  -.37844019E+05
 -.82500000E+04  -.41649695E+05
 -.90000000E+04  -.45468469E+05
 -.97500000E+04  -.49298262E+05
 -.10500000E+05  -.53136773E+05
 -.11250000E+05  -.56981539E+05
 -.12000000E+05  -.60829975E+05
 -.12750000E+05  -.64679440E+05
 -.13500000E+05  -.68527285E+05
 -.14250000E+05  -.72370912E+05
 -.15000000E+05  -.76207819E+05
 -.15750000E+05  -.80035641E+05
 -.16500000E+05  -.83852183E+05
 -.17250000E+05  -.87655444E+05
 -.18000000E+05  -.91443633E+05
 -.18750000E+05  -.95215179E+05
 -.19500000E+05  -.98968734E+05
 -.20250000E+05  -.10270317E+06
 -.21000000E+05  -.10641757E+06
 -.21750000E+05  -.11011125E+06
 -.22500000E+05  -.11378370E+06
 -.23250000E+05  -.11743461E+06
 -.24000000E+05  -.12106386E+06
 -.24750000E+05  -.12467150E+06
 -.25500000E+05  -.12825774E+06
 -.26250000E+05  -.13182293E+06
 -.27000000E+05  -.13536758E+06
 -.27750000E+05  -.13889231E+06
 -.28500000E+05  -.14239786E+06
 -.29250000E+05  -.14588508E+06
 -.30000000E+05  -.14935490E+06
 -.30750000E+05  -.15280834E+06
 -.31500000E+05  -.15624647E+06
 -.32250000E+05  -.15967041E+06
 -.33000000E+05  -.16308131E+06
 -.33750000E+05  -.16648034E+06
 -.34500000E+05  -.16986865E+06
 -.35250000E+05  -.17324741E+06
 -.36000000E+05  -.17661773E+06
 -.36750000E+05  -.17998069E+06
 -.37500000E+05  -.18333729E+06
 -.38250000E+05  -.18668849E+06
 -.39000000E+05  -.19003515E+06
 -.39750000E+05  -.19337803E+06
 -.40500000E+05  -.19671780E+06
 -.41250000E+05  -.20005502E+06
 -.42000000E+05  -.20339013E+06
 -.42750000E+05  -.20672347E+06
 -.43500000E+05  -.21005525E+06
 -.44250000E+05  -.21338558E+06
 -.45000000E+05  -.21671443E+06
 -.45750000E+05  -.22004170E+06
 -.46500000E+05  -.22336716E+06
 -.47250000E+05  -.22669051E+06
 -.48000000E+05  -.23001136E+06
 -.48750000E+05  -.23332925E+06
 -.49500000E+05  -.23664363E+06
 -.50250000E+05  -.23995394E+06
 -.51000000E+05  -.24325956E+06
 -.51750000E+05  -.24655983E+06
 -.52500000E+05  -.24985409E+06
 -.53250000E+05  -.25314167E+06
 -.54000000E+05  -.25642190E+06
 -.54750000E+05  -.25969411E+06
 -.55500000E+05  -.26295768E+06
 -.56250000E+05  -.26621201E+06
 -.57000000E+05  -.26945655E+06
 -.57750000E+05  -.27269079E+06
 -.58500000E+05  -.27591430E+06
 -.59250000E+05  -.27912669E+06
 -.60000000E+05  -.28232768E+06
 -.60750000E+05  -.28551704E+06
 -.61500000E+05  -.28869464E+06
 -.62250000E+05  -.29186043E+06
 -.63000000E+05  -.29501443E+06
 -.63750000E+05  -.29815679E+06
 -.64500000E+05  -.30128768E+06
 -.65250000E+05  -.30440741E+06
 -.66000000E+05  -.30751634E+06
 -.66750000E+05  -.31061487E+06
 -.67500000E+05  -.31370351E+06
 -.68250000E+05  -.31678279E+06
 -.69000000E+05  -.31985329E+06
 -.69750000E+05  -.32291563E+06
 -.70500000E+05  -.32597044E+06
 -.71250000E+05  -.32901839E+06
 -.72000000E+05  -.33206013E+06
 -.72750000E+05  -.33509634E+06
 -.73500000E+05  -.33812767E+06
 -.74250000E+05  -.34115477E+06
 -.75000000E+05  -.34417826E+06
 -.75750000E+05  -.34719876E+06
 -.76500000E+05  -.35021686E+06
 -.77250000E+05  -.35323312E+06
 -.78000000E+05  -.35624810E+06
 -.78750000E+05  -.35926234E+06
 -.79500000E+05  -.36227636E+06
 -.80250000E+05  -.36529070E+06
 -.81000000E+05  -.36830588E+06
 -.81750000E+05  -.37132244E+06
 -.82500000E+05  -.37434096E+06
 -.83250000E+05  -.37736202E+06
 -.84000000E+05  -.38038628E+06
 -.84750000E+05  -.38341441E+06
 -.85500000E+05  -.38644718E+06
 -.86250000E+05  -.38948540E+06
 -.87000000E+05  -.39252998E+06
 -.87750000E+05  -.39558189E+06
 -.88500000E+05  -.39864222E+06
 -.89250000E+05  -.40171212E+06
 -.90000000E+05  -.40479287E+06
 -.90750000E+05  -.40788583E+06
 -.91500000E+05  -.41099248E+06
 -.92250000E+05  -.41411438E+06
 -.93000000E+05  -.41725322E+06
 -.93750000E+05  -.42041077E+06
 -.94500000E+05  -.42358893E+06
 -.95250000E+05  -.42678967E+06
 -.96000000E+05  -.43001510E+06
 -.96750000E+05  -.43326741E+06
 -.97500000E+05  -.43654891E+06
 -.98250000E+05  -.43986204E+06
 -.99000000E+05  -.44320935E+06
 -.99750000E+05  -.44659355E+06
 -.10050000E+06  -.45001750E+06
 -.10125000E+06  -.45348428E+06
 -.10200000E+06  -.45699719E+06
 -.10275000E+06  -.46055980E+06
 -.10350000E+06  -.46417606E+06
 -.10425000E+06  -.46785034E+06
 -.10500000E+06  -.47158757E+06
 -.10575000E+06  -.47539337E+06
 -.10650000E+06  -.47927420E+06
 -.10725000E+06  -.48323766E+06
 -.10800000E+06  -.48729275E+06
 -.10875000E+06  -.49145030E+06
 -.10950000E+06  -.49572356E+06
 -.11025000E+06  -.50012898E+06
 -.11100000E+06  -.50468741E+06
 -.11175000E+06  -.50942590E+06
 -.11250000E+06  -.51438056E+06
 -.11325000E+06  -.51960138E+06
 -.11400000E+06  -.52516107E+06
 -.11475000E+06  -.53117262E+06
 -.11550000E+06  -.53782964E+06
 -.11625000E+06  -.54552052E+06
 -.11700000E+06  -.55530884E+06
 -.11775000E+06  -.85618634E+06
 -.11850000E+06  -.85620187E+06
 -.11925000E+06  -.85621730E+06
 -.12000000E+06  -.85623265E+06
 -.12075000E+06  -.85624790E+06
 -.12150000E+06  -.85626307E+06
 -.12225000E+06  -.85627814E+06
 -.12300000E+06  -.85629313E+06
 -.12375000E+06  -.85630803E+06
 -.12450000E+06  -.85632285E+06
 -.12525000E+06  -.85633758E+06
 -.12600000E+06  -.85635222E+06
 -.12675000E+06  -.85636678E+06
 -.12750000E+06  -.85638125E+06
 -.12825000E+06  -.85639565E+06
 -.12900000E+06  -.85640995E+06
 -.12975000E+06  -.85642418E+06
 -.13050000E+06  -.85643833E+06
 -.13125000E+06  -.85645239E+06
 -.13200000E+06  -.85646637E+06
 -.13275000E+06  -.85648028E+06
 -.13350000E+06  -.85649410E+06
 -.13425000E+06  -.85650785E+06
 -.13500000E+06  -.85652152E+06
 -.13575000E+06  -.85653511E+06
 -.13650000E+06  -.85654862E+06
 -.13725000E+06  -.85656206E+06
 -.13800000E+06  -.85657542E+06
 -.13875000E+06  -.85658871E+06
 -.13950000E+06  -.85660192E+06
 -.14025000E+06  -.85661506E+06
 -.14100000E+06  -.85662812E+06
 -.14175000E+06  -.85664112E+06
 -.14250000E+06  -.85665403E+06
 -.14325000E+06  -.85666688E+06
 -.14400000E+06  -.85667966E+06
 -.14475000E+06  -.85669236E+06
 -.14550000E+06  -.85670499E+06
 -.14625000E+06  -.85671756E+06
 -.14700000E+06  -.85673005E+06
 -.14775000E+06  -.85674248E+06
 -.14850000E+06  -.85675484E+06
 -.14925000E+06  -.85676713E+06
 -.15000000E+06  -.85677935E+06
Mv-Hv               
 0.00000000E+00  -.19045451E+03
 0.00000000E+00  -.19178983E+03
 0.00000000E+00  -.19313277E+03
 0.00000000E+00  -.19449055E+03
 0.00000000E+00  -.19586339E+03
 0.00000000E+00  -.19725146E+03
 0.00000000E+00  -.19865511E+03
 0.00000000E+00  -.20007454E+03
 0.00000000E+00  -.20150991E+03
 0.00000000E+00  -.20296163E+03
 0.00000000E+00  -.20442989E+03
 0.00000000E+00  -.20591484E+03
 0.00000000E+00  -.20741697E+03
 0.00000000E+00  -.20893631E+03
 0.00000000E+00  -.21047342E+03
 0.00000000E+00  -.21202844E+03
 0.00000000E+00  -.21360151E+03
 0.00000000E+00  -.21519326E+03
 0.00000000E+00  -.21680382E+03
 0.00000000E+00  -.21843333E+03
 0.00000000E+00  -.22008248E+03
 0.00000000E+00  -.22175142E+03
 0.00000000E+00  -.22344025E+03
 0.00000000E+00  -.22514977E+03
 0.00000000E+00  -.22687984E+03
 0.00000000E+00  -.22863134E+03
 0.00000000E+00  -.23040438E+03
 0.00000000E+00  -.23219904E+03
 0.00000000E+00  -.23401629E+03
 0.00000000E+00  -.23585623E+03
 0.00000000E+00  -.23771892E+03
 0.00000000E+00  -.23960545E+03
 0.00000000E+00  -.24151591E+03
 0.00000000E+00  -.24345035E+03
 0.00000000E+00  -.24540995E+03
 0.00000000E+00  -.24739440E+03
 0.00000000E+00  -.24940496E+03
 0.00000000E+00  -.25144171E+03
 0.00000000E+00  -.25350514E+03
 0.00000000E+00  -.25559527E+03
 0.00000000E+00  -.25771354E+03
 0.00000000E+00  -.25986001E+03
 0.00000000E+00  -.26203471E+03
 0.00000000E+00  -.26423921E+03
 0.00000000E+00  -.26647356E+03
 0.00000000E+00  -.26873834E+03
 0.00000000E+00  -.27103414E+03
 0.00000000E+00  -.27336158E+03
 0.00000000E+00  -.27572183E+03
 0.00000000E+00  -.27811499E+03
 0.00000000E+00  -.28054169E+03
 0.00000000E+00  -.28300209E+03
 0.00000000E+00  -.28549795E+03
 0.00000000E+00  -.28802944E+03
 0.00000000E+00  -.29059730E+03
 0.00000000E+00  -.29320177E+03
 0.00000000E+00  -.29584464E+03
 0.00000000E+00  -.29852620E+03
 0.00000000E+00  -.30124675E+03
 0.00000000E+00  -.30400815E+03
 0.00000000E+00  -.30681075E+03
 0.00000000E+00  -.30965493E+03
 0.00000000E+00  -.31254263E+03
 0.00000000E+00  -.31547374E+03
 0.00000000E+00  -.31845028E+03
 0.00000000E+00  -.32147271E+03
 0.00000000E+00  -.32454155E+03
 0.00000000E+00  -.32765889E+03
 0.00000000E+00  -.33082475E+03
 0.00000000E+00  -.33404133E+03
 0.00000000E+00  -.33730869E+03
 0.00000000E+00  -.34062912E+03
 0.00000000E+00  -.34400328E+03
 0.00000000E+00  -.34743245E+03
 0.00000000E+00  -.35091738E+03
 0.00000000E+00  -.35446052E+03
 0.00000000E+00  -.35806268E+03
 0.00000000E+00  -.36172532E+03
 0.00000000E+00  -.36544989E+03
 0.00000000E+00  -.36923794E+03
 0.00000000E+00  -.37309104E+03
 0.00000000E+00  -.37701081E+03
 0.00000000E+00  -.38099894E+03
 0.00000000E+00  -.38505716E+03
 0.00000000E+00  -.38918784E+03
 0.00000000E+00  -.39339173E+03
 0.00000000E+00  -.39767130E+03
 0.00000000E+00  -.40202855E+03
 0.00000000E+00  -.40646554E+03
 0.00000000E+00  -.41098497E+03
 0.00000000E+00  -.41558794E+03
 0.00000000E+00  -.42027730E+03
 0.00000000E+00  -.42505598E+03
 0.00000000E+00  -.42992535E+03
 0.00000000E+00  -.43488906E+03
 0.00000000E+00  -.43994868E+03
 0.00000000E+00  -.44510751E+03
 0.00000000E+00  -.45036896E+03
 0.00000000E+00  -.45573491E+03
 0.00000000E+00  -.46120955E+03
 0.00000000E+00  -.46679554E+03
 0.00000000E+00  -.47249567E+03
 0.00000000E+00  -.47831453E+03
 0.00000000E+00  -.48425517E+03
 0.00000000E+00  -.49032082E+03
 0.00000000E+00  -.49651650E+03
 0.00000000E+00  -.50284576E+03
 0.00000000E+00  -.50931286E+03
 0.00000000E+00  -.51592224E+03
 0.00000000E+00  -.52267855E+03
 0.00000000E+00  -.52958663E+03
 0.00000000E+00  -.53665155E+03
 0.00000000E+00  -.54387860E+03
 0.00000000E+00  -.55127331E+03
 0.00000000E+00  -.55884145E+03
 0.00000000E+00  -.56658966E+03
 0.00000000E+00  -.57452314E+03
 0.00000000E+00  -.58264910E+03
 0.00000000E+00  -.59097507E+03
 0.00000000E+00  -.59950723E+03
 0.00000000E+00  -.60825437E+03
 0.00000000E+00  -.61722341E+03
 0.00000000E+00  -.62642395E+03
 0.00000000E+00  -.63586431E+03
 0.00000000E+00  -.64555329E+03
 0.00000000E+00  -.65550187E+03
 0.00000000E+00  -.66571987E+03
 0.00000000E+00  -.67621824E+03
 0.00000000E+00  -.68700852E+03
 0.00000000E+00  -.69810290E+03
 0.00000000E+00  -.70951427E+03
 0.00000000E+00  -.72125625E+03
 0.00000000E+00  -.73334386E+03
 0.00000000E+00  -.74579116E+03
 0.00000000E+00  -.75861495E+03
 0.00000000E+00  -.77183301E+03
 0.00000000E+00  -.78546236E+03
 0.00000000E+00  -.79952361E+03
 0.00000000E+00  -.81403615E+03
 0.00000000E+00  -.82902321E+03
 0.00000000E+00  -.84450758E+03
 0.00000000E+00  -.86051424E+03
 0.00000000E+00  -.87706926E+03
 0.00000000E+00  -.89420318E+03
 0.00000000E+00  -.91194459E+03
 0.00000000E+00  -.93032765E+03
 0.00000000E+00  -.94938688E+03
 0.00000000E+00  -.96916013E+03
 0.00000000E+00  -.98968815E+03
 0.00000000E+00  -.10110148E+04
 0.00000000E+00  -.10331883E+04
 0.00000000E+00  -.10562583E+04
 0.00000000E+00  -.10802818E+04
 0.00000000E+00  -.11053183E+04
 0.00000000E+00  -.11314332E+04
 0.00000000E+00  -.11586969E+04
 0.00000000E+00  -.11871883E+04
 0.00000000E+00  -.12169909E+04
 0.00000000E+00  -.12481982E+04
 0.00000000E+00  -.12809113E+04
 0.00000000E+00  -.13152436E+04
 0.00000000E+00  -.13513227E+04
 0.00000000E+00  -.13892803E+04
 0.00000000E+00  -.14292677E+04
 0.00000000E+00  -.14714522E+04
 0.00000000E+00  -.15160175E+04
 0.00000000E+00  -.15631864E+04
 0.00000000E+00  -.16132072E+04
 0.00000000E+00  -.16663007E+04
 0.00000000E+00  -.17228194E+04
 0.00000000E+00  -.17831066E+04
 0.00000000E+00  -.18476014E+04
 0.00000000E+00  -.19168974E+04
 0.00000000E+00  -.19921862E+04
 0.00000000E+00  -.20897069E+04
 0.00000000E+00  0.94268993E+03
 0.00000000E+00  0.10174726E+04
 0.00000000E+00  0.10928670E+04
 0.00000000E+00  0.11686425E+04
 0.00000000E+00  0.12445367E+04
 0.00000000E+00  0.13202739E+04
 0.00000000E+00  0.13955535E+04
 0.00000000E+00  0.14700409E+04
 0.00000000E+00  0.15433624E+04
 0.00000000E+00  0.16150962E+04
 0.00000000E+00  0.16847710E+04
 0.00000000E+00  0.17518612E+04
 0.00000000E+00  0.18157904E+04
 0.00000000E+00  0.18759309E+04
 0.00000000E+00  0.19316089E+04
 0.00000000E+00  0.19821125E+04
 0.00000000E+00  0.20267003E+04
 0.00000000E+00  0.20646112E+04
 0.00000000E+00  0.20950784E+04
 0.00000000E+00  0.21173429E+04
 0.00000000E+00  0.21306680E+04
 0.00000000E+00  0.21343548E+04
 0.00000000E+00  0.21277572E+04
 0.00000000E+00  0.21102968E+04
 0.00000000E+00  0.20814760E+04
 0.00000000E+00  0.20408908E+04
 0.00000000E+00  0.19882431E+04
 0.00000000E+00  0.19233486E+04
 0.00000000E+00  0.18461452E+04
 0.00000000E+00  0.17566986E+04
 0.00000000E+00  0.16552053E+04
 0.00000000E+00  0.15419939E+04
 0.00000000E+00  0.14175252E+04
 0.00000000E+00  0.12823898E+04
 0.00000000E+00  0.11373028E+04
 0.00000000E+00  0.98309853E+03
 0.00000000E+00  0.82072169E+03
 0.00000000E+00  0.65121820E+03
 0.00000000E+00  0.47572404E+03
 0.00000000E+00  0.29545265E+03
 0.00000000E+00  0.11168282E+03
 0.00000000E+00  -.74257408E+02
 0.00000000E+00  -.26100410E+03
 0.00000000E+00  -.44717454E+03
 0.00000000E+00  -.63138077E+03
 0.00000000E+00  -.81224808E+03
 0.00000000E+00  -.98842995E+03
 0.00000000E+00  -.11586244E+04
 0.00000000E+00  -.13215909E+04
 0.00000000E+00  -.14761655E+04
 0.00000000E+00  -.16212757E+04
 0.00000000E+00  -.17559544E+04
 0.00000000E+00  -.18793531E+04
 0.00000000E+00  -.19907528E+04
 0.00000000E+00  -.20895717E+04
 0.00000000E+00  -.21753723E+04
 0.00000000E+00  -.22478645E+04
 0.00000000E+00  -.23069067E+04
 0.00000000E+00  -.23525037E+04
 0.00000000E+00  -.23848029E+04
 0.00000000E+00  -.24040869E+04
 0.00000000E+00  -.24107651E+04
 0.00000000E+00  -.24053636E+04
 0.00000000E+00  -.23885136E+04
 0.00000000E+00  -.23609389E+04
 0.00000000E+00  -.23234446E+04
 0.00000000E+00  -.22769032E+04
 0.00000000E+00  -.22222437E+04
 0.00000000E+00  -.21604404E+04
 0.00000000E+00  -.20925009E+04
 0.00000000E+00  -.20194579E+04
 0.00000000E+00  -.19423595E+04
 0.00000000E+00  -.18622607E+04
 0.00000000E+00  -.17802175E+04
 0.00000000E+00  -.16972791E+04
 0.00000000E+00  -.16144822E+04
 0.00000000E+00  -.15328458E+04
 0.00000000E+00  -.14533655E+04
 0.00000000E+00  -.13770079E+04
 0.00000000E+00  -.13047061E+04
 0.00000000E+00  -.12373541E+04
 0.00000000E+00  -.11758015E+04
 0.00000000E+00  -.11208486E+04
 0.00000000E+00  -.10732401E+04
 0.00000000E+00  -.10336608E+04
 0.00000000E+00  -.10027288E+04
 0.00000000E+00  -.98099143E+03
 0.00000000E+00  -.96891996E+03
 0.00000000E+00  -.96690499E+03
 0.00000000E+00  -.97525148E+03
 0.00000000E+00  -.99417800E+03
 0.00000000E+00  -.10238111E+04
 0.00000000E+00  -.10641863E+04
 0.00000000E+00  -.11152474E+04
 0.00000000E+00  -.11768473E+04
 0.00000000E+00  -.12487494E+04
 0.00000000E+00  -.13306337E+04
 0.00000000E+00  -.14220991E+04
 0.00000000E+00  -.15226721E+04
 0.00000000E+00  -.16318121E+04
 0.00000000E+00  -.17489207E+04
 0.00000000E+00  -.18733510E+04
 0.00000000E+00  -.20044173E+04
 0.00000000E+00  -.21414054E+04
 0.00000000E+00  -.22835821E+04
 0.00000000E+00  -.24302061E+04
 0.00000000E+00  -.25805370E+04
 0.00000000E+00  -.27338443E+04
 0.00000000E+00  -.28894152E+04
 0.00000000E+00  -.30465611E+04
 0.00000000E+00  -.32046240E+04
 0.00000000E+00  -.33629799E+04
 0.00000000E+00  -.35210423E+04
 0.00000000E+00  -.36782637E+04
 0.00000000E+00  -.38341365E+04
 0.00000000E+00  -.39881921E+04
 0.00000000E+00  -.41399997E+04
 0.00000000E+00  -.42891638E+04
 0.00000000E+00  -.44353219E+04
 0.00000000E+00  -.45781405E+04
 0.00000000E+00  -.47173122E+04
 0.00000000E+00  -.48525518E+04
 0.00000000E+00  -.49835931E+04
 0.00000000E+00  -.51101856E+04
 0.00000000E+00  -.52320912E+04
 0.00000000E+00  -.53490822E+04
 0.00000000E+00  -.54609396E+04
 0.00000000E+00  -.55674510E+04
 0.00000000E+00  -.56684114E+04
 0.00000000E+00  -.57636219E+04
 0.00000000E+00  -.58528916E+04
 0.00000000E+00  -.59360379E+04
 0.00000000E+00  -.60128898E+04
 0.00000000E+00  -.60832887E+04
 0.00000000E+00  -.61470925E+04
 0.00000000E+00  -.62041780E+04
 0.00000000E+00  -.62544440E+04
 0.00000000E+00  -.62978145E+04
 0.00000000E+00  -.63342423E+04
 0.00000000E+00  -.63637102E+04
 0.00000000E+00  -.63862351E+04
 0.00000000E+00  -.64018686E+04
 0.00000000E+00  -.64106990E+04
 0.00000000E+00  -.64128529E+04
 0.00000000E+00  -.64084934E+04
 0.00000000E+00  -.63978221E+04
 0.00000000E+00  -.63810766E+04
 0.00000000E+00  -.63585290E+04
 0.00000000E+00  -.63304850E+04
 0.00000000E+00  -.62972795E+04
 0.00000000E+00  -.62592751E+04
 0.00000000E+00  -.62168567E+04
 0.00000000E+00  -.61704291E+04
 0.00000000E+00  -.61204106E+04
 0.00000000E+00  -.60672307E+04
 0.00000000E+00  -.60113227E+04
 0.00000000E+00  -.59531195E+04
 0.00000000E+00  -.58930492E+04
 0.00000000E+00  -.58315280E+04
 0.00000000E+00  -.57689570E+04
 0.00000000E+00  -.57057174E+04
 0.00000000E+00  -.56421660E+04
 0.00000000E+00  -.55786328E+04
 0.00000000E+00  -.55154195E+04
 0.00000000E+00  -.54527975E+04
 0.00000000E+00  -.53910109E+04
 0.00000000E+00  -.53302767E+04
 0.00000000E+00  -.52707911E+04
 0.00000000E+00  -.52127348E+04
 0.00000000E+00  -.51562807E+04
 0.00000000E+00  -.51016043E+04
 0.00000000E+00  -.50488942E+04
 0.00000000E+00  -.49983643E+04
 0.00000000E+00  -.49502673E+04
 0.00000000E+00  -.49049077E+04
 0.00000000E+00  -.48626554E+04
 0.00000000E+00  -.48239602E+04
 0.00000000E+00  -.47893601E+04
 0.00000000E+00  -.47594920E+04
 0.00000000E+00  -.47350887E+04
 0.00000000E+00  -.47169175E+04
 0.00000000E+00  -.47056040E+04
 0.00000000E+00  0.26423899E+03
 0.00000000E+00  0.26203495E+03
 0.00000000E+00  0.25985946E+03
 0.00000000E+00  0.25771277E+03
 0.00000000E+00  0.25559429E+03
 0.00000000E+00  0.25350304E+03
 0.00000000E+00  0.25143946E+03
 0.00000000E+00  0.24940256E+03
 0.00000000E+00  0.24739144E+03
 0.00000000E+00  0.24540647E+03
 0.00000000E+00  0.24344677E+03
 0.00000000E+00  0.24151150E+03
 0.00000000E+00  0.23960098E+03
 0.00000000E+00  0.23771439E+03
 0.00000000E+00  0.23585098E+03
 0.00000000E+00  0.23401101E+03
 0.00000000E+00  0.23219345E+03
 0.00000000E+00  0.23039849E+03
 0.00000000E+00  0.22862545E+03
 0.00000000E+00  0.22687370E+03
 0.00000000E+00  0.22514338E+03
 0.00000000E+00  0.22343389E+03
 0.00000000E+00  0.22174464E+03
 0.00000000E+00  0.22007573E+03
 0.00000000E+00  0.21842643E+03
 0.00000000E+00  0.21679677E+03
 0.00000000E+00  0.21518626E+03
 0.00000000E+00  0.21359440E+03
 0.00000000E+00  0.21202122E+03
 0.00000000E+00  0.21046626E+03
 0.00000000E+00  0.20892908E+03
 0.00000000E+00  0.20740967E+03
 0.00000000E+00  0.20590760E+03
 0.00000000E+00  0.20442250E+03
 0.00000000E+00  0.20295431E+03
 0.00000000E+00  0.20150265E+03
 0.00000000E+00  0.20006719E+03
 0.00000000E+00  0.19864783E+03
 0.00000000E+00  0.19724424E+03
 0.00000000E+00  0.19585611E+03
 0.00000000E+00  0.19448334E+03
 0.00000000E+00  0.19312562E+03
 0.00000000E+00  0.19178268E+03
 0.00000000E+00  0.19045438E+03
Mw-Hw               
 0.00000000E+00  0.45666788E-02
 0.00000000E+00  0.10638209E-02
 0.00000000E+00  0.10579087E-02
 0.00000000E+00  0.10486174E-02
 0.00000000E+00  0.10410003E-02
 0.00000000E+00  0.12441944E-02
 0.00000000E+00  0.12396732E-02
 0.00000000E+00  0.12374556E-02
 0.00000000E+00  0.14516868E-02
 0.00000000E+00  0.14529801E-02
 0.00000000E+00  0.14567000E-02
 0.00000000E+00  0.16821470E-02
 0.00000000E+00  0.16898044E-02
 0.00000000E+00  0.19238292E-02
 0.00000000E+00  0.19362244E-02
 0.00000000E+00  0.19512460E-02
 0.00000000E+00  0.21960414E-02
 0.00000000E+00  0.22157294E-02
 0.00000000E+00  0.22381498E-02
 0.00000000E+00  0.24932464E-02
 0.00000000E+00  0.25207152E-02
 0.00000000E+00  0.25510037E-02
 0.00000000E+00  0.28155943E-02
 0.00000000E+00  0.28512627E-02
 0.00000000E+00  0.31210527E-02
 0.00000000E+00  0.31625263E-02
 0.00000000E+00  0.32068524E-02
 0.00000000E+00  0.34832957E-02
 0.00000000E+00  0.35333370E-02
 0.00000000E+00  0.35861980E-02
 0.00000000E+00  0.38671277E-02
 0.00000000E+00  0.39257235E-02
 0.00000000E+00  0.39870362E-02
 0.00000000E+00  0.42696236E-02
 0.00000000E+00  0.43364979E-02
 0.00000000E+00  0.46152417E-02
 0.00000000E+00  0.46870334E-02
 0.00000000E+00  0.47610716E-02
 0.00000000E+00  0.48378329E-02
 0.00000000E+00  0.51120339E-02
 0.00000000E+00  0.51931851E-02
 0.00000000E+00  0.52761203E-02
 0.00000000E+00  0.55383601E-02
 0.00000000E+00  0.56245466E-02
 0.00000000E+00  0.57119203E-02
 0.00000000E+00  0.58013489E-02
 0.00000000E+00  0.58927349E-02
 0.00000000E+00  0.59859711E-02
 0.00000000E+00  0.59231518E-02
 0.00000000E+00  0.58546980E-02
 0.00000000E+00  0.57826329E-02
 0.00000000E+00  0.58938634E-02
 0.00000000E+00  0.58257402E-02
 0.00000000E+00  0.57545776E-02
 0.00000000E+00  0.56819850E-02
 0.00000000E+00  0.58134936E-02
 0.00000000E+00  0.57468994E-02
 0.00000000E+00  0.56793121E-02
 0.00000000E+00  0.58257056E-02
 0.00000000E+00  0.57653374E-02
 0.00000000E+00  0.57050977E-02
 0.00000000E+00  0.58668724E-02
 0.00000000E+00  0.58149528E-02
 0.00000000E+00  0.59858349E-02
 0.00000000E+00  0.59422944E-02
 0.00000000E+00  0.59002927E-02
 0.00000000E+00  0.60872307E-02
 0.00000000E+00  0.60551926E-02
 0.00000000E+00  0.62513932E-02
 0.00000000E+00  0.62293666E-02
 0.00000000E+00  0.64346870E-02
 0.00000000E+00  0.64232212E-02
 0.00000000E+00  0.64148244E-02
 0.00000000E+00  0.64104326E-02
 0.00000000E+00  0.66393963E-02
 0.00000000E+00  0.66473158E-02
 0.00000000E+00  0.66592896E-02
 0.00000000E+00  0.66761917E-02
 0.00000000E+00  0.66982902E-02
 0.00000000E+00  0.67258453E-02
 0.00000000E+00  0.67591067E-02
 0.00000000E+00  0.67983140E-02
 0.00000000E+00  0.68436959E-02
 0.00000000E+00  0.68954713E-02
 0.00000000E+00  0.67064629E-02
 0.00000000E+00  0.67705827E-02
 0.00000000E+00  0.68422630E-02
 0.00000000E+00  0.69213014E-02
 0.00000000E+00  0.70078653E-02
 0.00000000E+00  0.68462897E-02
 0.00000000E+00  0.69483412E-02
 0.00000000E+00  0.70588421E-02
 0.00000000E+00  0.69167757E-02
 0.00000000E+00  0.70444778E-02
 0.00000000E+00  0.69160761E-02
 0.00000000E+00  0.70623628E-02
 0.00000000E+00  0.72178845E-02
 0.00000000E+00  0.71156885E-02
 0.00000000E+00  0.72908455E-02
 0.00000000E+00  0.72067367E-02
 0.00000000E+00  0.71304665E-02
 0.00000000E+00  0.73379938E-02
 0.00000000E+00  0.72825738E-02
 0.00000000E+00  0.72366243E-02
 0.00000000E+00  0.74784803E-02
 0.00000000E+00  0.74555701E-02
 0.00000000E+00  0.74435134E-02
 0.00000000E+00  0.74429715E-02
 0.00000000E+00  0.74544160E-02
 0.00000000E+00  0.74782954E-02
 0.00000000E+00  0.75150354E-02
 0.00000000E+00  0.75650411E-02
 0.00000000E+00  0.76286964E-02
 0.00000000E+00  0.77063642E-02
 0.00000000E+00  0.77983845E-02
 0.00000000E+00  0.76189677E-02
 0.00000000E+00  0.77410560E-02
 0.00000000E+00  0.78786173E-02
 0.00000000E+00  0.77444513E-02
 0.00000000E+00  0.79146470E-02
 0.00000000E+00  0.78129910E-02
 0.00000000E+00  0.80173985E-02
 0.00000000E+00  0.79506279E-02
 0.00000000E+00  0.79016299E-02
 0.00000000E+00  0.81607173E-02
 0.00000000E+00  0.81498336E-02
 0.00000000E+00  0.81585309E-02
 0.00000000E+00  0.81874153E-02
 0.00000000E+00  0.82370257E-02
 0.00000000E+00  0.83078458E-02
 0.00000000E+00  0.84003001E-02
 0.00000000E+00  0.85147473E-02
 0.00000000E+00  0.83663170E-02
 0.00000000E+00  0.85272819E-02
 0.00000000E+00  0.87111265E-02
 0.00000000E+00  0.86365517E-02
 0.00000000E+00  0.88687787E-02
 0.00000000E+00  0.88459430E-02
 0.00000000E+00  0.91269503E-02
 0.00000000E+00  0.91571150E-02
 0.00000000E+00  0.92147509E-02
 0.00000000E+00  0.93001416E-02
 0.00000000E+00  0.96800263E-02
 0.00000000E+00  0.95543983E-02
 0.00000000E+00  0.97227188E-02
 0.00000000E+00  0.96591555E-02
 0.00000000E+00  0.96278676E-02
 0.00000000E+00  0.96292823E-02
 0.00000000E+00  0.96634685E-02
 0.00000000E+00  0.97301860E-02
 0.00000000E+00  0.95828295E-02
 0.00000000E+00  0.97170558E-02
 0.00000000E+00  0.96431213E-02
 0.00000000E+00  0.96068822E-02
 0.00000000E+00  0.96078207E-02
 0.00000000E+00  0.98704103E-02
 0.00000000E+00  0.99364184E-02
 0.00000000E+00  0.10245312E-01
 0.00000000E+00  0.10565729E-01
 0.00000000E+00  0.11077688E-01
 0.00000000E+00  0.11384132E-01
 0.00000000E+00  0.10660963E-01
 0.00000000E+00  0.99763363E-02
 0.00000000E+00  0.93448849E-02
 0.00000000E+00  0.91244572E-02
 0.00000000E+00  0.10214485E-01
 0.00000000E+00  0.97185538E-02
 0.00000000E+00  0.26302846E-02
 0.00000000E+00  -.61203014E-03
 0.00000000E+00  -.90308396E-04
 0.00000000E+00  -.18359844E-04
 0.00000000E+00  -.16267659E-04
 0.00000000E+00  -.15760773E-04
 0.00000000E+00  -.14978817E-04
 0.00000000E+00  -.10323394E-04
 0.00000000E+00  0.22351329E+05
 0.00000000E+00  0.22329771E+05
 0.00000000E+00  0.22311127E+05
 0.00000000E+00  0.22295463E+05
 0.00000000E+00  0.22282820E+05
 0.00000000E+00  0.22273218E+05
 0.00000000E+00  0.22266652E+05
 0.00000000E+00  0.22263096E+05
 0.00000000E+00  0.22262507E+05
 0.00000000E+00  0.22264821E+05
 0.00000000E+00  0.22269960E+05
 0.00000000E+00  0.22277832E+05
 0.00000000E+00  0.22288337E+05
 0.00000000E+00  0.22301365E+05
 0.00000000E+00  0.22316801E+05
 0.00000000E+00  0.22334527E+05
 0.00000000E+00  0.22354424E+05
 0.00000000E+00  0.22376373E+05
 0.00000000E+00  0.22400259E+05
 0.00000000E+00  0.22425965E+05
 0.00000000E+00  0.22453380E+05
 0.00000000E+00  0.22482394E+05
 0.00000000E+00  0.22512900E+05
 0.00000000E+00  0.22544791E+05
 0.00000000E+00  0.22577962E+05
 0.00000000E+00  0.22612304E+05
 0.00000000E+00  0.22647710E+05
 0.00000000E+00  0.22684067E+05
 0.00000000E+00  0.22721261E+05
 0.00000000E+00  0.22759172E+05
 0.00000000E+00  0.22797681E+05
 0.00000000E+00  0.22836661E+05
 0.00000000E+00  0.22875990E+05
 0.00000000E+00  0.22915543E+05
 0.00000000E+00  0.22955200E+05
 0.00000000E+00  0.22994844E+05
 0.00000000E+00  0.23034371E+05
 0.00000000E+00  0.23073682E+05
 0.00000000E+00  0.23112697E+05
 0.00000000E+00  0.23151348E+05
 0.00000000E+00  0.23189584E+05
 0.00000000E+00  0.23227371E+05
 0.00000000E+00  0.23264694E+05
 0.00000000E+00  0.23301555E+05
 0.00000000E+00  0.23337969E+05
 0.00000000E+00  0.23373967E+05
 0.00000000E+00  0.23409593E+05
 0.00000000E+00  0.23444899E+05
 0.00000000E+00  0.23479948E+05
 0.00000000E+00  0.23514805E+05
 0.00000000E+00  0.23549543E+05
 0.00000000E+00  0.23584237E+05
 0.00000000E+00  0.23618963E+05
 0.00000000E+00  0.23653798E+05
 0.00000000E+00  0.23688819E+05
 0.00000000E+00  0.23724104E+05
 0.00000000E+00  0.23759729E+05
 0.00000000E+00  0.23795769E+05
 0.00000000E+00  0.23832297E+05
 0.00000000E+00  0.23869385E+05
 0.00000000E+00  0.23907104E+05
 0.00000000E+00  0.23945519E+05
 0.00000000E+00  0.23984696E+05
 0.00000000E+00  0.24024696E+05
 0.00000000E+00  0.24065575E+05
 0.00000000E+00  0.24107387E+05
 0.00000000E+00  0.24150179E+05
 0.00000000E+00  0.24193992E+05
 0.00000000E+00  0.24238864E+05
 0.00000000E+00  0.24284823E+05
 0.00000000E+00  0.24331892E+05
 0.00000000E+00  0.24380087E+05
 0.00000000E+00  0.24429417E+05
 0.00000000E+00  0.24479882E+05
 0.00000000E+00  0.24531477E+05
 0.00000000E+00  0.24584188E+05
 0.00000000E+00  0.24637997E+05
 0.00000000E+00  0.24692878E+05
 0.00000000E+00  0.24748798E+05
 0.00000000E+00  0.24805723E+05
 0.00000000E+00  0.24863611E+05
 0.00000000E+00  0.24922420E+05
 0.00000000E+00  0.24982102E+05
 0.00000000E+00  0.25042610E+05
 0.00000000E+00  0.25103896E+05
 0.00000000E+00  0.25165912E+05
 0.00000000E+00  0.25228610E+05
 0.00000000E+00  0.25291945E+05
 0.00000000E+00  0.25355875E+05
 0.00000000E+00  0.25420360E+05
 0.00000000E+00  0.25485365E+05
 0.00000000E+00  0.25550860E+05
 0.00000000E+00  0.25616818E+05
 0.00000000E+00  0.25683218E+05
 0.00000000E+00  0.25750047E+05
 0.00000000E+00  0.25817295E+05
 0.00000000E+00  0.25884960E+05
 0.00000000E+00  0.25953046E+05
 0.00000000E+00  0.26021564E+05
 0.00000000E+00  0.26090532E+05
 0.00000000E+00  0.26159973E+05
 0.00000000E+00  0.26229919E+05
 0.00000000E+00  0.26300407E+05
 0.00000000E+00  0.26371481E+05
 0.00000000E+00  0.26443192E+05
 0.00000000E+00  0.26515594E+05
 0.00000000E+00  0.26588748E+05
 0.00000000E+00  0.26662719E+05
 0.00000000E+00  0.26737576E+05
 0.00000000E+00  0.26813389E+05
 0.00000000E+00  0.26890233E+05
 0.00000000E+00  0.26968181E+05
 0.00000000E+00  0.27047308E+05
 0.00000000E+00  0.27127688E+05
 0.00000000E+00  0.27209394E+05
 0.00000000E+00  0.27292495E+05
 0.00000000E+00  0.27377060E+05
 0.00000000E+00  0.27463153E+05
 0.00000000E+00  0.27550835E+05
 0.00000000E+00  0.27640162E+05
 0.00000000E+00  0.27731187E+05
 0.00000000E+00  0.27823960E+05
 0.00000000E+00  0.27918526E+05
 0.00000000E+00  0.28014928E+05
 0.00000000E+00  0.28113204E+05
 0.00000000E+00  0.28213392E+05
 0.00000000E+00  0.28315527E+05
 0.00000000E+00  0.28419645E+05
 0.00000000E+00  0.28525781E+05
 0.00000000E+00  0.28633971E+05
 0.00000000E+00  0.28744253E+05
 0.00000000E+00  0.28856668E+05
 0.00000000E+00  0.28971260E+05
 0.00000000E+00  0.29088078E+05
 0.00000000E+00  0.29207175E+05
 0.00000000E+00  0.29328609E+05
 0.00000000E+00  0.29452447E+05
 0.00000000E+00  0.29578757E+05
 0.00000000E+00  0.29707617E+05
 0.00000000E+00  0.29839108E+05
 0.00000000E+00  0.29973320E+05
 0.00000000E+00  0.30110347E+05
 0.00000000E+00  0.30250286E+05
 0.00000000E+00  0.30393241E+05
 0.00000000E+00  0.30539320E+05
 0.00000000E+00  0.30688634E+05
 0.00000000E+00  0.30841296E+05
 0.00000000E+00  0.30997424E+05
 0.00000000E+00  0.31157136E+05
 0.00000000E+00  0.31320553E+05
 0.00000000E+00  0.31487798E+05
 0.00000000E+00  0.31658995E+05
 0.00000000E+00  0.31834271E+05
 0.00000000E+00  0.32013756E+05
 0.00000000E+00  0.32197586E+05
 0.00000000E+00  0.32385901E+05
 0.00000000E+00  0.32578848E+05
 0.00000000E+00  0.32776586E+05
 0.00000000E+00  0.32979287E+05
 0.00000000E+00  0.33187142E+05
 0.00000000E+00  0.33400361E+05
 0.00000000E+00  0.33619186E+05
 0.00000000E+00  0.33843893E+05
 0.00000000E+00  0.34074802E+05
 0.00000000E+00  0.34312288E+05
 0.00000000E+00  0.34556793E+05
 0.00000000E+00  0.34808842E+05
 0.00000000E+00  0.35069061E+05
 0.00000000E+00  0.35338205E+05
 0.00000000E+00  0.35617186E+05
 0.00000000E+00  0.35907120E+05
 0.00000000E+00  0.36209383E+05
 0.00000000E+00  0.36525694E+05
 0.00000000E+00  0.36858243E+05
 0.00000000E+00  0.37209872E+05
 0.00000000E+00  0.37584373E+05
 0.00000000E+00  0.37986998E+05
 0.00000000E+00  0.38425362E+05
 0.00000000E+00  0.38911265E+05
 0.00000000E+00  0.39464845E+05
 0.00000000E+00  0.40126262E+05
 0.00000000E+00  0.41004700E+05
 0.00000000E+00  0.10514318E-03
 0.00000000E+00  -.54362516E-02
 0.00000000E+00  -.53425706E-02
 0.00000000E+00  -.52580917E-02
 0.00000000E+00  -.51762289E-02
 0.00000000E+00  -.48977216E-02
 0.00000000E+00  -.48189927E-02
 0.00000000E+00  -.47436938E-02
 0.00000000E+00  -.44588356E-02
 0.00000000E+00  -.43878531E-02
 0.00000000E+00  -.43201822E-02
 0.00000000E+00  -.40335172E-02
 0.00000000E+00  -.39709840E-02
 0.00000000E+00  -.39115772E-02
 0.00000000E+00  -.36267404E-02
 0.00000000E+00  -.35729907E-02
 0.00000000E+00  -.32897821E-02
 0.00000000E+00  -.32420671E-02
 0.00000000E+00  -.31970659E-02
 0.00000000E+00  -.29206253E-02
 0.00000000E+00  -.28817032E-02
 0.00000000E+00  -.28452436E-02
 0.00000000E+00  -.25772918E-02
 0.00000000E+00  -.25468576E-02
 0.00000000E+00  -.22855530E-02
 0.00000000E+00  -.22607719E-02
 0.00000000E+00  -.22380240E-02
 0.00000000E+00  -.19873937E-02
 0.00000000E+00  -.19703363E-02
 0.00000000E+00  -.19550924E-02
 0.00000000E+00  -.17156506E-02
 0.00000000E+00  -.17057665E-02
 0.00000000E+00  -.16974985E-02
 0.00000000E+00  -.14694683E-02
 0.00000000E+00  -.14661848E-02
 0.00000000E+00  -.14643436E-02
 0.00000000E+00  -.12477166E-02
 0.00000000E+00  -.12504595E-02
 0.00000000E+00  -.12544958E-02
 0.00000000E+00  -.10490817E-02
 0.00000000E+00  -.10572922E-02
 0.00000000E+00  -.10666715E-02
 0.00000000E+00  -.87214042E-03
 0.00000000E+00  -.88528664E-03
