Mu-Hu               
 0.26147000E+05  0.72927020E+06
 0.26059843E+05  0.72999574E+06
 0.25972687E+05  0.73071883E+06
 0.25885530E+05  0.73143948E+06
 0.25798373E+05  0.73215769E+06
 0.25711217E+05  0.73287345E+06
 0.25624060E+05  0.73358676E+06
 0.25536903E+05  0.73429762E+06
 0.25449747E+05  0.73500603E+06
 0.25362590E+05  0.73571198E+06
 0.25275433E+05  0.73641548E+06
 0.25188277E+05  0.73711652E+06
 0.25101120E+05  0.73781510E+06
 0.25013963E+05  0.73851123E+06
 0.24926807E+05  0.73920489E+06
 0.24839650E+05  0.73989609E+06
 0.24752493E+05  0.74058482E+06
 0.24665337E+05  0.74127109E+06
 0.24578180E+05  0.74195490E+06
 0.24491023E+05  0.74263623E+06
 0.24403867E+05  0.74331510E+06
 0.24316710E+05  0.74399150E+06
 0.24229553E+05  0.74466543E+06
 0.24142397E+05  0.74533688E+06
 0.24055240E+05  0.74600586E+06
 0.23968083E+05  0.74667237E+06
 0.23880927E+05  0.74733640E+06
 0.23793770E+05  0.74799796E+06
 0.23706613E+05  0.74865704E+06
 0.23619457E+05  0.74931364E+06
 0.23532300E+05  0.74996776E+06
 0.23445143E+05  0.75061941E+06
 0.23357987E+05  0.75126858E+06
 0.23270830E+05  0.75191526E+06
 0.23183673E+05  0.75255946E+06
 0.23096517E+05  0.75320119E+06
 0.23009360E+05  0.75384043E+06
 0.22922203E+05  0.75447718E+06
 0.22835047E+05  0.75511146E+06
 0.22747890E+05  0.75574325E+06
 0.22660733E+05  0.75637255E+06
 0.22573577E+05  0.75699937E+06
 0.22486420E+05  0.75762370E+06
 0.22399263E+05  0.75824555E+06
 0.22312107E+05  0.75886492E+06
 0.22224950E+05  0.75948179E+06
 0.22137793E+05  0.76009618E+06
 0.22050637E+05  0.76070808E+06
 0.21963480E+05  0.76131750E+06
 0.21876323E+05  0.76192443E+06
 0.21789167E+05  0.76252887E+06
 0.21702010E+05  0.76313082E+06
 0.21614853E+05  0.76373028E+06
 0.21527697E+05  0.76432725E+06
 0.21440540E+05  0.76492174E+06
 0.21353383E+05  0.76551373E+06
 0.21266227E+05  0.76610324E+06
 0.21179070E+05  0.76669026E+06
 0.21091913E+05  0.76727479E+06
 0.21004757E+05  0.76785683E+06
 0.20917600E+05  0.76843638E+06
 0.20830443E+05  0.76901344E+06
 0.20743287E+05  0.76958801E+06
 0.20656130E+05  0.77016010E+06
 0.20568973E+05  0.77072969E+06
 0.20481817E+05  0.77129679E+06
 0.20394660E+05  0.77186141E+06
 0.20307503E+05  0.77242353E+06
 0.20220347E+05  0.77298316E+06
 0.20133190E+05  0.77354031E+06
 0.20046033E+05  0.77409497E+06
 0.19958877E+05  0.77464713E+06
 0.19871720E+05  0.77519681E+06
 0.19784563E+05  0.77574400E+06
 0.19697407E+05  0.77628870E+06
 0.19610250E+05  0.77683091E+06
 0.19523093E+05  0.77737063E+06
 0.19435937E+05  0.77790787E+06
 0.19348780E+05  0.77844261E+06
 0.19261623E+05  0.77897487E+06
 0.19174467E+05  0.77950463E+06
 0.19087310E+05  0.78003191E+06
 0.19000153E+05  0.78055671E+06
 0.18912997E+05  0.78107901E+06
 0.18825840E+05  0.78159882E+06
 0.18738683E+05  0.78211615E+06
 0.18651527E+05  0.78263099E+06
 0.18564370E+05  0.78314334E+06
 0.18477213E+05  0.78365320E+06
 0.18390057E+05  0.78416058E+06
 0.18302900E+05  0.78466547E+06
 0.18215743E+05  0.78516787E+06
 0.18128587E+05  0.78566778E+06
 0.18041430E+05  0.78616521E+06
 0.17954273E+05  0.78666015E+06
 0.17867117E+05  0.78715260E+06
 0.17779960E+05  0.78764256E+06
 0.17692803E+05  0.78813004E+06
 0.17605647E+05  0.78861503E+06
 0.17518490E+05  0.78909753E+06
 0.17431333E+05  0.78957754E+06
 0.17344177E+05  0.79005507E+06
 0.17257020E+05  0.79053010E+06
 0.17169863E+05  0.79100265E+06
 0.17082707E+05  0.79147272E+06
 0.16995550E+05  0.79194029E+06
 0.16908393E+05  0.79240537E+06
 0.16821237E+05  0.79286797E+06
 0.16734080E+05  0.79332808E+06
 0.16646923E+05  0.79378569E+06
 0.16559767E+05  0.79424082E+06
 0.16472610E+05  0.79469346E+06
 0.16385453E+05  0.79514360E+06
 0.16298297E+05  0.79559126E+06
 0.16211140E+05  0.79603642E+06
 0.16123983E+05  0.79647909E+06
 0.16036827E+05  0.79691926E+06
 0.15949670E+05  0.79735694E+06
 0.15862513E+05  0.79779213E+06
 0.15775357E+05  0.79822482E+06
 0.15688200E+05  0.79865501E+06
 0.15601043E+05  0.79908271E+06
 0.15513887E+05  0.79950791E+06
 0.15426730E+05  0.79993060E+06
 0.15339573E+05  0.80035080E+06
 0.15252417E+05  0.80076849E+06
 0.15165260E+05  0.80118367E+06
 0.15078103E+05  0.80159635E+06
 0.14990947E+05  0.80200653E+06
 0.14903790E+05  0.80241419E+06
 0.14816633E+05  0.80281934E+06
 0.14729477E+05  0.80322197E+06
 0.14642320E+05  0.80362209E+06
 0.14555163E+05  0.80401968E+06
 0.14468007E+05  0.80441476E+06
 0.14380850E+05  0.80480731E+06
 0.14293693E+05  0.80519732E+06
 0.14206537E+05  0.80558481E+06
 0.14119380E+05  0.80596976E+06
 0.14032223E+05  0.80635217E+06
 0.13945067E+05  0.80673204E+06
 0.13857910E+05  0.80710935E+06
 0.13770753E+05  0.80748411E+06
 0.13683597E+05  0.80785631E+06
 0.13596440E+05  0.80822595E+06
 0.13509283E+05  0.80859301E+06
 0.13422127E+05  0.80895749E+06
 0.13334970E+05  0.80931938E+06
 0.13247813E+05  0.80967868E+06
 0.13160657E+05  0.81003538E+06
 0.13073500E+05  0.81038946E+06
 0.12986343E+05  0.81074091E+06
 0.12899187E+05  0.81108973E+06
 0.12812030E+05  0.81143590E+06
 0.12724873E+05  0.81177942E+06
 0.12637717E+05  0.81212025E+06
 0.12550560E+05  0.81245839E+06
 0.12463403E+05  0.81279383E+06
 0.12376247E+05  0.81312653E+06
 0.12289090E+05  0.81345649E+06
 0.12201933E+05  0.81378367E+06
 0.12114777E+05  0.81410805E+06
 0.12027620E+05  0.81442961E+06
 0.11940463E+05  0.81474831E+06
 0.11853307E+05  0.81506411E+06
 0.11766150E+05  0.81537699E+06
 0.11678993E+05  0.81568689E+06
 0.11591837E+05  0.81599376E+06
 0.11504680E+05  0.81629757E+06
 0.11417523E+05  0.81659823E+06
 0.11330367E+05  0.81689569E+06
 0.11243210E+05  0.81718986E+06
 0.11156053E+05  0.81748066E+06
 0.11068897E+05  0.81776798E+06
 0.10981740E+05  0.81805170E+06
 0.10894583E+05  0.81833170E+06
 0.10807427E+05  0.81860780E+06
 0.10720270E+05  0.81887982E+06
 0.10633113E+05  0.81914754E+06
 0.10545957E+05  0.81941069E+06
 0.10458800E+05  0.81966894E+06
 0.10371643E+05  0.81992188E+06
 0.10284487E+05  0.82016903E+06
 0.10197330E+05  0.82040973E+06
 0.10110173E+05  0.82064316E+06
 0.10023017E+05  0.82086820E+06
 0.99358600E+04  0.82108331E+06
 0.98487033E+04  0.82128627E+06
 0.97615467E+04  0.82147373E+06
 0.96743900E+04  0.82164034E+06
 0.95872333E+04  0.82177676E+06
 0.95000767E+04  0.82186495E+06
 0.94129200E+04  0.82186351E+06
 0.93257633E+04  0.82164298E+06
 0.92386067E+04  0.97035682E+05
 0.91514500E+04  0.96130599E+05
 0.90642933E+04  0.95228048E+05
 0.89771367E+04  0.94327965E+05
 0.88899800E+04  0.93430274E+05
 0.88028233E+04  0.92534877E+05
 0.87156667E+04  0.91641660E+05
 0.86285100E+04  0.90750495E+05
 0.85413533E+04  0.89861239E+05
 0.84541967E+04  0.88973737E+05
 0.83670400E+04  0.88087823E+05
 0.82798833E+04  0.87203322E+05
 0.81927267E+04  0.86320054E+05
 0.81055700E+04  0.85437831E+05
 0.80184133E+04  0.84556465E+05
 0.79312567E+04  0.83675766E+05
 0.78441000E+04  0.82795546E+05
 0.77569433E+04  0.81915621E+05
 0.76697867E+04  0.81035815E+05
 0.75826300E+04  0.80155958E+05
 0.74954733E+04  0.79275893E+05
 0.74083167E+04  0.78395478E+05
 0.73211600E+04  0.77514585E+05
 0.72340033E+04  0.76633106E+05
 0.71468467E+04  0.75750954E+05
 0.70596900E+04  0.74868065E+05
 0.69725333E+04  0.73984399E+05
 0.68853767E+04  0.73099944E+05
 0.67982200E+04  0.72214715E+05
 0.67110633E+04  0.71328755E+05
 0.66239067E+04  0.70442136E+05
 0.65367500E+04  0.69554958E+05
 0.64495933E+04  0.68667349E+05
 0.63624367E+04  0.67779460E+05
 0.62752800E+04  0.66891469E+05
 0.61881233E+04  0.66003569E+05
 0.61009667E+04  0.65115974E+05
 0.60138100E+04  0.64228907E+05
 0.59266533E+04  0.63342599E+05
 0.58394967E+04  0.62457286E+05
 0.57523400E+04  0.61573200E+05
 0.56651833E+04  0.60690565E+05
 0.55780267E+04  0.59809594E+05
 0.54908700E+04  0.58930483E+05
 0.54037133E+04  0.58053408E+05
 0.53165567E+04  0.57178519E+05
 0.52294000E+04  0.56305940E+05
 0.51422433E+04  0.55435764E+05
 0.50550867E+04  0.54568052E+05
 0.49679300E+04  0.53702832E+05
 0.48807733E+04  0.52840097E+05
 0.47936167E+04  0.51979807E+05
 0.47064600E+04  0.51121885E+05
 0.46193033E+04  0.50266224E+05
 0.45321467E+04  0.49412680E+05
 0.44449900E+04  0.48561080E+05
 0.43578333E+04  0.47711220E+05
 0.42706767E+04  0.46862865E+05
 0.41835200E+04  0.46015753E+05
 0.40963633E+04  0.45169597E+05
 0.40092067E+04  0.44324084E+05
 0.39220500E+04  0.43478876E+05
 0.38348933E+04  0.42633618E+05
 0.37477367E+04  0.41787930E+05
 0.36605800E+04  0.40941419E+05
 0.35734233E+04  0.40093671E+05
 0.34862667E+04  0.39244260E+05
 0.33991100E+04  0.38392747E+05
 0.33119533E+04  0.37538686E+05
 0.32247967E+04  0.36681619E+05
 0.31376400E+04  0.35821089E+05
 0.30504833E+04  0.34956635E+05
 0.29633267E+04  0.34087802E+05
 0.28761700E+04  0.33214141E+05
 0.27890133E+04  0.32335217E+05
 0.27018567E+04  0.31450614E+05
 0.26147000E+04  0.30559942E+05
 0.25275433E+04  0.29662840E+05
 0.24403867E+04  0.28758988E+05
 0.23532300E+04  0.27848112E+05
 0.22660733E+04  0.26929992E+05
 0.21789167E+04  0.26004467E+05
 0.20917600E+04  0.25071441E+05
 0.20046033E+04  0.24130892E+05
 0.19174467E+04  0.23182872E+05
 0.18302900E+04  0.22227512E+05
 0.17431333E+04  0.21265027E+05
 0.16559767E+04  0.20295708E+05
 0.15688200E+04  0.19319925E+05
 0.14816633E+04  0.18338124E+05
 0.13945067E+04  0.17350824E+05
 0.13073500E+04  0.16358626E+05
 0.12201933E+04  0.15362193E+05
 0.11330367E+04  0.14362256E+05
 0.10458800E+04  0.13359616E+05
 0.95872333E+03  0.12355141E+05
 0.87156667E+03  0.11349763E+05
 0.78441000E+03  0.10344472E+05
 0.69725333E+03  0.93403071E+04
 0.61009667E+03  0.83383119E+04
 0.52294000E+03  0.73395567E+04
 0.43578333E+03  0.63450785E+04
 0.34862667E+03  0.53558522E+04
 0.26147000E+03  0.43727567E+04
 0.17431333E+03  0.33965420E+04
 0.87156667E+02  0.24278032E+04
 0.00000000E+00  0.14669607E+04
 -.87156667E+02  0.51424911E+03
 -.17431333E+03  -.43028589E+03
 -.26147000E+03  -.13667866E+04
 -.34862667E+03  -.22955489E+04
 -.43578333E+03  -.32170507E+04
 -.52294000E+03  -.41319110E+04
 -.61009667E+03  -.50408801E+04
 -.69725333E+03  -.59448271E+04
 -.78441000E+03  -.68447289E+04
 -.87156667E+03  -.77416620E+04
 -.95872333E+03  -.86367974E+04
 -.10458800E+04  -.95313976E+04
 -.11330367E+04  -.10426817E+05
 -.12201933E+04  -.11324505E+05
 -.13073500E+04  -.12226007E+05
 -.13945067E+04  -.13132976E+05
 -.14816633E+04  -.14047172E+05
 -.15688200E+04  -.14970471E+05
 -.16559767E+04  -.15904864E+05
 -.17431333E+04  -.16852448E+05
 -.18302900E+04  -.17815411E+05
 -.19174467E+04  -.18795987E+05
 -.20046033E+04  -.19796379E+05
 -.20917600E+04  -.20818643E+05
 -.21789167E+04  -.21864500E+05
 -.22660733E+04  -.22935061E+05
 -.23532300E+04  -.24030475E+05
 -.24403867E+04  -.25149537E+05
 -.25275433E+04  -.26289322E+05
 -.26147000E+04  -.27445010E+05
 -.27018567E+04  -.28610008E+05
 -.27890133E+04  -.29776590E+05
 -.28761700E+04  -.30936797E+05
 -.29633267E+04  -.32083434E+05
 -.30504833E+04  -.33210913E+05
 -.31376400E+04  -.34315558E+05
 -.32247967E+04  -.35395625E+05
 -.33119533E+04  -.36451033E+05
 -.33991100E+04  -.37482943E+05
 -.34862667E+04  -.38493417E+05
 -.35734233E+04  -.39485098E+05
 -.36605800E+04  -.40460950E+05
 -.37477367E+04  -.41424058E+05
 -.38348933E+04  -.42377460E+05
 -.39220500E+04  -.43324034E+05
 -.40092067E+04  -.44266258E+05
 -.40963633E+04  -.45206111E+05
 -.41835200E+04  -.46144950E+05
 -.42706767E+04  -.47083502E+05
 -.43578333E+04  -.48021989E+05
 -.44449900E+04  -.48960397E+05
 -.45321467E+04  -.49898816E+05
 -.46193033E+04  -.50837792E+05
 -.47064600E+04  -.51778613E+05
 -.47936167E+04  -.52723547E+05
 -.48807733E+04  -.53676058E+05
 -.49679300E+04  -.54641099E+05
 -.50550867E+04  -.55625583E+05
 -.51422433E+04  -.56639197E+05
 -.52294000E+04  -.57695897E+05
 -.53165567E+04  -.58816755E+05
 -.54037133E+04  -.60035841E+05
 -.54908700E+04  -.61413752E+05
 -.55780267E+04  -.63073641E+05
 -.56651833E+04  -.65308974E+05
 -.57523400E+04  -.68635659E+05
 -.58394967E+04  -.71976316E+05
 -.59266533E+04  -.74316508E+05
 -.60138100E+04  -.76086246E+05
 -.61009667E+04  -.77541875E+05
 -.61881233E+04  -.78799581E+05
 -.62752800E+04  -.79919796E+05
 -.63624367E+04  -.80937903E+05
 -.64495933E+04  -.81876493E+05
 -.65367500E+04  -.82750968E+05
 -.66239067E+04  -.83572383E+05
 -.67110633E+04  -.84349047E+05
 -.67982200E+04  -.85087503E+05
 -.68853767E+04  -.85793247E+05
 -.69725333E+04  -.86471429E+05
 -.70596900E+04  -.87128062E+05
 -.71468467E+04  -.87773797E+05
 -.72340033E+04  -.88455808E+05
 -.73211600E+04  -.80479480E+05
 -.74083167E+04  -.81409091E+05
 -.74954733E+04  -.82335739E+05
 -.75826300E+04  -.83259780E+05
 -.76697867E+04  -.84181546E+05
 -.77569433E+04  -.85101361E+05
 -.78441000E+04  -.86019545E+05
 -.79312567E+04  -.86936401E+05
 -.80184133E+04  -.87852216E+05
 -.81055700E+04  -.88767260E+05
 -.81927267E+04  -.89681776E+05
 -.82798833E+04  -.90595985E+05
 -.83670400E+04  -.91510080E+05
 -.84541967E+04  -.92424225E+05
 -.85413533E+04  -.93338551E+05
 -.86285100E+04  -.94253159E+05
 -.87156667E+04  -.95168116E+05
 -.88028233E+04  -.96083455E+05
 -.88899800E+04  -.96999179E+05
 -.89771367E+04  -.97915254E+05
 -.90642933E+04  -.98831619E+05
 -.91514500E+04  -.99748179E+05
 -.92386067E+04  -.10066482E+06
 -.93257633E+04  -.10158139E+06
 -.94129200E+04  -.10249773E+06
 -.95000767E+04  -.10341365E+06
 -.95872333E+04  -.10432897E+06
 -.96743900E+04  -.10524348E+06
 -.97615467E+04  -.10615697E+06
 -.98487033E+04  -.10706924E+06
 -.99358600E+04  -.10798009E+06
 -.10023017E+05  -.10888934E+06
 -.10110173E+05  -.10979680E+06
 -.10197330E+05  -.11070232E+06
 -.10284487E+05  -.11160577E+06
 -.10371643E+05  -.11250702E+06
 -.10458800E+05  -.11340599E+06
 -.10545957E+05  -.11430260E+06
 -.10633113E+05  -.11519683E+06
 -.10720270E+05  -.11608865E+06
 -.10807427E+05  -.11697808E+06
 -.10894583E+05  -.11786515E+06
 -.10981740E+05  -.11874992E+06
 -.11068897E+05  -.11963247E+06
 -.11156053E+05  -.12051289E+06
 -.11243210E+05  -.12139131E+06
 -.11330367E+05  -.12226785E+06
 -.11417523E+05  -.12314266E+06
 -.11504680E+05  -.12401588E+06
 -.11591837E+05  -.12488770E+06
 -.11678993E+05  -.12575826E+06
 -.11766150E+05  -.12662775E+06
 -.11853307E+05  -.12749635E+06
 -.11940463E+05  -.12836423E+06
 -.12027620E+05  -.12923157E+06
 -.12114777E+05  -.13009853E+06
 -.12201933E+05  -.13096530E+06
 -.12289090E+05  -.13183202E+06
 -.12376247E+05  -.13269886E+06
 -.12463403E+05  -.13356596E+06
 -.12550560E+05  -.13443345E+06
 -.12637717E+05  -.13530146E+06
 -.12724873E+05  -.13617009E+06
 -.12812030E+05  -.13703946E+06
 -.12899187E+05  -.13790964E+06
 -.12986343E+05  -.13878070E+06
 -.13073500E+05  -.13965269E+06
 -.13160657E+05  -.14052566E+06
 -.13247813E+05  -.14139963E+06
 -.13334970E+05  -.14227460E+06
 -.13422127E+05  -.14315057E+06
 -.13509283E+05  -.14402752E+06
 -.13596440E+05  -.14490540E+06
 -.13683597E+05  -.14578418E+06
 -.13770753E+05  -.14666377E+06
 -.13857910E+05  -.14754412E+06
 -.13945067E+05  -.14842514E+06
 -.14032223E+05  -.14930673E+06
 -.14119380E+05  -.15018879E+06
 -.14206537E+05  -.15107121E+06
 -.14293693E+05  -.15195389E+06
 -.14380850E+05  -.15283672E+06
 -.14468007E+05  -.15371958E+06
 -.14555163E+05  -.15460236E+06
 -.14642320E+05  -.15548497E+06
 -.14729477E+05  -.15636729E+06
 -.14816633E+05  -.15724923E+06
 -.14903790E+05  -.15813071E+06
 -.14990947E+05  -.15901165E+06
 -.15078103E+05  -.15989197E+06
 -.15165260E+05  -.16077163E+06
 -.15252417E+05  -.16165057E+06
 -.15339573E+05  -.16252876E+06
 -.15426730E+05  -.16340617E+06
 -.15513887E+05  -.16428279E+06
 -.15601043E+05  -.16515861E+06
 -.15688200E+05  -.16603365E+06
 -.15775357E+05  -.16690791E+06
 -.15862513E+05  -.16778144E+06
 -.15949670E+05  -.16865425E+06
 -.16036827E+05  -.16952640E+06
 -.16123983E+05  -.17039793E+06
 -.16211140E+05  -.17126889E+06
 -.16298297E+05  -.17213935E+06
 -.16385453E+05  -.17300937E+06
 -.16472610E+05  -.17387901E+06
 -.16559767E+05  -.17474833E+06
 -.16646923E+05  -.17561742E+06
 -.16734080E+05  -.17648632E+06
 -.16821237E+05  -.17735512E+06
 -.16908393E+05  -.17822386E+06
 -.16995550E+05  -.17909261E+06
 -.17082707E+05  -.17996144E+06
 -.17169863E+05  -.18083038E+06
 -.17257020E+05  -.18169948E+06
 -.17344177E+05  -.18256880E+06
 -.17431333E+05  -.18343835E+06
 -.17518490E+05  -.18430818E+06
 -.17605647E+05  -.18517830E+06
 -.17692803E+05  -.18604874E+06
 -.17779960E+05  -.18691949E+06
 -.17867117E+05  -.18779056E+06
 -.17954273E+05  -.18866195E+06
 -.18041430E+05  -.18953364E+06
 -.18128587E+05  -.19040562E+06
 -.18215743E+05  -.19127787E+06
 -.18302900E+05  -.19215035E+06
 -.18390057E+05  -.19302303E+06
 -.18477213E+05  -.19389588E+06
 -.18564370E+05  -.19476885E+06
 -.18651527E+05  -.19564190E+06
 -.18738683E+05  -.19651497E+06
 -.18825840E+05  -.19738803E+06
 -.18912997E+05  -.19826102E+06
 -.19000153E+05  -.19913389E+06
 -.19087310E+05  -.20000660E+06
 -.19174467E+05  -.20087908E+06
 -.19261623E+05  -.20175131E+06
 -.19348780E+05  -.20262322E+06
 -.19435937E+05  -.20349479E+06
 -.19523093E+05  -.20436597E+06
 -.19610250E+05  -.20523673E+06
 -.19697407E+05  -.20610704E+06
 -.19784563E+05  -.20697687E+06
 -.19871720E+05  -.20784621E+06
 -.19958877E+05  -.20871502E+06
 -.20046033E+05  -.20958331E+06
 -.20133190E+05  -.21045106E+06
 -.20220347E+05  -.21131826E+06
 -.20307503E+05  -.21218493E+06
 -.20394660E+05  -.21305106E+06
 -.20481817E+05  -.21391666E+06
 -.20568973E+05  -.21478174E+06
 -.20656130E+05  -.21564632E+06
 -.20743287E+05  -.21651041E+06
 -.20830443E+05  -.21737403E+06
 -.20917600E+05  -.21823721E+06
 -.21004757E+05  -.21909996E+06
 -.21091913E+05  -.21996232E+06
 -.21179070E+05  -.22082429E+06
 -.21266227E+05  -.22168592E+06
 -.21353383E+05  -.22254722E+06
 -.21440540E+05  -.22340823E+06
 -.21527697E+05  -.22426895E+06
 -.21614853E+05  -.22512942E+06
 -.21702010E+05  -.22598965E+06
 -.21789167E+05  -.22684967E+06
 -.21876323E+05  -.22770950E+06
 -.21963480E+05  -.22856915E+06
 -.22050637E+05  -.22942864E+06
 -.22137793E+05  -.23028798E+06
 -.22224950E+05  -.23114719E+06
 -.22312107E+05  -.23200626E+06
 -.22399263E+05  -.23286522E+06
 -.22486420E+05  -.23372406E+06
 -.22573577E+05  -.23458279E+06
 -.22660733E+05  -.23544141E+06
 -.22747890E+05  -.23629993E+06
 -.22835047E+05  -.23715834E+06
 -.22922203E+05  -.23801665E+06
 -.23009360E+05  -.23887485E+06
 -.23096517E+05  -.23973293E+06
 -.23183673E+05  -.24059091E+06
 -.23270830E+05  -.24144877E+06
 -.23357987E+05  -.24230652E+06
 -.23445143E+05  -.24316415E+06
 -.23532300E+05  -.24402166E+06
 -.23619457E+05  -.24487904E+06
 -.23706613E+05  -.24573632E+06
 -.23793770E+05  -.24659347E+06
 -.23880927E+05  -.24745051E+06
 -.23968083E+05  -.24830745E+06
 -.24055240E+05  -.24916428E+06
 -.24142397E+05  -.25002102E+06
 -.24229553E+05  -.25087768E+06
 -.24316710E+05  -.25173426E+06
 -.24403867E+05  -.25259079E+06
 -.24491023E+05  -.25344728E+06
 -.24578180E+05  -.25430374E+06
 -.24665337E+05  -.25516020E+06
 -.24752493E+05  -.25601668E+06
 -.24839650E+05  -.25687319E+06
 -.24926807E+05  -.25772976E+06
 -.25013963E+05  -.25858642E+06
 -.25101120E+05  -.25944320E+06
 -.25188277E+05  -.26030012E+06
 -.25275433E+05  -.26115720E+06
 -.25362590E+05  -.26201449E+06
 -.25449747E+05  -.26287201E+06
 -.25536903E+05  -.26372979E+06
 -.25624060E+05  -.26458786E+06
 -.25711217E+05  -.26544625E+06
 -.25798373E+05  -.26630500E+06
 -.25885530E+05  -.26716414E+06
 -.25972687E+05  -.26802370E+06
 -.26059843E+05  -.26888372E+06
 -.26147000E+05  -.26974422E+06
Mv-Hv               
 0.00000000E+00  0.30135261E+03
 0.00000000E+00  0.30471400E+03
 0.00000000E+00  0.30811568E+03
 0.00000000E+00  0.31155506E+03
 0.00000000E+00  0.31503253E+03
 0.00000000E+00  0.31854843E+03
 0.00000000E+00  0.32210315E+03
 0.00000000E+00  0.32569715E+03
 0.00000000E+00  0.32933070E+03
 0.00000000E+00  0.33300431E+03
 0.00000000E+00  0.33671833E+03
 0.00000000E+00  0.34047324E+03
 0.00000000E+00  0.34426925E+03
 0.00000000E+00  0.34810697E+03
 0.00000000E+00  0.35198682E+03
 0.00000000E+00  0.35590907E+03
 0.00000000E+00  0.35987425E+03
 0.00000000E+00  0.36388285E+03
 0.00000000E+00  0.36793523E+03
 0.00000000E+00  0.37203163E+03
 0.00000000E+00  0.37617096E+03
 0.00000000E+00  0.38035546E+03
 0.00000000E+00  0.38458552E+03
 0.00000000E+00  0.38886158E+03
 0.00000000E+00  0.39318411E+03
 0.00000000E+00  0.39755356E+03
 0.00000000E+00  0.40197039E+03
 0.00000000E+00  0.40643506E+03
 0.00000000E+00  0.41094803E+03
 0.00000000E+00  0.41550977E+03
 0.00000000E+00  0.42012074E+03
 0.00000000E+00  0.42478132E+03
 0.00000000E+00  0.42949205E+03
 0.00000000E+00  0.43425351E+03
 0.00000000E+00  0.43906600E+03
 0.00000000E+00  0.44393009E+03
 0.00000000E+00  0.44884628E+03
 0.00000000E+00  0.45381506E+03
 0.00000000E+00  0.45883694E+03
 0.00000000E+00  0.46391242E+03
 0.00000000E+00  0.46904201E+03
 0.00000000E+00  0.47422609E+03
 0.00000000E+00  0.47946542E+03
 0.00000000E+00  0.48476042E+03
 0.00000000E+00  0.49011158E+03
 0.00000000E+00  0.49551946E+03
 0.00000000E+00  0.50098457E+03
 0.00000000E+00  0.50650744E+03
 0.00000000E+00  0.51208863E+03
 0.00000000E+00  0.51772866E+03
 0.00000000E+00  0.52342808E+03
 0.00000000E+00  0.52918744E+03
 0.00000000E+00  0.53500728E+03
 0.00000000E+00  0.54088817E+03
 0.00000000E+00  0.54683065E+03
 0.00000000E+00  0.55283529E+03
 0.00000000E+00  0.55890278E+03
 0.00000000E+00  0.56503342E+03
 0.00000000E+00  0.57122790E+03
 0.00000000E+00  0.57748694E+03
 0.00000000E+00  0.58381082E+03
 0.00000000E+00  0.59020026E+03
 0.00000000E+00  0.59665597E+03
 0.00000000E+00  0.60317839E+03
 0.00000000E+00  0.60976795E+03
 0.00000000E+00  0.61642553E+03
 0.00000000E+00  0.62315154E+03
 0.00000000E+00  0.62994658E+03
 0.00000000E+00  0.63681122E+03
 0.00000000E+00  0.64374605E+03
 0.00000000E+00  0.65075165E+03
 0.00000000E+00  0.65782860E+03
 0.00000000E+00  0.66497748E+03
 0.00000000E+00  0.67219888E+03
 0.00000000E+00  0.67949349E+03
 0.00000000E+00  0.68686164E+03
 0.00000000E+00  0.69430417E+03
 0.00000000E+00  0.70182150E+03
 0.00000000E+00  0.70941409E+03
 0.00000000E+00  0.71708277E+03
 0.00000000E+00  0.72482796E+03
 0.00000000E+00  0.73265023E+03
 0.00000000E+00  0.74055026E+03
 0.00000000E+00  0.74852833E+03
 0.00000000E+00  0.75658513E+03
 0.00000000E+00  0.76472131E+03
 0.00000000E+00  0.77293729E+03
 0.00000000E+00  0.78123344E+03
 0.00000000E+00  0.78961055E+03
 0.00000000E+00  0.79806899E+03
 0.00000000E+00  0.80660937E+03
 0.00000000E+00  0.81523193E+03
 0.00000000E+00  0.82393727E+03
 0.00000000E+00  0.83272596E+03
 0.00000000E+00  0.84159832E+03
 0.00000000E+00  0.85055478E+03
 0.00000000E+00  0.85959575E+03
 0.00000000E+00  0.86872163E+03
 0.00000000E+00  0.87793291E+03
 0.00000000E+00  0.88722970E+03
 0.00000000E+00  0.89661256E+03
 0.00000000E+00  0.90608170E+03
 0.00000000E+00  0.91563738E+03
 0.00000000E+00  0.92527998E+03
 0.00000000E+00  0.93500950E+03
 0.00000000E+00  0.94482635E+03
 0.00000000E+00  0.95473058E+03
 0.00000000E+00  0.96472232E+03
 0.00000000E+00  0.97480176E+03
 0.00000000E+00  0.98496873E+03
 0.00000000E+00  0.99522344E+03
 0.00000000E+00  0.10055658E+04
 0.00000000E+00  0.10159956E+04
 0.00000000E+00  0.10265129E+04
 0.00000000E+00  0.10371173E+04
 0.00000000E+00  0.10478085E+04
 0.00000000E+00  0.10585864E+04
 0.00000000E+00  0.10694505E+04
 0.00000000E+00  0.10804002E+04
 0.00000000E+00  0.10914351E+04
 0.00000000E+00  0.11025545E+04
 0.00000000E+00  0.11137577E+04
 0.00000000E+00  0.11250438E+04
 0.00000000E+00  0.11364120E+04
 0.00000000E+00  0.11478612E+04
 0.00000000E+00  0.11593902E+04
 0.00000000E+00  0.11709979E+04
 0.00000000E+00  0.11826828E+04
 0.00000000E+00  0.11944433E+04
 0.00000000E+00  0.12062778E+04
 0.00000000E+00  0.12181844E+04
 0.00000000E+00  0.12301610E+04
 0.00000000E+00  0.12422055E+04
 0.00000000E+00  0.12543156E+04
 0.00000000E+00  0.12664884E+04
 0.00000000E+00  0.12787213E+04
 0.00000000E+00  0.12910111E+04
 0.00000000E+00  0.13033546E+04
 0.00000000E+00  0.13157480E+04
 0.00000000E+00  0.13281876E+04
 0.00000000E+00  0.13406690E+04
 0.00000000E+00  0.13531879E+04
 0.00000000E+00  0.13657392E+04
 0.00000000E+00  0.13783177E+04
 0.00000000E+00  0.13909176E+04
 0.00000000E+00  0.14035329E+04
 0.00000000E+00  0.14161569E+04
 0.00000000E+00  0.14287826E+04
 0.00000000E+00  0.14414022E+04
 0.00000000E+00  0.14540074E+04
 0.00000000E+00  0.14665895E+04
 0.00000000E+00  0.14791390E+04
 0.00000000E+00  0.14916455E+04
 0.00000000E+00  0.15040979E+04
 0.00000000E+00  0.15164845E+04
 0.00000000E+00  0.15287925E+04
 0.00000000E+00  0.15410082E+04
 0.00000000E+00  0.15531168E+04
 0.00000000E+00  0.15651026E+04
 0.00000000E+00  0.15769485E+04
 0.00000000E+00  0.15886363E+04
 0.00000000E+00  0.16001464E+04
 0.00000000E+00  0.16114579E+04
 0.00000000E+00  0.16225482E+04
 0.00000000E+00  0.16333931E+04
 0.00000000E+00  0.16439669E+04
 0.00000000E+00  0.16542420E+04
 0.00000000E+00  0.16641889E+04
 0.00000000E+00  0.16737763E+04
 0.00000000E+00  0.16829709E+04
 0.00000000E+00  0.16917374E+04
 0.00000000E+00  0.17000387E+04
 0.00000000E+00  0.17078360E+04
 0.00000000E+00  0.17150889E+04
 0.00000000E+00  0.17217558E+04
 0.00000000E+00  0.17277948E+04
 0.00000000E+00  0.17331643E+04
 0.00000000E+00  0.17378247E+04
 0.00000000E+00  0.17417402E+04
 0.00000000E+00  0.17448821E+04
 0.00000000E+00  0.17472331E+04
 0.00000000E+00  0.17487941E+04
 0.00000000E+00  0.17495940E+04
 0.00000000E+00  0.17497049E+04
 0.00000000E+00  0.17492652E+04
 0.00000000E+00  0.17485160E+04
 0.00000000E+00  0.17478612E+04
 0.00000000E+00  0.17479678E+04
 0.00000000E+00  0.17499433E+04
 0.00000000E+00  0.17556713E+04
 0.00000000E+00  0.17684996E+04
 0.00000000E+00  0.17948408E+04
 0.00000000E+00  0.18487040E+04
 0.00000000E+00  0.19703683E+04
 0.00000000E+00  -.17152657E+03
 0.00000000E+00  -.13884024E+03
 0.00000000E+00  -.10399636E+03
 0.00000000E+00  -.67041857E+02
 0.00000000E+00  -.28028431E+02
 0.00000000E+00  0.12995356E+02
 0.00000000E+00  0.55984089E+02
 0.00000000E+00  0.10089529E+03
 0.00000000E+00  0.14768981E+03
 0.00000000E+00  0.19633131E+03
 0.00000000E+00  0.24678608E+03
 0.00000000E+00  0.29902260E+03
 0.00000000E+00  0.35301129E+03
 0.00000000E+00  0.40872388E+03
 0.00000000E+00  0.46613291E+03
 0.00000000E+00  0.52521067E+03
 0.00000000E+00  0.58592883E+03
 0.00000000E+00  0.64825771E+03
 0.00000000E+00  0.71216495E+03
 0.00000000E+00  0.77761516E+03
 0.00000000E+00  0.84456885E+03
 0.00000000E+00  0.91298159E+03
 0.00000000E+00  0.98280333E+03
 0.00000000E+00  0.10539771E+04
 0.00000000E+00  0.11264389E+04
 0.00000000E+00  0.12001164E+04
 0.00000000E+00  0.12749293E+04
 0.00000000E+00  0.13507877E+04
 0.00000000E+00  0.14275933E+04
 0.00000000E+00  0.15052383E+04
 0.00000000E+00  0.15836060E+04
 0.00000000E+00  0.16625714E+04
 0.00000000E+00  0.17420012E+04
 0.00000000E+00  0.18217553E+04
 0.00000000E+00  0.19016880E+04
 0.00000000E+00  0.19816487E+04
 0.00000000E+00  0.20614840E+04
 0.00000000E+00  0.21410384E+04
 0.00000000E+00  0.22201572E+04
 0.00000000E+00  0.22986870E+04
 0.00000000E+00  0.23764781E+04
 0.00000000E+00  0.24533857E+04
 0.00000000E+00  0.25292710E+04
 0.00000000E+00  0.26040035E+04
 0.00000000E+00  0.26774604E+04
 0.00000000E+00  0.27495285E+04
 0.00000000E+00  0.28201039E+04
 0.00000000E+00  0.28890931E+04
 0.00000000E+00  0.29564115E+04
 0.00000000E+00  0.30219846E+04
 0.00000000E+00  0.30857463E+04
 0.00000000E+00  0.31476388E+04
 0.00000000E+00  0.32076114E+04
 0.00000000E+00  0.32656195E+04
 0.00000000E+00  0.33216233E+04
 0.00000000E+00  0.33755865E+04
 0.00000000E+00  0.34274747E+04
 0.00000000E+00  0.34772548E+04
 0.00000000E+00  0.35248919E+04
 0.00000000E+00  0.35703489E+04
 0.00000000E+00  0.36135848E+04
 0.00000000E+00  0.36545518E+04
 0.00000000E+00  0.36931942E+04
 0.00000000E+00  0.37294466E+04
 0.00000000E+00  0.37632315E+04
 0.00000000E+00  0.37944569E+04
 0.00000000E+00  0.38230145E+04
 0.00000000E+00  0.38487767E+04
 0.00000000E+00  0.38715943E+04
 0.00000000E+00  0.38912933E+04
 0.00000000E+00  0.39076726E+04
 0.00000000E+00  0.39205004E+04
 0.00000000E+00  0.39295113E+04
 0.00000000E+00  0.39344032E+04
 0.00000000E+00  0.39348335E+04
 0.00000000E+00  0.39304164E+04
 0.00000000E+00  0.39207205E+04
 0.00000000E+00  0.39052656E+04
 0.00000000E+00  0.38835217E+04
 0.00000000E+00  0.38549082E+04
 0.00000000E+00  0.38187942E+04
 0.00000000E+00  0.37745007E+04
 0.00000000E+00  0.37213045E+04
 0.00000000E+00  0.36584424E+04
 0.00000000E+00  0.35851196E+04
 0.00000000E+00  0.35005227E+04
 0.00000000E+00  0.34038334E+04
 0.00000000E+00  0.32942461E+04
 0.00000000E+00  0.31709884E+04
 0.00000000E+00  0.30333447E+04
 0.00000000E+00  0.28806808E+04
 0.00000000E+00  0.27124777E+04
 0.00000000E+00  0.25283685E+04
 0.00000000E+00  0.23281596E+04
 0.00000000E+00  0.21118655E+04
 0.00000000E+00  0.18797362E+04
 0.00000000E+00  0.16322795E+04
 0.00000000E+00  0.13702716E+04
 0.00000000E+00  0.10947649E+04
 0.00000000E+00  0.80704889E+03
 0.00000000E+00  0.50863931E+03
 0.00000000E+00  0.20122955E+03
 0.00000000E+00  -.11336905E+03
 0.00000000E+00  -.43329161E+03
 0.00000000E+00  -.75668332E+03
 0.00000000E+00  -.10817600E+04
 0.00000000E+00  -.14068570E+04
 0.00000000E+00  -.17304662E+04
 0.00000000E+00  -.20512581E+04
 0.00000000E+00  -.23680962E+04
 0.00000000E+00  -.26800170E+04
 0.00000000E+00  -.29862360E+04
 0.00000000E+00  -.32861248E+04
 0.00000000E+00  -.35791875E+04
 0.00000000E+00  -.38650367E+04
 0.00000000E+00  -.41433705E+04
 0.00000000E+00  -.44139448E+04
 0.00000000E+00  -.46765533E+04
 0.00000000E+00  -.49310041E+04
 0.00000000E+00  -.51770985E+04
 0.00000000E+00  -.54146091E+04
 0.00000000E+00  -.56432592E+04
 0.00000000E+00  -.58627012E+04
 0.00000000E+00  -.60724950E+04
 0.00000000E+00  -.62720856E+04
 0.00000000E+00  -.64607798E+04
 0.00000000E+00  -.66377246E+04
 0.00000000E+00  -.68018896E+04
 0.00000000E+00  -.69520556E+04
 0.00000000E+00  -.70868211E+04
 0.00000000E+00  -.72046459E+04
 0.00000000E+00  -.73039121E+04
 0.00000000E+00  -.73830704E+04
 0.00000000E+00  -.74408679E+04
 0.00000000E+00  -.74766563E+04
 0.00000000E+00  -.74907645E+04
 0.00000000E+00  -.74847833E+04
 0.00000000E+00  -.74618387E+04
 0.00000000E+00  -.74264701E+04
 0.00000000E+00  -.73842443E+04
 0.00000000E+00  -.73412162E+04
 0.00000000E+00  -.73033006E+04
 0.00000000E+00  -.72758279E+04
 0.00000000E+00  -.72633664E+04
 0.00000000E+00  -.72696997E+04
 0.00000000E+00  -.72978672E+04
 0.00000000E+00  -.73504045E+04
 0.00000000E+00  -.74293636E+04
 0.00000000E+00  -.75363697E+04
 0.00000000E+00  -.76725686E+04
 0.00000000E+00  -.78384717E+04
 0.00000000E+00  -.80337089E+04
 0.00000000E+00  -.82566411E+04
 0.00000000E+00  -.85041040E+04
 0.00000000E+00  -.87712245E+04
 0.00000000E+00  -.90515503E+04
 0.00000000E+00  -.93375347E+04
 0.00000000E+00  -.96212874E+04
 0.00000000E+00  -.98953578E+04
 0.00000000E+00  -.10153307E+05
 0.00000000E+00  -.10389938E+05
 0.00000000E+00  -.10601198E+05
 0.00000000E+00  -.10783860E+05
 0.00000000E+00  -.10935078E+05
 0.00000000E+00  -.11051859E+05
 0.00000000E+00  -.11130439E+05
 0.00000000E+00  -.11165421E+05
 0.00000000E+00  -.11148397E+05
 0.00000000E+00  -.11065328E+05
 0.00000000E+00  -.10890837E+05
 0.00000000E+00  -.10573682E+05
 0.00000000E+00  -.99970226E+04
 0.00000000E+00  -.89967257E+04
 0.00000000E+00  -.81091370E+04
 0.00000000E+00  -.76722662E+04
 0.00000000E+00  -.74601374E+04
 0.00000000E+00  -.73598400E+04
 0.00000000E+00  -.73233312E+04
 0.00000000E+00  -.73268749E+04
 0.00000000E+00  -.73573603E+04
 0.00000000E+00  -.74070179E+04
 0.00000000E+00  -.74710769E+04
 0.00000000E+00  -.75466297E+04
 0.00000000E+00  -.76320641E+04
 0.00000000E+00  -.77268214E+04
 0.00000000E+00  -.78314183E+04
 0.00000000E+00  -.79478442E+04
 0.00000000E+00  -.80808728E+04
 0.00000000E+00  -.82429827E+04
 0.00000000E+00  -.84946080E+04
 0.00000000E+00  -.16737022E+04
 0.00000000E+00  -.15956013E+04
 0.00000000E+00  -.15184554E+04
 0.00000000E+00  -.14421584E+04
 0.00000000E+00  -.13666110E+04
 0.00000000E+00  -.12917144E+04
 0.00000000E+00  -.12173713E+04
 0.00000000E+00  -.11434884E+04
 0.00000000E+00  -.10699766E+04
 0.00000000E+00  -.99675334E+03
 0.00000000E+00  -.92374305E+03
 0.00000000E+00  -.85087861E+03
 0.00000000E+00  -.77810209E+03
 0.00000000E+00  -.70536554E+03
 0.00000000E+00  -.63263154E+03
 0.00000000E+00  -.55987419E+03
 0.00000000E+00  -.48707911E+03
 0.00000000E+00  -.41424390E+03
 0.00000000E+00  -.34137819E+03
 0.00000000E+00  -.26850364E+03
 0.00000000E+00  -.19565349E+03
 0.00000000E+00  -.12287217E+03
 0.00000000E+00  -.50214602E+02
 0.00000000E+00  0.22254812E+02
 0.00000000E+00  0.94463228E+02
 0.00000000E+00  0.16633067E+03
 0.00000000E+00  0.23777145E+03
 0.00000000E+00  0.30869581E+03
 0.00000000E+00  0.37901156E+03
 0.00000000E+00  0.44862556E+03
 0.00000000E+00  0.51744570E+03
 0.00000000E+00  0.58538216E+03
 0.00000000E+00  0.65234908E+03
 0.00000000E+00  0.71826600E+03
 0.00000000E+00  0.78305867E+03
 0.00000000E+00  0.84666042E+03
 0.00000000E+00  0.90901265E+03
 0.00000000E+00  0.97006558E+03
 0.00000000E+00  0.10297786E+04
 0.00000000E+00  0.10881199E+04
 0.00000000E+00  0.11450674E+04
 0.00000000E+00  0.12006077E+04
 0.00000000E+00  0.12547364E+04
 0.00000000E+00  0.13074567E+04
 0.00000000E+00  0.13587801E+04
 0.00000000E+00  0.14087251E+04
 0.00000000E+00  0.14573164E+04
 0.00000000E+00  0.15045848E+04
 0.00000000E+00  0.15505659E+04
 0.00000000E+00  0.15952998E+04
 0.00000000E+00  0.16388305E+04
 0.00000000E+00  0.16812047E+04
 0.00000000E+00  0.17224715E+04
 0.00000000E+00  0.17626822E+04
 0.00000000E+00  0.18018887E+04
 0.00000000E+00  0.18401437E+04
 0.00000000E+00  0.18775000E+04
 0.00000000E+00  0.19140102E+04
 0.00000000E+00  0.19497252E+04
 0.00000000E+00  0.19846957E+04
 0.00000000E+00  0.20189695E+04
 0.00000000E+00  0.20525928E+04
 0.00000000E+00  0.20856088E+04
 0.00000000E+00  0.21180586E+04
 0.00000000E+00  0.21499793E+04
 0.00000000E+00  0.21814052E+04
 0.00000000E+00  0.22123666E+04
 0.00000000E+00  0.22428900E+04
 0.00000000E+00  0.22729984E+04
 0.00000000E+00  0.23027100E+04
 0.00000000E+00  0.23320394E+04
 0.00000000E+00  0.23609969E+04
 0.00000000E+00  0.23895886E+04
 0.00000000E+00  0.24178170E+04
 0.00000000E+00  0.24456802E+04
 0.00000000E+00  0.24731736E+04
 0.00000000E+00  0.25002885E+04
 0.00000000E+00  0.25270133E+04
 0.00000000E+00  0.25533341E+04
 0.00000000E+00  0.25792343E+04
 0.00000000E+00  0.26046956E+04
 0.00000000E+00  0.26296984E+04
 0.00000000E+00  0.26542220E+04
 0.00000000E+00  0.26782450E+04
 0.00000000E+00  0.27017459E+04
 0.00000000E+00  0.27247042E+04
 0.00000000E+00  0.27470993E+04
 0.00000000E+00  0.27689125E+04
 0.00000000E+00  0.27901258E+04
 0.00000000E+00  0.28107236E+04
 0.00000000E+00  0.28306923E+04
 0.00000000E+00  0.28500201E+04
 0.00000000E+00  0.28686985E+04
 0.00000000E+00  0.28867207E+04
 0.00000000E+00  0.29040829E+04
 0.00000000E+00  0.29207841E+04
 0.00000000E+00  0.29368256E+04
 0.00000000E+00  0.29522113E+04
 0.00000000E+00  0.29669480E+04
 0.00000000E+00  0.29810444E+04
 0.00000000E+00  0.29945118E+04
 0.00000000E+00  0.30073632E+04
 0.00000000E+00  0.30196138E+04
 0.00000000E+00  0.30312801E+04
 0.00000000E+00  0.30423807E+04
 0.00000000E+00  0.30529348E+04
 0.00000000E+00  0.30629628E+04
 0.00000000E+00  0.30724862E+04
 0.00000000E+00  0.30815268E+04
 0.00000000E+00  0.30901070E+04
 0.00000000E+00  0.30982491E+04
 0.00000000E+00  0.31059755E+04
 0.00000000E+00  0.31133085E+04
 0.00000000E+00  0.31202697E+04
 0.00000000E+00  0.31268804E+04
 0.00000000E+00  0.31331609E+04
 0.00000000E+00  0.31391308E+04
 0.00000000E+00  0.31448086E+04
 0.00000000E+00  0.31502116E+04
 0.00000000E+00  0.31553561E+04
 0.00000000E+00  0.31602568E+04
 0.00000000E+00  0.31649274E+04
 0.00000000E+00  0.31693798E+04
 0.00000000E+00  0.31736249E+04
 0.00000000E+00  0.31776719E+04
 0.00000000E+00  0.31815287E+04
 0.00000000E+00  0.31852020E+04
 0.00000000E+00  0.31886969E+04
 0.00000000E+00  0.31920175E+04
 0.00000000E+00  0.31951669E+04
 0.00000000E+00  0.31981469E+04
 0.00000000E+00  0.32009586E+04
 0.00000000E+00  0.32036021E+04
 0.00000000E+00  0.32060771E+04
 0.00000000E+00  0.32083827E+04
 0.00000000E+00  0.32105175E+04
 0.00000000E+00  0.32124799E+04
 0.00000000E+00  0.32142683E+04
 0.00000000E+00  0.32158811E+04
 0.00000000E+00  0.32173166E+04
 0.00000000E+00  0.32185736E+04
 0.00000000E+00  0.32196511E+04
 0.00000000E+00  0.32205485E+04
 0.00000000E+00  0.32212659E+04
 0.00000000E+00  0.32218036E+04
 0.00000000E+00  0.32221627E+04
 0.00000000E+00  0.32223449E+04
 0.00000000E+00  0.32223527E+04
 0.00000000E+00  0.32221888E+04
 0.00000000E+00  0.32218569E+04
 0.00000000E+00  0.32213612E+04
 0.00000000E+00  0.32207062E+04
 0.00000000E+00  0.32198972E+04
 0.00000000E+00  0.32189399E+04
 0.00000000E+00  0.32178403E+04
 0.00000000E+00  0.32166047E+04
 0.00000000E+00  0.32152395E+04
 0.00000000E+00  0.32137515E+04
 0.00000000E+00  0.32121475E+04
 0.00000000E+00  0.32104342E+04
 0.00000000E+00  0.32086181E+04
 0.00000000E+00  0.32067058E+04
 0.00000000E+00  0.32047034E+04
 0.00000000E+00  0.32026166E+04
 0.00000000E+00  0.32004510E+04
 0.00000000E+00  0.31982115E+04
 0.00000000E+00  0.31959024E+04
 0.00000000E+00  0.31935276E+04
 0.00000000E+00  0.31910905E+04
 0.00000000E+00  0.31885934E+04
 0.00000000E+00  0.31860385E+04
 0.00000000E+00  0.31834268E+04
 0.00000000E+00  0.31807589E+04
 0.00000000E+00  0.31780347E+04
 0.00000000E+00  0.31752532E+04
 0.00000000E+00  0.31724131E+04
 0.00000000E+00  0.31695121E+04
 0.00000000E+00  0.31665474E+04
 0.00000000E+00  0.31635159E+04
 0.00000000E+00  0.31604136E+04
 0.00000000E+00  0.31572365E+04
 0.00000000E+00  0.31539797E+04
 0.00000000E+00  0.31506386E+04
 0.00000000E+00  0.31472076E+04
 0.00000000E+00  0.31436815E+04
 0.00000000E+00  0.31400545E+04
 0.00000000E+00  0.31363212E+04
 0.00000000E+00  0.31324758E+04
 0.00000000E+00  0.31285128E+04
 0.00000000E+00  0.31244264E+04
 0.00000000E+00  0.31202117E+04
 0.00000000E+00  0.31158633E+04
 0.00000000E+00  0.31113762E+04
 0.00000000E+00  0.31067459E+04
 0.00000000E+00  0.31019681E+04
 0.00000000E+00  0.30970387E+04
 0.00000000E+00  0.30919541E+04
 0.00000000E+00  0.30867110E+04
 0.00000000E+00  0.30813063E+04
 0.00000000E+00  0.30757378E+04
 0.00000000E+00  0.30700030E+04
 0.00000000E+00  0.30641002E+04
 0.00000000E+00  0.30580276E+04
 0.00000000E+00  0.30517841E+04
 0.00000000E+00  0.30453687E+04
 0.00000000E+00  0.30387805E+04
 0.00000000E+00  0.30320192E+04
 0.00000000E+00  0.30250841E+04
 0.00000000E+00  0.30179753E+04
 0.00000000E+00  0.30106927E+04
 0.00000000E+00  0.30032361E+04
 0.00000000E+00  0.29956056E+04
 0.00000000E+00  0.29878009E+04
 0.00000000E+00  0.29798222E+04
 0.00000000E+00  0.29716697E+04
 0.00000000E+00  0.29633427E+04
 0.00000000E+00  0.29548411E+04
Mw-Hw               
 0.29885900E+06  0.42823257E+06
 0.29786280E+06  0.42695660E+06
 0.29686661E+06  0.42567932E+06
 0.29587041E+06  0.42440073E+06
 0.29487421E+06  0.42312083E+06
 0.29387802E+06  0.42183963E+06
 0.29288182E+06  0.42055713E+06
 0.29188562E+06  0.41927334E+06
 0.29088943E+06  0.41798827E+06
 0.28989323E+06  0.41670191E+06
 0.28889703E+06  0.41541427E+06
 0.28790084E+06  0.41412535E+06
 0.28690464E+06  0.41283517E+06
 0.28590844E+06  0.41154371E+06
 0.28491225E+06  0.41025100E+06
 0.28391605E+06  0.40895703E+06
 0.28291985E+06  0.40766181E+06
 0.28192366E+06  0.40636533E+06
 0.28092746E+06  0.40506761E+06
 0.27993126E+06  0.40376865E+06
 0.27893507E+06  0.40246846E+06
 0.27793887E+06  0.40116703E+06
 0.27694267E+06  0.39986438E+06
 0.27594648E+06  0.39856049E+06
 0.27495028E+06  0.39725539E+06
 0.27395408E+06  0.39594908E+06
 0.27295789E+06  0.39464155E+06
 0.27196169E+06  0.39333281E+06
 0.27096549E+06  0.39202287E+06
 0.26996930E+06  0.39071173E+06
 0.26897310E+06  0.38939939E+06
 0.26797690E+06  0.38808587E+06
 0.26698071E+06  0.38677115E+06
 0.26598451E+06  0.38545525E+06
 0.26498831E+06  0.38413817E+06
 0.26399212E+06  0.38281991E+06
 0.26299592E+06  0.38150048E+06
 0.26199972E+06  0.38017988E+06
 0.26100353E+06  0.37885811E+06
 0.26000733E+06  0.37753518E+06
 0.25901113E+06  0.37621110E+06
 0.25801494E+06  0.37488586E+06
 0.25701874E+06  0.37355947E+06
 0.25602254E+06  0.37223194E+06
 0.25502635E+06  0.37090326E+06
 0.25403015E+06  0.36957344E+06
 0.25303395E+06  0.36824249E+06
 0.25203776E+06  0.36691040E+06
 0.25104156E+06  0.36557719E+06
 0.25004536E+06  0.36424285E+06
 0.24904917E+06  0.36290739E+06
 0.24805297E+06  0.36157081E+06
 0.24705677E+06  0.36023311E+06
 0.24606058E+06  0.35889431E+06
 0.24506438E+06  0.35755439E+06
 0.24406818E+06  0.35621338E+06
 0.24307199E+06  0.35487126E+06
 0.24207579E+06  0.35352804E+06
 0.24107959E+06  0.35218373E+06
 0.24008340E+06  0.35083833E+06
 0.23908720E+06  0.34949184E+06
 0.23809100E+06  0.34814427E+06
 0.23709481E+06  0.34679561E+06
 0.23609861E+06  0.34544588E+06
 0.23510241E+06  0.34409507E+06
 0.23410622E+06  0.34274319E+06
 0.23311002E+06  0.34139024E+06
 0.23211382E+06  0.34003623E+06
 0.23111763E+06  0.33868116E+06
 0.23012143E+06  0.33732502E+06
 0.22912523E+06  0.33596783E+06
 0.22812904E+06  0.33460959E+06
 0.22713284E+06  0.33325030E+06
 0.22613664E+06  0.33188996E+06
 0.22514045E+06  0.33052857E+06
 0.22414425E+06  0.32916615E+06
 0.22314805E+06  0.32780268E+06
 0.22215186E+06  0.32643819E+06
 0.22115566E+06  0.32507266E+06
 0.22015946E+06  0.32370610E+06
 0.21916327E+06  0.32233851E+06
 0.21816707E+06  0.32096990E+06
 0.21717087E+06  0.31960027E+06
 0.21617468E+06  0.31822962E+06
 0.21517848E+06  0.31685796E+06
 0.21418228E+06  0.31548528E+06
 0.21318609E+06  0.31411159E+06
 0.21218989E+06  0.31273690E+06
 0.21119369E+06  0.31136120E+06
 0.21019750E+06  0.30998450E+06
 0.20920130E+06  0.30860680E+06
 0.20820510E+06  0.30722810E+06
 0.20720891E+06  0.30584841E+06
 0.20621271E+06  0.30446773E+06
 0.20521651E+06  0.30308606E+06
 0.20422032E+06  0.30170341E+06
 0.20322412E+06  0.30031977E+06
 0.20222792E+06  0.29893514E+06
 0.20123173E+06  0.29754954E+06
 0.20023553E+06  0.29616297E+06
 0.19923933E+06  0.29477541E+06
 0.19824314E+06  0.29338689E+06
 0.19724694E+06  0.29199740E+06
 0.19625074E+06  0.29060694E+06
 0.19525455E+06  0.28921552E+06
 0.19425835E+06  0.28782313E+06
 0.19326215E+06  0.28642978E+06
 0.19226596E+06  0.28503548E+06
 0.19126976E+06  0.28364022E+06
 0.19027356E+06  0.28224401E+06
 0.18927737E+06  0.28084685E+06
 0.18828117E+06  0.27944874E+06
 0.18728497E+06  0.27804968E+06
 0.18628878E+06  0.27664967E+06
 0.18529258E+06  0.27524873E+06
 0.18429638E+06  0.27384684E+06
 0.18330019E+06  0.27244402E+06
 0.18230399E+06  0.27104026E+06
 0.18130779E+06  0.26963557E+06
 0.18031160E+06  0.26822994E+06
 0.17931540E+06  0.26682339E+06
 0.17831920E+06  0.26541590E+06
 0.17732301E+06  0.26400749E+06
 0.17632681E+06  0.26259816E+06
 0.17533061E+06  0.26118790E+06
 0.17433442E+06  0.25977673E+06
 0.17333822E+06  0.25836463E+06
 0.17234202E+06  0.25695162E+06
 0.17134583E+06  0.25553770E+06
 0.17034963E+06  0.25412286E+06
 0.16935343E+06  0.25270711E+06
 0.16835724E+06  0.25129045E+06
 0.16736104E+06  0.24987289E+06
 0.16636484E+06  0.24845442E+06
 0.16536865E+06  0.24703504E+06
 0.16437245E+06  0.24561477E+06
 0.16337625E+06  0.24419359E+06
 0.16238006E+06  0.24277152E+06
 0.16138386E+06  0.24134854E+06
 0.16038766E+06  0.23992468E+06
 0.15939147E+06  0.23849992E+06
 0.15839527E+06  0.23707426E+06
 0.15739907E+06  0.23564772E+06
 0.15640288E+06  0.23422029E+06
 0.15540668E+06  0.23279197E+06
 0.15441048E+06  0.23136276E+06
 0.15341429E+06  0.22993267E+06
 0.15241809E+06  0.22850170E+06
 0.15142189E+06  0.22706985E+06
 0.15042570E+06  0.22563712E+06
 0.14942950E+06  0.22420351E+06
 0.14843330E+06  0.22276902E+06
 0.14743711E+06  0.22133366E+06
 0.14644091E+06  0.21989742E+06
 0.14544471E+06  0.21846031E+06
 0.14444852E+06  0.21702234E+06
 0.14345232E+06  0.21558349E+06
 0.14245612E+06  0.21414377E+06
 0.14145993E+06  0.21270319E+06
 0.14046373E+06  0.21126174E+06
 0.13946753E+06  0.20981943E+06
 0.13847134E+06  0.20837626E+06
 0.13747514E+06  0.20693223E+06
 0.13647894E+06  0.20548734E+06
 0.13548275E+06  0.20404159E+06
 0.13448655E+06  0.20259498E+06
 0.13349035E+06  0.20114752E+06
 0.13249416E+06  0.19969920E+06
 0.13149796E+06  0.19825004E+06
 0.13050176E+06  0.19680002E+06
 0.12950557E+06  0.19534915E+06
 0.12850937E+06  0.19389743E+06
 0.12751317E+06  0.19244487E+06
 0.12651698E+06  0.19099147E+06
 0.12552078E+06  0.18953722E+06
 0.12452458E+06  0.18808213E+06
 0.12352839E+06  0.18662620E+06
 0.12253219E+06  0.18516943E+06
 0.12153599E+06  0.18371183E+06
 0.12053980E+06  0.18225339E+06
 0.11954360E+06  0.18079413E+06
 0.11854740E+06  0.17933403E+06
 0.11755121E+06  0.17787311E+06
 0.11655501E+06  0.17641136E+06
 0.11555881E+06  0.17494880E+06
 0.11456262E+06  0.17348543E+06
 0.11356642E+06  0.17202124E+06
 0.11257022E+06  0.17055626E+06
 0.11157403E+06  0.16909048E+06
 0.11057783E+06  0.16762394E+06
 0.10958163E+06  0.16615665E+06
 0.10858544E+06  0.16468868E+06
 0.10758924E+06  0.16322016E+06
 0.10659304E+06  0.16175149E+06
 0.10559685E+06  0.14607767E+06
 0.10460065E+06  0.14475084E+06
 0.10360445E+06  0.14342396E+06
 0.10260826E+06  0.14209704E+06
 0.10161206E+06  0.14077006E+06
 0.10061586E+06  0.13944304E+06
 0.99619667E+05  0.13811598E+06
 0.98623470E+05  0.13678888E+06
 0.97627273E+05  0.13546174E+06
 0.96631077E+05  0.13413457E+06
 0.95634880E+05  0.13280736E+06
 0.94638683E+05  0.13148012E+06
 0.93642487E+05  0.13015285E+06
 0.92646290E+05  0.12882554E+06
 0.91650093E+05  0.12749820E+06
 0.90653897E+05  0.12617083E+06
 0.89657700E+05  0.12484343E+06
 0.88661503E+05  0.12351599E+06
 0.87665307E+05  0.12218852E+06
 0.86669110E+05  0.12086102E+06
 0.85672913E+05  0.11953347E+06
 0.84676717E+05  0.11820589E+06
 0.83680520E+05  0.11687827E+06
 0.82684323E+05  0.11555061E+06
 0.81688127E+05  0.11422290E+06
 0.80691930E+05  0.11289514E+06
 0.79695733E+05  0.11156734E+06
 0.78699537E+05  0.11023948E+06
 0.77703340E+05  0.10891157E+06
 0.76707143E+05  0.10758360E+06
 0.75710947E+05  0.10625557E+06
 0.74714750E+05  0.10492748E+06
 0.73718553E+05  0.10359933E+06
 0.72722357E+05  0.10227111E+06
 0.71726160E+05  0.10094282E+06
 0.70729963E+05  0.99614474E+05
 0.69733767E+05  0.98286057E+05
 0.68737570E+05  0.96957574E+05
 0.67741373E+05  0.95629025E+05
 0.66745177E+05  0.94300411E+05
 0.65748980E+05  0.92971734E+05
 0.64752783E+05  0.91642996E+05
 0.63756587E+05  0.90314200E+05
 0.62760390E+05  0.88985350E+05
 0.61764193E+05  0.87656447E+05
 0.60767997E+05  0.86327497E+05
 0.59771800E+05  0.84998503E+05
 0.58775603E+05  0.83669471E+05
 0.57779407E+05  0.82340403E+05
 0.56783210E+05  0.81011306E+05
 0.55787013E+05  0.79682184E+05
 0.54790817E+05  0.78353041E+05
 0.53794620E+05  0.77023883E+05
 0.52798423E+05  0.75694714E+05
 0.51802227E+05  0.74365539E+05
 0.50806030E+05  0.73036362E+05
 0.49809833E+05  0.71707187E+05
 0.48813637E+05  0.70378019E+05
 0.47817440E+05  0.69048860E+05
 0.46821243E+05  0.67719715E+05
 0.45825047E+05  0.66390586E+05
 0.44828850E+05  0.65061477E+05
 0.43832653E+05  0.63732390E+05
 0.42836457E+05  0.62403326E+05
 0.41840260E+05  0.61074287E+05
 0.40844063E+05  0.59745275E+05
 0.39847867E+05  0.58416291E+05
 0.38851670E+05  0.57087334E+05
 0.37855473E+05  0.55758404E+05
 0.36859277E+05  0.54429501E+05
 0.35863080E+05  0.53100623E+05
 0.34866883E+05  0.51771769E+05
 0.33870687E+05  0.50442935E+05
 0.32874490E+05  0.49114119E+05
 0.31878293E+05  0.47785316E+05
 0.30882097E+05  0.46456522E+05
 0.29885900E+05  0.45127733E+05
 0.28889703E+05  0.43798941E+05
 0.27893507E+05  0.42470141E+05
 0.26897310E+05  0.41141324E+05
 0.25901113E+05  0.39812484E+05
 0.24904917E+05  0.38483611E+05
 0.23908720E+05  0.37154696E+05
 0.22912523E+05  0.35825730E+05
 0.21916327E+05  0.34496703E+05
 0.20920130E+05  0.33167604E+05
 0.19923933E+05  0.31838422E+05
 0.18927737E+05  0.30509147E+05
 0.17931540E+05  0.29179766E+05
 0.16935343E+05  0.27850270E+05
 0.15939147E+05  0.26520646E+05
 0.14942950E+05  0.25190882E+05
 0.13946753E+05  0.23860968E+05
 0.12950557E+05  0.22530891E+05
 0.11954360E+05  0.21200642E+05
 0.10958163E+05  0.19870208E+05
 0.99619667E+04  0.18539581E+05
 0.89657700E+04  0.17208754E+05
 0.79695733E+04  0.15877720E+05
 0.69733767E+04  0.14546477E+05
 0.59771800E+04  0.13215024E+05
 0.49809833E+04  0.11883364E+05
 0.39847867E+04  0.10551506E+05
 0.29885900E+04  0.92194590E+04
 0.19923933E+04  0.78872381E+04
 0.99619667E+03  0.65548605E+04
 0.00000000E+00  0.52223455E+04
 -.99619667E+03  0.38897146E+04
 -.19923933E+04  0.25569898E+04
 -.29885900E+04  0.12241938E+04
 -.39847867E+04  -.10865118E+03
 -.49809833E+04  -.14415238E+04
 -.59771800E+04  -.27744040E+04
 -.69733767E+04  -.41072729E+04
 -.79695733E+04  -.54401137E+04
 -.89657700E+04  -.67729113E+04
 -.99619667E+04  -.81056527E+04
 -.10958163E+05  -.94383269E+04
 -.11954360E+05  -.10770925E+05
 -.12950557E+05  -.12103441E+05
 -.13946753E+05  -.13435870E+05
 -.14942950E+05  -.14768211E+05
 -.15939147E+05  -.16100466E+05
 -.16935343E+05  -.17432638E+05
 -.17931540E+05  -.18764738E+05
 -.18927737E+05  -.20096776E+05
 -.19923933E+05  -.21428773E+05
 -.20920130E+05  -.22760751E+05
 -.21916327E+05  -.24092743E+05
 -.22912523E+05  -.25424789E+05
 -.23908720E+05  -.26756937E+05
 -.24904917E+05  -.28089249E+05
 -.25901113E+05  -.29421795E+05
 -.26897310E+05  -.30754654E+05
 -.27893507E+05  -.32087908E+05
 -.28889703E+05  -.33421639E+05
 -.29885900E+05  -.34755910E+05
 -.30882097E+05  -.36090764E+05
 -.31878293E+05  -.37426205E+05
 -.32874490E+05  -.38762202E+05
 -.33870687E+05  -.40098687E+05
 -.34866883E+05  -.41435576E+05
 -.35863080E+05  -.42772770E+05
 -.36859277E+05  -.44110176E+05
 -.37855473E+05  -.45447712E+05
 -.38851670E+05  -.46785314E+05
 -.39847867E+05  -.48122932E+05
 -.40844063E+05  -.49460541E+05
 -.41840260E+05  -.50798130E+05
 -.42836457E+05  -.52135710E+05
 -.43832653E+05  -.53473308E+05
 -.44828850E+05  -.54810967E+05
 -.45825047E+05  -.56148742E+05
 -.46821243E+05  -.57486692E+05
 -.47817440E+05  -.58824873E+05
 -.48813637E+05  -.60163325E+05
 -.49809833E+05  -.61502064E+05
 -.50806030E+05  -.62841073E+05
 -.51802227E+05  -.64180309E+05
 -.52798423E+05  -.65519703E+05
 -.53794620E+05  -.66859174E+05
 -.54790817E+05  -.68198631E+05
 -.55787013E+05  -.69537982E+05
 -.56783210E+05  -.70877138E+05
 -.57779407E+05  -.72216013E+05
 -.58775603E+05  -.73554524E+05
 -.59771800E+05  -.74892592E+05
 -.60767997E+05  -.76230155E+05
 -.61764193E+05  -.77567185E+05
 -.62760390E+05  -.78903773E+05
 -.63756587E+05  -.80240450E+05
 -.64752783E+05  -.81579751E+05
 -.65748980E+05  -.82933494E+05
 -.66745177E+05  -.84310058E+05
 -.67741373E+05  -.85689198E+05
 -.68737570E+05  -.87065909E+05
 -.69733767E+05  -.88440839E+05
 -.70729963E+05  -.89814790E+05
 -.71726160E+05  -.91188392E+05
 -.72722357E+05  -.92562169E+05
 -.73718553E+05  -.93936607E+05
 -.74714750E+05  -.95312206E+05
 -.75710947E+05  -.96689534E+05
 -.76707143E+05  -.98069297E+05
 -.77703340E+05  -.99452442E+05
 -.78699537E+05  -.10084035E+06
 -.79695733E+05  -.10223527E+06
 -.80691930E+05  -.10364134E+06
 -.81688127E+05  -.10506847E+06
 -.82684323E+05  -.10656295E+06
 -.83680520E+05  -.11683448E+06
 -.84676717E+05  -.11816089E+06
 -.85672913E+05  -.11948729E+06
 -.86669110E+05  -.12081368E+06
 -.87665307E+05  -.12214006E+06
 -.88661503E+05  -.12346643E+06
 -.89657700E+05  -.12479279E+06
 -.90653897E+05  -.12611913E+06
 -.91650093E+05  -.12744546E+06
 -.92646290E+05  -.12877178E+06
 -.93642487E+05  -.13009808E+06
 -.94638683E+05  -.13142436E+06
 -.95634880E+05  -.13275061E+06
 -.96631077E+05  -.13407684E+06
 -.97627273E+05  -.13540303E+06
 -.98623470E+05  -.13672920E+06
 -.99619667E+05  -.13805532E+06
 -.10061586E+06  -.13938140E+06
 -.10161206E+06  -.14070744E+06
 -.10260826E+06  -.14203343E+06
 -.10360445E+06  -.14335937E+06
 -.10460065E+06  -.14468525E+06
 -.10559685E+06  -.14601107E+06
 -.10659304E+06  -.14733682E+06
 -.10758924E+06  -.14866251E+06
 -.10858544E+06  -.14998814E+06
 -.10958163E+06  -.15131369E+06
 -.11057783E+06  -.15263917E+06
 -.11157403E+06  -.15396458E+06
 -.11257022E+06  -.15528991E+06
 -.11356642E+06  -.15661517E+06
 -.11456262E+06  -.15794035E+06
 -.11555881E+06  -.15926547E+06
 -.11655501E+06  -.16059050E+06
 -.11755121E+06  -.16191547E+06
 -.11854740E+06  -.16324037E+06
 -.11954360E+06  -.16456520E+06
 -.12053980E+06  -.16588996E+06
 -.12153599E+06  -.16721466E+06
 -.12253219E+06  -.16853930E+06
 -.12352839E+06  -.16986388E+06
 -.12452458E+06  -.17118839E+06
 -.12552078E+06  -.17251286E+06
 -.12651698E+06  -.17383727E+06
 -.12751317E+06  -.17516163E+06
 -.12850937E+06  -.17648594E+06
 -.12950557E+06  -.17781020E+06
 -.13050176E+06  -.17913442E+06
 -.13149796E+06  -.18045859E+06
 -.13249416E+06  -.18178272E+06
 -.13349035E+06  -.18310680E+06
 -.13448655E+06  -.18443084E+06
 -.13548275E+06  -.18575484E+06
 -.13647894E+06  -.18707880E+06
 -.13747514E+06  -.18840272E+06
 -.13847134E+06  -.18972660E+06
 -.13946753E+06  -.19105043E+06
 -.14046373E+06  -.19237422E+06
 -.14145993E+06  -.19369796E+06
 -.14245612E+06  -.19502166E+06
 -.14345232E+06  -.19634531E+06
 -.14444852E+06  -.19766891E+06
 -.14544471E+06  -.19899246E+06
 -.14644091E+06  -.20031596E+06
 -.14743711E+06  -.20163940E+06
 -.14843330E+06  -.20296279E+06
 -.14942950E+06  -.20428611E+06
 -.15042570E+06  -.20560937E+06
 -.15142189E+06  -.20693257E+06
 -.15241809E+06  -.20825570E+06
 -.15341429E+06  -.20957876E+06
 -.15441048E+06  -.21090174E+06
 -.15540668E+06  -.21222465E+06
 -.15640288E+06  -.21354748E+06
 -.15739907E+06  -.21487022E+06
 -.15839527E+06  -.21619289E+06
 -.15939147E+06  -.21751546E+06
 -.16038766E+06  -.21883795E+06
 -.16138386E+06  -.22016034E+06
 -.16238006E+06  -.22148265E+06
 -.16337625E+06  -.22280485E+06
 -.16437245E+06  -.22412696E+06
 -.16536865E+06  -.22544897E+06
 -.16636484E+06  -.22677089E+06
 -.16736104E+06  -.22809270E+06
 -.16835724E+06  -.22941441E+06
 -.16935343E+06  -.23073602E+06
 -.17034963E+06  -.23205753E+06
 -.17134583E+06  -.23337894E+06
 -.17234202E+06  -.23470024E+06
 -.17333822E+06  -.23602145E+06
 -.17433442E+06  -.23734255E+06
 -.17533061E+06  -.23866355E+06
 -.17632681E+06  -.23998445E+06
 -.17732301E+06  -.24130525E+06
 -.17831920E+06  -.24262595E+06
 -.17931540E+06  -.24394655E+06
 -.18031160E+06  -.24526705E+06
 -.18130779E+06  -.24658746E+06
 -.18230399E+06  -.24790777E+06
 -.18330019E+06  -.24922799E+06
 -.18429638E+06  -.25054811E+06
 -.18529258E+06  -.25186813E+06
 -.18628878E+06  -.25318806E+06
 -.18728497E+06  -.25450790E+06
 -.18828117E+06  -.25582764E+06
 -.18927737E+06  -.25714730E+06
 -.19027356E+06  -.25846685E+06
 -.19126976E+06  -.25978632E+06
 -.19226596E+06  -.26110569E+06
 -.19326215E+06  -.26242496E+06
 -.19425835E+06  -.26374414E+06
 -.19525455E+06  -.26506323E+06
 -.19625074E+06  -.26638222E+06
 -.19724694E+06  -.26770112E+06
 -.19824314E+06  -.26901992E+06
 -.19923933E+06  -.27033861E+06
 -.20023553E+06  -.27165721E+06
 -.20123173E+06  -.27297571E+06
 -.20222792E+06  -.27429411E+06
 -.20322412E+06  -.27561241E+06
 -.20422032E+06  -.27693059E+06
 -.20521651E+06  -.27824868E+06
 -.20621271E+06  -.27956665E+06
 -.20720891E+06  -.28088452E+06
 -.20820510E+06  -.28220228E+06
 -.20920130E+06  -.28351992E+06
 -.21019750E+06  -.28483745E+06
 -.21119369E+06  -.28615487E+06
 -.21218989E+06  -.28747217E+06
 -.21318609E+06  -.28878935E+06
 -.21418228E+06  -.29010642E+06
 -.21517848E+06  -.29142336E+06
 -.21617468E+06  -.29274018E+06
 -.21717087E+06  -.29405688E+06
 -.21816707E+06  -.29537346E+06
 -.21916327E+06  -.29668992E+06
 -.22015946E+06  -.29800624E+06
 -.22115566E+06  -.29932245E+06
 -.22215186E+06  -.30063853E+06
 -.22314805E+06  -.30195448E+06
 -.22414425E+06  -.30327030E+06
 -.22514045E+06  -.30458600E+06
 -.22613664E+06  -.30590157E+06
 -.22713284E+06  -.30721701E+06
 -.22812904E+06  -.30853233E+06
 -.22912523E+06  -.30984752E+06
 -.23012143E+06  -.31116258E+06
 -.23111763E+06  -.31247751E+06
 -.23211382E+06  -.31379232E+06
 -.23311002E+06  -.31510700E+06
 -.23410622E+06  -.31642156E+06
 -.23510241E+06  -.31773598E+06
 -.23609861E+06  -.31905028E+06
 -.23709481E+06  -.32036446E+06
 -.23809100E+06  -.32167850E+06
 -.23908720E+06  -.32299243E+06
 -.24008340E+06  -.32430622E+06
 -.24107959E+06  -.32561989E+06
 -.24207579E+06  -.32693344E+06
 -.24307199E+06  -.32824686E+06
 -.24406818E+06  -.32956015E+06
 -.24506438E+06  -.33087332E+06
 -.24606058E+06  -.33218636E+06
 -.24705677E+06  -.33349927E+06
 -.24805297E+06  -.33481206E+06
 -.24904917E+06  -.33612472E+06
 -.25004536E+06  -.33743726E+06
 -.25104156E+06  -.33874966E+06
 -.25203776E+06  -.34006194E+06
 -.25303395E+06  -.34137410E+06
 -.25403015E+06  -.34268612E+06
 -.25502635E+06  -.34399801E+06
 -.25602254E+06  -.34530978E+06
 -.25701874E+06  -.34662141E+06
 -.25801494E+06  -.34793292E+06
 -.25901113E+06  -.34924429E+06
 -.26000733E+06  -.35055553E+06
 -.26100353E+06  -.35186664E+06
 -.26199972E+06  -.35317761E+06
 -.26299592E+06  -.35448846E+06
 -.26399212E+06  -.35579917E+06
 -.26498831E+06  -.35710974E+06
 -.26598451E+06  -.35842019E+06
 -.26698071E+06  -.35973049E+06
 -.26797690E+06  -.36104066E+06
 -.26897310E+06  -.36235070E+06
 -.26996930E+06  -.36366060E+06
 -.27096549E+06  -.36497037E+06
 -.27196169E+06  -.36628000E+06
 -.27295789E+06  -.36758949E+06
 -.27395408E+06  -.36889885E+06
 -.27495028E+06  -.37020807E+06
 -.27594648E+06  -.37151716E+06
 -.27694267E+06  -.37282611E+06
 -.27793887E+06  -.37413493E+06
 -.27893507E+06  -.37544361E+06
 -.27993126E+06  -.37675216E+06
 -.28092746E+06  -.37806057E+06
 -.28192366E+06  -.37936885E+06
 -.28291985E+06  -.38067699E+06
 -.28391605E+06  -.38198501E+06
 -.28491225E+06  -.38329289E+06
 -.28590844E+06  -.38460064E+06
 -.28690464E+06  -.38590825E+06
 -.28790084E+06  -.38721574E+06
 -.28889703E+06  -.38852310E+06
 -.28989323E+06  -.38983032E+06
 -.29088943E+06  -.39113742E+06
 -.29188562E+06  -.39244439E+06
 -.29288182E+06  -.39375124E+06
 -.29387802E+06  -.39505795E+06
 -.29487421E+06  -.39636454E+06
 -.29587041E+06  -.39767101E+06
 -.29686661E+06  -.39897735E+06
 -.29786280E+06  -.40028357E+06
 -.29885900E+06  -.40158967E+06
