 Mu_650_00_20 	Hu_650_00_20    
 0.10000000E+06  0.85061476E+06
 0.99000000E+05  0.85051895E+06
 0.98000000E+05  0.85042175E+06
 0.97000000E+05  0.85032315E+06
 0.96000000E+05  0.85022310E+06
 0.95000000E+05  0.85012159E+06
 0.94000000E+05  0.85001859E+06
 0.93000000E+05  0.84991406E+06
 0.92000000E+05  0.84980797E+06
 0.91000000E+05  0.84970030E+06
 0.90000000E+05  0.84959100E+06
 0.89000000E+05  0.84948005E+06
 0.88000000E+05  0.84936741E+06
 0.87000000E+05  0.84925304E+06
 0.86000000E+05  0.84913692E+06
 0.85000000E+05  0.84901899E+06
 0.84000000E+05  0.84889923E+06
 0.83000000E+05  0.84877759E+06
 0.82000000E+05  0.84865403E+06
 0.81000000E+05  0.84852852E+06
 0.80000000E+05  0.84840099E+06
 0.79000000E+05  0.84827142E+06
 0.78000000E+05  0.84813975E+06
 0.77000000E+05  0.84800594E+06
 0.76000000E+05  0.84786994E+06
 0.75000000E+05  0.84773169E+06
 0.74000000E+05  0.84759115E+06
 0.73000000E+05  0.84744825E+06
 0.72000000E+05  0.84730295E+06
 0.71000000E+05  0.84715519E+06
 0.70000000E+05  0.84700490E+06
 0.69000000E+05  0.84685203E+06
 0.68000000E+05  0.84669651E+06
 0.67000000E+05  0.84653827E+06
 0.66000000E+05  0.84637724E+06
 0.65000000E+05  0.84621337E+06
 0.64000000E+05  0.84604656E+06
 0.63000000E+05  0.84587675E+06
 0.62000000E+05  0.84570386E+06
 0.61000000E+05  0.84552780E+06
 0.60000000E+05  0.84534849E+06
 0.59000000E+05  0.84516585E+06
 0.58000000E+05  0.84497978E+06
 0.57000000E+05  0.84479018E+06
 0.56000000E+05  0.84459696E+06
 0.55000000E+05  0.84440002E+06
 0.54000000E+05  0.84419925E+06
 0.53000000E+05  0.84399454E+06
 0.52000000E+05  0.84378577E+06
 0.51000000E+05  0.84357283E+06
 0.50000000E+05  0.84335559E+06
 0.49000000E+05  0.84313392E+06
 0.48000000E+05  0.84290768E+06
 0.47000000E+05  0.84267673E+06
 0.46000000E+05  0.84244093E+06
 0.45000000E+05  0.84220011E+06
 0.44000000E+05  0.84195413E+06
 0.43000000E+05  0.84170281E+06
 0.42000000E+05  0.84144596E+06
 0.41000000E+05  0.84118342E+06
 0.40000000E+05  0.84091498E+06
 0.39000000E+05  0.84064044E+06
 0.38000000E+05  0.84035959E+06
 0.37000000E+05  0.84007219E+06
 0.36000000E+05  0.83977802E+06
 0.35000000E+05  0.83947684E+06
 0.34000000E+05  0.83916838E+06
 0.33000000E+05  0.83885236E+06
 0.32000000E+05  0.83852850E+06
 0.31000000E+05  0.83819649E+06
 0.30000000E+05  0.83785601E+06
 0.29000000E+05  0.83750671E+06
 0.28000000E+05  0.83714823E+06
 0.27000000E+05  0.83678019E+06
 0.26000000E+05  0.83640218E+06
 0.25000000E+05  0.83601376E+06
 0.24000000E+05  0.83561448E+06
 0.23000000E+05  0.83520385E+06
 0.22000000E+05  0.83478134E+06
 0.21000000E+05  0.83434637E+06
 0.20000000E+05  0.83389835E+06
 0.19000000E+05  0.83343661E+06
 0.18000000E+05  0.83296044E+06
 0.17000000E+05  0.83246901E+06
 0.16000000E+05  0.83196137E+06
 0.15000000E+05  0.83143619E+06
 0.14000000E+05  0.83089085E+06
 0.13000000E+05  0.83031039E+06
 0.12000000E+05  0.82845487E+06
 0.11000000E+05  0.80650921E+06
 0.10000000E+05  0.78993351E+06
 0.90000000E+04  0.77711822E+06
 0.80000000E+04  0.76579561E+06
 0.70000000E+04  0.75303362E+06
 0.60000000E+04  0.65985735E+06
 0.50000000E+04  0.64629790E+06
 0.40000000E+04  0.63249657E+06
 0.30000000E+04  0.61839814E+06
 0.20000000E+04  0.88141409E+05
 0.10000000E+04  0.80068025E+05
 0.00000000E+00  0.46164924E+05
 -.10000000E+04  -.10394523E+05
 -.20000000E+04  -.18773445E+05
 -.30000000E+04  -.46954119E+05
 -.40000000E+04  -.75003097E+05
 -.50000000E+04  -.10951592E+06
 -.60000000E+04  -.13178254E+06
 -.70000000E+04  -.17248827E+06
 -.80000000E+04  -.19004153E+06
 -.90000000E+04  -.20111326E+06
 -.10000000E+05  -.24362360E+06
 -.11000000E+05  -.25130829E+06
 -.12000000E+05  -.28922642E+06
 -.13000000E+05  -.31566149E+06
 -.14000000E+05  -.32338735E+06
 -.15000000E+05  -.39093345E+06
 -.16000000E+05  -.39843772E+06
 -.17000000E+05  -.41266048E+06
 -.18000000E+05  -.41980292E+06
 -.19000000E+05  -.42675804E+06
 -.20000000E+05  -.46326503E+06
 -.21000000E+05  -.46982358E+06
 -.22000000E+05  -.49722665E+06
 -.23000000E+05  -.50393725E+06
 -.24000000E+05  -.51050331E+06
 -.25000000E+05  -.53615035E+06
 -.26000000E+05  -.54215610E+06
 -.27000000E+05  -.54805045E+06
 -.28000000E+05  -.55386572E+06
 -.29000000E+05  -.55964831E+06
 -.30000000E+05  -.56550239E+06
 -.31000000E+05  -.62129124E+06
 -.32000000E+05  -.62617006E+06
 -.33000000E+05  -.63099247E+06
 -.34000000E+05  -.63587037E+06
 -.35000000E+05  -.65225539E+06
 -.36000000E+05  -.65675140E+06
 -.37000000E+05  -.66141904E+06
 -.38000000E+05  -.67685537E+06
 -.39000000E+05  -.68096022E+06
 -.40000000E+05  -.68501127E+06
 -.41000000E+05  -.69994173E+06
 -.42000000E+05  -.70365204E+06
 -.43000000E+05  -.70731176E+06
 -.44000000E+05  -.71094301E+06
 -.45000000E+05  -.71456130E+06
 -.46000000E+05  -.72837086E+06
 -.47000000E+05  -.73153354E+06
 -.48000000E+05  -.73469866E+06
 -.49000000E+05  -.73789437E+06
 -.50000000E+05  -.74112474E+06
 -.51000000E+05  -.74436132E+06
 -.52000000E+05  -.74757457E+06
 -.53000000E+05  -.76028395E+06
 -.54000000E+05  -.76354339E+06
 -.55000000E+05  -.76735078E+06
 -.56000000E+05  -.77156065E+06
 -.57000000E+05  -.77624069E+06
 -.58000000E+05  -.84497976E+06
 -.59000000E+05  -.84516582E+06
 -.60000000E+05  -.84534846E+06
 -.61000000E+05  -.84552777E+06
 -.62000000E+05  -.84570383E+06
 -.63000000E+05  -.84587672E+06
 -.64000000E+05  -.84604654E+06
 -.65000000E+05  -.84621334E+06
 -.66000000E+05  -.84637722E+06
 -.67000000E+05  -.84653824E+06
 -.68000000E+05  -.84669648E+06
 -.69000000E+05  -.84685201E+06
 -.70000000E+05  -.84700488E+06
 -.71000000E+05  -.84715517E+06
 -.72000000E+05  -.84730294E+06
 -.73000000E+05  -.84744824E+06
 -.74000000E+05  -.84759113E+06
 -.75000000E+05  -.84773167E+06
 -.76000000E+05  -.84786992E+06
 -.77000000E+05  -.84800593E+06
 -.78000000E+05  -.84813974E+06
 -.79000000E+05  -.84827141E+06
 -.80000000E+05  -.84840098E+06
 -.81000000E+05  -.84852850E+06
 -.82000000E+05  -.84865402E+06
 -.83000000E+05  -.84877758E+06
 -.84000000E+05  -.84889922E+06
 -.85000000E+05  -.84901898E+06
 -.86000000E+05  -.84913691E+06
 -.87000000E+05  -.84925304E+06
 -.88000000E+05  -.84936740E+06
 -.89000000E+05  -.84948004E+06
 -.90000000E+05  -.84959099E+06
 -.91000000E+05  -.84970029E+06
 -.92000000E+05  -.84980797E+06
 -.93000000E+05  -.84991405E+06
 -.94000000E+05  -.85001858E+06
 -.95000000E+05  -.85012159E+06
 -.96000000E+05  -.85022310E+06
 -.97000000E+05  -.85032314E+06
 -.98000000E+05  -.85042175E+06
 -.99000000E+05  -.85051894E+06
 -.10000000E+06  -.85061476E+06
