Mu-Hu               
 0.15000000E+06  0.85578249E+06
 0.14925000E+06  0.85576545E+06
 0.14850000E+06  0.85574830E+06
 0.14775000E+06  0.85573106E+06
 0.14700000E+06  0.85571372E+06
 0.14625000E+06  0.85569627E+06
 0.14550000E+06  0.85567872E+06
 0.14475000E+06  0.85566107E+06
 0.14400000E+06  0.85564331E+06
 0.14325000E+06  0.85562545E+06
 0.14250000E+06  0.85560749E+06
 0.14175000E+06  0.85558941E+06
 0.14100000E+06  0.85557124E+06
 0.14025000E+06  0.85555295E+06
 0.13950000E+06  0.85553455E+06
 0.13875000E+06  0.85551604E+06
 0.13800000E+06  0.85549743E+06
 0.13725000E+06  0.85547870E+06
 0.13650000E+06  0.85545986E+06
 0.13575000E+06  0.85544090E+06
 0.13500000E+06  0.85542184E+06
 0.13425000E+06  0.85540265E+06
 0.13350000E+06  0.85538335E+06
 0.13275000E+06  0.85536394E+06
 0.13200000E+06  0.85534440E+06
 0.13125000E+06  0.85532475E+06
 0.13050000E+06  0.85530498E+06
 0.12975000E+06  0.85528509E+06
 0.12900000E+06  0.85526508E+06
 0.12825000E+06  0.85524494E+06
 0.12750000E+06  0.85522468E+06
 0.12675000E+06  0.85520430E+06
 0.12600000E+06  0.85518379E+06
 0.12525000E+06  0.85516316E+06
 0.12450000E+06  0.85514240E+06
 0.12375000E+06  0.85512151E+06
 0.12300000E+06  0.85510049E+06
 0.12225000E+06  0.85507934E+06
 0.12150000E+06  0.85505806E+06
 0.12075000E+06  0.85503665E+06
 0.12000000E+06  0.85501510E+06
 0.11925000E+06  0.85499342E+06
 0.11850000E+06  0.85497160E+06
 0.11775000E+06  0.85494965E+06
 0.11700000E+06  0.85492756E+06
 0.11625000E+06  0.85490533E+06
 0.11550000E+06  0.85488296E+06
 0.11475000E+06  0.85486045E+06
 0.11400000E+06  0.85483780E+06
 0.11325000E+06  0.85481500E+06
 0.11250000E+06  0.85479206E+06
 0.11175000E+06  0.85476897E+06
 0.11100000E+06  0.85474574E+06
 0.11025000E+06  0.85472236E+06
 0.10950000E+06  0.85469882E+06
 0.10875000E+06  0.85467514E+06
 0.10800000E+06  0.85465131E+06
 0.10725000E+06  0.85462732E+06
 0.10650000E+06  0.85460318E+06
 0.10575000E+06  0.85457888E+06
 0.10500000E+06  0.85455443E+06
 0.10425000E+06  0.85452981E+06
 0.10350000E+06  0.85450504E+06
 0.10275000E+06  0.85448011E+06
 0.10200000E+06  0.85445501E+06
 0.10125000E+06  0.85442975E+06
 0.10050000E+06  0.85440433E+06
 0.99750000E+05  0.85437874E+06
 0.99000000E+05  0.85435298E+06
 0.98250000E+05  0.85432705E+06
 0.97500000E+05  0.85430095E+06
 0.96750000E+05  0.85427468E+06
 0.96000000E+05  0.85424824E+06
 0.95250000E+05  0.85422162E+06
 0.94500000E+05  0.85419482E+06
 0.93750000E+05  0.85416785E+06
 0.93000000E+05  0.85414070E+06
 0.92250000E+05  0.85411336E+06
 0.91500000E+05  0.85408584E+06
 0.90750000E+05  0.85405814E+06
 0.90000000E+05  0.85403025E+06
 0.89250000E+05  0.85400218E+06
 0.88500000E+05  0.85397391E+06
 0.87750000E+05  0.85394546E+06
 0.87000000E+05  0.85391681E+06
 0.86250000E+05  0.85388797E+06
 0.85500000E+05  0.85385893E+06
 0.84750000E+05  0.85382970E+06
 0.84000000E+05  0.85380026E+06
 0.83250000E+05  0.85377063E+06
 0.82500000E+05  0.85374079E+06
 0.81750000E+05  0.85371075E+06
 0.81000000E+05  0.85368050E+06
 0.80250000E+05  0.85365004E+06
 0.79500000E+05  0.85361937E+06
 0.78750000E+05  0.85358849E+06
 0.78000000E+05  0.85355740E+06
 0.77250000E+05  0.85352609E+06
 0.76500000E+05  0.85349456E+06
 0.75750000E+05  0.85346282E+06
 0.75000000E+05  0.85343085E+06
 0.74250000E+05  0.85339866E+06
 0.73500000E+05  0.85336624E+06
 0.72750000E+05  0.85333359E+06
 0.72000000E+05  0.85330072E+06
 0.71250000E+05  0.85326761E+06
 0.70500000E+05  0.85323427E+06
 0.69750000E+05  0.85320069E+06
 0.69000000E+05  0.85316688E+06
 0.68250000E+05  0.85313282E+06
 0.67500000E+05  0.85309852E+06
 0.66750000E+05  0.85306398E+06
 0.66000000E+05  0.85302919E+06
 0.65250000E+05  0.85299415E+06
 0.64500000E+05  0.85295885E+06
 0.63750000E+05  0.85292330E+06
 0.63000000E+05  0.85288750E+06
 0.62250000E+05  0.85285144E+06
 0.61500000E+05  0.85281511E+06
 0.60750000E+05  0.85277852E+06
 0.60000000E+05  0.85274166E+06
 0.59250000E+05  0.85270454E+06
 0.58500000E+05  0.85266714E+06
 0.57750000E+05  0.85262947E+06
 0.57000000E+05  0.85259152E+06
 0.56250000E+05  0.85255329E+06
 0.55500000E+05  0.85251478E+06
 0.54750000E+05  0.85247598E+06
 0.54000000E+05  0.85243690E+06
 0.53250000E+05  0.85239752E+06
 0.52500000E+05  0.85235785E+06
 0.51750000E+05  0.85231788E+06
 0.51000000E+05  0.85227762E+06
 0.50250000E+05  0.85223705E+06
 0.49500000E+05  0.85219617E+06
 0.48750000E+05  0.85215499E+06
 0.48000000E+05  0.85211349E+06
 0.47250000E+05  0.85207168E+06
 0.46500000E+05  0.85202955E+06
 0.45750000E+05  0.85198709E+06
 0.45000000E+05  0.85194431E+06
 0.44250000E+05  0.85190120E+06
 0.43500000E+05  0.85185776E+06
 0.42750000E+05  0.85181398E+06
 0.42000000E+05  0.85176986E+06
 0.41250000E+05  0.85172540E+06
 0.40500000E+05  0.85168059E+06
 0.39750000E+05  0.85163543E+06
 0.39000000E+05  0.85158991E+06
 0.38250000E+05  0.85154403E+06
 0.37500000E+05  0.85149778E+06
 0.36750000E+05  0.85145117E+06
 0.36000000E+05  0.85140418E+06
 0.35250000E+05  0.85135681E+06
 0.34500000E+05  0.85130905E+06
 0.33750000E+05  0.85126090E+06
 0.33000000E+05  0.85121236E+06
 0.32250000E+05  0.85116341E+06
 0.31500000E+05  0.85111405E+06
 0.30750000E+05  0.85106426E+06
 0.30000000E+05  0.85101405E+06
 0.29250000E+05  0.85096339E+06
 0.28500000E+05  0.85091227E+06
 0.27750000E+05  0.85086068E+06
 0.27000000E+05  0.85080858E+06
 0.26250000E+05  0.85075593E+06
 0.25500000E+05  0.85070266E+06
 0.24750000E+05  0.85064868E+06
 0.24000000E+05  0.85059373E+06
 0.23250000E+05  0.85053732E+06
 0.22500000E+05  0.85047800E+06
 0.21750000E+05  0.85041034E+06
 0.21000000E+05  0.85029631E+06
 0.20250000E+05  0.11134404E+06
 0.19500000E+05  0.10711798E+06
 0.18750000E+05  0.10286494E+06
 0.18000000E+05  0.98586489E+05
 0.17250000E+05  0.94285246E+05
 0.16500000E+05  0.89965106E+05
 0.15750000E+05  0.85631344E+05
 0.15000000E+05  0.81290641E+05
 0.14250000E+05  0.76950993E+05
 0.13500000E+05  0.72621465E+05
 0.12750000E+05  0.68311801E+05
 0.12000000E+05  0.64031908E+05
 0.11250000E+05  0.59791261E+05
 0.10500000E+05  0.55598311E+05
 0.97500000E+04  0.51459974E+05
 0.90000000E+04  0.47381251E+05
 0.82500000E+04  0.43365028E+05
 0.75000000E+04  0.39412036E+05
 0.67500000E+04  0.35520965E+05
 0.60000000E+04  0.31688665E+05
 0.52500000E+04  0.27910418E+05
 0.45000000E+04  0.24180206E+05
 0.37500000E+04  0.20490986E+05
 0.30000000E+04  0.16834929E+05
 0.22500000E+04  0.13203618E+05
 0.15000000E+04  0.95882289E+04
 0.75000000E+03  0.59796653E+04
 0.00000000E+00  0.23686884E+04
 -.75000000E+03  -.12539697E+04
 -.15000000E+04  -.48974865E+04
 -.22500000E+04  -.85708164E+04
 -.30000000E+04  -.12282534E+05
 -.37500000E+04  -.16040645E+05
 -.45000000E+04  -.19852357E+05
 -.52500000E+04  -.23723823E+05
 -.60000000E+04  -.27659850E+05
 -.67500000E+04  -.31663618E+05
 -.75000000E+04  -.35736428E+05
 -.82500000E+04  -.39877542E+05
 -.90000000E+04  -.44084145E+05
 -.97500000E+04  -.48351486E+05
 -.10500000E+05  -.52673188E+05
 -.11250000E+05  -.57041718E+05
 -.12000000E+05  -.61448931E+05
 -.12750000E+05  -.65886625E+05
 -.13500000E+05  -.70346990E+05
 -.14250000E+05  -.74822921E+05
 -.15000000E+05  -.79308149E+05
 -.15750000E+05  -.83797208E+05
 -.16500000E+05  -.88285298E+05
 -.17250000E+05  -.92768083E+05
 -.18000000E+05  -.97241491E+05
 -.18750000E+05  -.10170157E+06
 -.19500000E+05  -.10614443E+06
 -.20250000E+05  -.11056624E+06
 -.21000000E+05  -.11496339E+06
 -.21750000E+05  -.11933256E+06
 -.22500000E+05  -.12367097E+06
 -.23250000E+05  -.12797651E+06
 -.24000000E+05  -.13224785E+06
 -.24750000E+05  -.13648448E+06
 -.25500000E+05  -.14068668E+06
 -.26250000E+05  -.14485546E+06
 -.27000000E+05  -.14899234E+06
 -.27750000E+05  -.15309927E+06
 -.28500000E+05  -.15717832E+06
 -.29250000E+05  -.16123155E+06
 -.30000000E+05  -.16526081E+06
 -.30750000E+05  -.16926757E+06
 -.31500000E+05  -.17325281E+06
 -.32250000E+05  -.17721700E+06
 -.33000000E+05  -.18116003E+06
 -.33750000E+05  -.18508133E+06
 -.34500000E+05  -.18897994E+06
 -.35250000E+05  -.19285471E+06
 -.36000000E+05  -.19670445E+06
 -.36750000E+05  -.20052811E+06
 -.37500000E+05  -.20432497E+06
 -.38250000E+05  -.20809478E+06
 -.39000000E+05  -.21183785E+06
 -.39750000E+05  -.21555505E+06
 -.40500000E+05  -.21924786E+06
 -.41250000E+05  -.22291827E+06
 -.42000000E+05  -.22656871E+06
 -.42750000E+05  -.23020190E+06
 -.43500000E+05  -.23382075E+06
 -.44250000E+05  -.23742818E+06
 -.45000000E+05  -.24102699E+06
 -.45750000E+05  -.24461969E+06
 -.46500000E+05  -.24820842E+06
 -.47250000E+05  -.25179478E+06
 -.48000000E+05  -.25537978E+06
 -.48750000E+05  -.25896377E+06
 -.49500000E+05  -.26254647E+06
 -.50250000E+05  -.26612700E+06
 -.51000000E+05  -.26970392E+06
 -.51750000E+05  -.27327544E+06
 -.52500000E+05  -.27683953E+06
 -.53250000E+05  -.28039413E+06
 -.54000000E+05  -.28393731E+06
 -.54750000E+05  -.28746747E+06
 -.55500000E+05  -.29098341E+06
 -.56250000E+05  -.29448450E+06
 -.57000000E+05  -.29797067E+06
 -.57750000E+05  -.30144242E+06
 -.58500000E+05  -.30490079E+06
 -.59250000E+05  -.30834728E+06
 -.60000000E+05  -.31178374E+06
 -.60750000E+05  -.31521228E+06
 -.61500000E+05  -.31863510E+06
 -.62250000E+05  -.32205439E+06
 -.63000000E+05  -.32547221E+06
 -.63750000E+05  -.32889031E+06
 -.64500000E+05  -.33231008E+06
 -.65250000E+05  -.33573245E+06
 -.66000000E+05  -.33915777E+06
 -.66750000E+05  -.34258582E+06
 -.67500000E+05  -.34601582E+06
 -.68250000E+05  -.34944640E+06
 -.69000000E+05  -.35287576E+06
 -.69750000E+05  -.35630170E+06
 -.70500000E+05  -.35972185E+06
 -.71250000E+05  -.36313371E+06
 -.72000000E+05  -.36653492E+06
 -.72750000E+05  -.36992327E+06
 -.73500000E+05  -.37329693E+06
 -.74250000E+05  -.37665444E+06
 -.75000000E+05  -.37999476E+06
 -.75750000E+05  -.38331731E+06
 -.76500000E+05  -.38662186E+06
 -.77250000E+05  -.38990855E+06
 -.78000000E+05  -.39317772E+06
 -.78750000E+05  -.39642990E+06
 -.79500000E+05  -.39966565E+06
 -.80250000E+05  -.40288549E+06
 -.81000000E+05  -.40608981E+06
 -.81750000E+05  -.40927883E+06
 -.82500000E+05  -.41245248E+06
 -.83250000E+05  -.41561044E+06
 -.84000000E+05  -.41875210E+06
 -.84750000E+05  -.42187661E+06
 -.85500000E+05  -.42498289E+06
 -.86250000E+05  -.42806971E+06
 -.87000000E+05  -.43113580E+06
 -.87750000E+05  -.43417989E+06
 -.88500000E+05  -.43720087E+06
 -.89250000E+05  -.44019781E+06
 -.90000000E+05  -.44317007E+06
 -.90750000E+05  -.44611738E+06
 -.91500000E+05  -.44903985E+06
 -.92250000E+05  -.45193799E+06
 -.93000000E+05  -.45481275E+06
 -.93750000E+05  -.45766549E+06
 -.94500000E+05  -.46049796E+06
 -.95250000E+05  -.46331228E+06
 -.96000000E+05  -.46611091E+06
 -.96750000E+05  -.46889661E+06
 -.97500000E+05  -.47167241E+06
 -.98250000E+05  -.47444158E+06
 -.99000000E+05  -.47720762E+06
 -.99750000E+05  -.47997419E+06
 -.10050000E+06  -.48274516E+06
 -.10125000E+06  -.48552452E+06
 -.10200000E+06  -.48831644E+06
 -.10275000E+06  -.49112519E+06
 -.10350000E+06  -.49395519E+06
 -.10425000E+06  -.49681097E+06
 -.10500000E+06  -.49969719E+06
 -.10575000E+06  -.50261861E+06
 -.10650000E+06  -.50558014E+06
 -.10725000E+06  -.50858679E+06
 -.10800000E+06  -.51164372E+06
 -.10875000E+06  -.51475626E+06
 -.10950000E+06  -.51792994E+06
 -.11025000E+06  -.52117056E+06
 -.11100000E+06  -.52448427E+06
 -.11175000E+06  -.52787777E+06
 -.11250000E+06  -.53135846E+06
 -.11325000E+06  -.53493482E+06
 -.11400000E+06  -.53861683E+06
 -.11475000E+06  -.54241664E+06
 -.11550000E+06  -.54634956E+06
 -.11625000E+06  -.55043553E+06
 -.11700000E+06  -.55470134E+06
 -.11775000E+06  -.55918438E+06
 -.11850000E+06  -.56393916E+06
 -.11925000E+06  -.56904998E+06
 -.12000000E+06  -.57465861E+06
 -.12075000E+06  -.58103817E+06
 -.12150000E+06  -.58886829E+06
 -.12225000E+06  -.60209997E+06
 -.12300000E+06  -.85510049E+06
 -.12375000E+06  -.85512151E+06
 -.12450000E+06  -.85514240E+06
 -.12525000E+06  -.85516316E+06
 -.12600000E+06  -.85518379E+06
 -.12675000E+06  -.85520430E+06
 -.12750000E+06  -.85522468E+06
 -.12825000E+06  -.85524494E+06
 -.12900000E+06  -.85526508E+06
 -.12975000E+06  -.85528509E+06
 -.13050000E+06  -.85530498E+06
 -.13125000E+06  -.85532475E+06
 -.13200000E+06  -.85534441E+06
 -.13275000E+06  -.85536394E+06
 -.13350000E+06  -.85538335E+06
 -.13425000E+06  -.85540265E+06
 -.13500000E+06  -.85542184E+06
 -.13575000E+06  -.85544090E+06
 -.13650000E+06  -.85545986E+06
 -.13725000E+06  -.85547870E+06
 -.13800000E+06  -.85549743E+06
 -.13875000E+06  -.85551604E+06
 -.13950000E+06  -.85553455E+06
 -.14025000E+06  -.85555295E+06
 -.14100000E+06  -.85557124E+06
 -.14175000E+06  -.85558942E+06
 -.14250000E+06  -.85560749E+06
 -.14325000E+06  -.85562545E+06
 -.14400000E+06  -.85564332E+06
 -.14475000E+06  -.85566107E+06
 -.14550000E+06  -.85567872E+06
 -.14625000E+06  -.85569627E+06
 -.14700000E+06  -.85571372E+06
 -.14775000E+06  -.85573106E+06
 -.14850000E+06  -.85574830E+06
 -.14925000E+06  -.85576545E+06
 -.15000000E+06  -.85578249E+06
Mv-Hv               
 0.00000000E+00  -.16939184E+03
 0.00000000E+00  -.17056934E+03
 0.00000000E+00  -.17175760E+03
 0.00000000E+00  -.17295893E+03
 0.00000000E+00  -.17417370E+03
 0.00000000E+00  -.17540193E+03
 0.00000000E+00  -.17664403E+03
 0.00000000E+00  -.17790000E+03
 0.00000000E+00  -.17917030E+03
 0.00000000E+00  -.18045491E+03
 0.00000000E+00  -.18175431E+03
 0.00000000E+00  -.18306847E+03
 0.00000000E+00  -.18439791E+03
 0.00000000E+00  -.18574258E+03
 0.00000000E+00  -.18710288E+03
 0.00000000E+00  -.18847925E+03
 0.00000000E+00  -.18987158E+03
 0.00000000E+00  -.19128054E+03
 0.00000000E+00  -.19270597E+03
 0.00000000E+00  -.19414861E+03
 0.00000000E+00  -.19560826E+03
 0.00000000E+00  -.19708596E+03
 0.00000000E+00  -.19858128E+03
 0.00000000E+00  -.20009475E+03
 0.00000000E+00  -.20162670E+03
 0.00000000E+00  -.20317769E+03
 0.00000000E+00  -.20474755E+03
 0.00000000E+00  -.20633687E+03
 0.00000000E+00  -.20794599E+03
 0.00000000E+00  -.20957550E+03
 0.00000000E+00  -.21122527E+03
 0.00000000E+00  -.21289615E+03
 0.00000000E+00  -.21458804E+03
 0.00000000E+00  -.21630157E+03
 0.00000000E+00  -.21803735E+03
 0.00000000E+00  -.21979532E+03
 0.00000000E+00  -.22157614E+03
 0.00000000E+00  -.22338022E+03
 0.00000000E+00  -.22520823E+03
 0.00000000E+00  -.22706014E+03
 0.00000000E+00  -.22893664E+03
 0.00000000E+00  -.23083820E+03
 0.00000000E+00  -.23276530E+03
 0.00000000E+00  -.23471842E+03
 0.00000000E+00  -.23669833E+03
 0.00000000E+00  -.23870503E+03
 0.00000000E+00  -.24073929E+03
 0.00000000E+00  -.24280167E+03
 0.00000000E+00  -.24489271E+03
 0.00000000E+00  -.24701299E+03
 0.00000000E+00  -.24916310E+03
 0.00000000E+00  -.25134394E+03
 0.00000000E+00  -.25355552E+03
 0.00000000E+00  -.25579878E+03
 0.00000000E+00  -.25807437E+03
 0.00000000E+00  -.26038296E+03
 0.00000000E+00  -.26272557E+03
 0.00000000E+00  -.26510224E+03
 0.00000000E+00  -.26751438E+03
 0.00000000E+00  -.26996205E+03
 0.00000000E+00  -.27244671E+03
 0.00000000E+00  -.27496879E+03
 0.00000000E+00  -.27752912E+03
 0.00000000E+00  -.28012854E+03
 0.00000000E+00  -.28276756E+03
 0.00000000E+00  -.28544775E+03
 0.00000000E+00  -.28816968E+03
 0.00000000E+00  -.29093430E+03
 0.00000000E+00  -.29374257E+03
 0.00000000E+00  -.29659549E+03
 0.00000000E+00  -.29949409E+03
 0.00000000E+00  -.30243942E+03
 0.00000000E+00  -.30543224E+03
 0.00000000E+00  -.30847437E+03
 0.00000000E+00  -.31156661E+03
 0.00000000E+00  -.31471018E+03
 0.00000000E+00  -.31790629E+03
 0.00000000E+00  -.32115624E+03
 0.00000000E+00  -.32446135E+03
 0.00000000E+00  -.32782332E+03
 0.00000000E+00  -.33124286E+03
 0.00000000E+00  -.33472178E+03
 0.00000000E+00  -.33826158E+03
 0.00000000E+00  -.34186380E+03
 0.00000000E+00  -.34553007E+03
 0.00000000E+00  -.34926204E+03
 0.00000000E+00  -.35306180E+03
 0.00000000E+00  -.35693039E+03
 0.00000000E+00  -.36087039E+03
 0.00000000E+00  -.36488299E+03
 0.00000000E+00  -.36897052E+03
 0.00000000E+00  -.37313541E+03
 0.00000000E+00  -.37737903E+03
 0.00000000E+00  -.38170434E+03
 0.00000000E+00  -.38611288E+03
 0.00000000E+00  -.39060777E+03
 0.00000000E+00  -.39519109E+03
 0.00000000E+00  -.39986503E+03
 0.00000000E+00  -.40463300E+03
 0.00000000E+00  -.40949701E+03
 0.00000000E+00  -.41446068E+03
 0.00000000E+00  -.41952662E+03
 0.00000000E+00  -.42469794E+03
 0.00000000E+00  -.42997748E+03
 0.00000000E+00  -.43536939E+03
 0.00000000E+00  -.44087678E+03
 0.00000000E+00  -.44650331E+03
 0.00000000E+00  -.45225279E+03
 0.00000000E+00  -.45812919E+03
 0.00000000E+00  -.46413666E+03
 0.00000000E+00  -.47027953E+03
 0.00000000E+00  -.47656231E+03
 0.00000000E+00  -.48298974E+03
 0.00000000E+00  -.48956675E+03
 0.00000000E+00  -.49629894E+03
 0.00000000E+00  -.50319086E+03
 0.00000000E+00  -.51024859E+03
 0.00000000E+00  -.51747808E+03
 0.00000000E+00  -.52488552E+03
 0.00000000E+00  -.53247745E+03
 0.00000000E+00  -.54026116E+03
 0.00000000E+00  -.54824293E+03
 0.00000000E+00  -.55643168E+03
 0.00000000E+00  -.56483397E+03
 0.00000000E+00  -.57345905E+03
 0.00000000E+00  -.58231481E+03
 0.00000000E+00  -.59141141E+03
 0.00000000E+00  -.60075814E+03
 0.00000000E+00  -.61036530E+03
 0.00000000E+00  -.62024374E+03
 0.00000000E+00  -.63040494E+03
 0.00000000E+00  -.64086102E+03
 0.00000000E+00  -.65162523E+03
 0.00000000E+00  -.66271029E+03
 0.00000000E+00  -.67413103E+03
 0.00000000E+00  -.68590312E+03
 0.00000000E+00  -.69804231E+03
 0.00000000E+00  -.71056541E+03
 0.00000000E+00  -.72349153E+03
 0.00000000E+00  -.73683930E+03
 0.00000000E+00  -.75063027E+03
 0.00000000E+00  -.76488573E+03
 0.00000000E+00  -.77962968E+03
 0.00000000E+00  -.79488732E+03
 0.00000000E+00  -.81068520E+03
 0.00000000E+00  -.82703989E+03
 0.00000000E+00  -.84400888E+03
 0.00000000E+00  -.86161185E+03
 0.00000000E+00  -.87988432E+03
 0.00000000E+00  -.89886458E+03
 0.00000000E+00  -.91859388E+03
 0.00000000E+00  -.93911674E+03
 0.00000000E+00  -.96048122E+03
 0.00000000E+00  -.98273923E+03
 0.00000000E+00  -.10059468E+04
 0.00000000E+00  -.10301649E+04
 0.00000000E+00  -.10554596E+04
 0.00000000E+00  -.10819014E+04
 0.00000000E+00  -.11095676E+04
 0.00000000E+00  -.11385427E+04
 0.00000000E+00  -.11689176E+04
 0.00000000E+00  -.12007910E+04
 0.00000000E+00  -.12342700E+04
 0.00000000E+00  -.12694616E+04
 0.00000000E+00  -.13065056E+04
 0.00000000E+00  -.13454946E+04
 0.00000000E+00  -.13865488E+04
 0.00000000E+00  -.14297731E+04
 0.00000000E+00  -.14752005E+04
 0.00000000E+00  -.15227116E+04
 0.00000000E+00  -.15717432E+04
 0.00000000E+00  -.16201931E+04
 0.00000000E+00  -.16575915E+04
 0.00000000E+00  0.19388128E+04
 0.00000000E+00  0.17389924E+04
 0.00000000E+00  0.15308079E+04
 0.00000000E+00  0.13159915E+04
 0.00000000E+00  0.10963579E+04
 0.00000000E+00  0.87375410E+03
 0.00000000E+00  0.65001409E+03
 0.00000000E+00  0.42690853E+03
 0.00000000E+00  0.20608965E+03
 0.00000000E+00  -.10965331E+02
 0.00000000E+00  -.22300686E+03
 0.00000000E+00  -.42905706E+03
 0.00000000E+00  -.62843652E+03
 0.00000000E+00  -.82077190E+03
 0.00000000E+00  -.10059808E+04
 0.00000000E+00  -.11842362E+04
 0.00000000E+00  -.13559189E+04
 0.00000000E+00  -.15215569E+04
 0.00000000E+00  -.16817674E+04
 0.00000000E+00  -.18372001E+04
 0.00000000E+00  -.19884880E+04
 0.00000000E+00  -.21362064E+04
 0.00000000E+00  -.22808386E+04
 0.00000000E+00  -.24227485E+04
 0.00000000E+00  -.25621571E+04
 0.00000000E+00  -.26991209E+04
 0.00000000E+00  -.28335118E+04
 0.00000000E+00  -.29649962E+04
 0.00000000E+00  -.30930127E+04
 0.00000000E+00  -.32167478E+04
 0.00000000E+00  -.33351112E+04
 0.00000000E+00  -.34467139E+04
 0.00000000E+00  -.35498502E+04
 0.00000000E+00  -.36424871E+04
 0.00000000E+00  -.37222722E+04
 0.00000000E+00  -.37865649E+04
 0.00000000E+00  -.38324990E+04
 0.00000000E+00  -.38570851E+04
 0.00000000E+00  -.38573537E+04
 0.00000000E+00  -.38305355E+04
 0.00000000E+00  -.37742644E+04
 0.00000000E+00  -.36867826E+04
 0.00000000E+00  -.35671198E+04
 0.00000000E+00  -.34152202E+04
 0.00000000E+00  -.32320022E+04
 0.00000000E+00  -.30193446E+04
 0.00000000E+00  -.27800056E+04
 0.00000000E+00  -.25174913E+04
 0.00000000E+00  -.22358870E+04
 0.00000000E+00  -.19396753E+04
 0.00000000E+00  -.16335451E+04
 0.00000000E+00  -.13222062E+04
 0.00000000E+00  -.10102168E+04
 0.00000000E+00  -.70183082E+03
 0.00000000E+00  -.40087161E+03
 0.00000000E+00  -.11064449E+03
 0.00000000E+00  0.16611346E+03
 0.00000000E+00  0.42723874E+03
 0.00000000E+00  0.67110694E+03
 0.00000000E+00  0.89656939E+03
 0.00000000E+00  0.11028676E+04
 0.00000000E+00  0.12895412E+04
 0.00000000E+00  0.14563393E+04
 0.00000000E+00  0.16031467E+04
 0.00000000E+00  0.17299284E+04
 0.00000000E+00  0.18366932E+04
 0.00000000E+00  0.19234802E+04
 0.00000000E+00  0.19903619E+04
 0.00000000E+00  0.20374649E+04
 0.00000000E+00  0.20649984E+04
 0.00000000E+00  0.20732882E+04
 0.00000000E+00  0.20628090E+04
 0.00000000E+00  0.20342105E+04
 0.00000000E+00  0.19883316E+04
 0.00000000E+00  0.19262013E+04
 0.00000000E+00  0.18490240E+04
 0.00000000E+00  0.17581522E+04
 0.00000000E+00  0.16550485E+04
 0.00000000E+00  0.15412428E+04
 0.00000000E+00  0.14182881E+04
 0.00000000E+00  0.12877220E+04
 0.00000000E+00  0.11510341E+04
 0.00000000E+00  0.10096442E+04
 0.00000000E+00  0.86488921E+03
 0.00000000E+00  0.71801849E+03
 0.00000000E+00  0.57019841E+03
 0.00000000E+00  0.42252219E+03
 0.00000000E+00  0.27601991E+03
 0.00000000E+00  0.13167282E+03
 0.00000000E+00  -.95769410E+01
 0.00000000E+00  -.14681674E+03
 0.00000000E+00  -.27916074E+03
 0.00000000E+00  -.40575488E+03
 0.00000000E+00  -.52578363E+03
 0.00000000E+00  -.63848766E+03
 0.00000000E+00  -.74318147E+03
 0.00000000E+00  -.83927752E+03
 0.00000000E+00  -.92630652E+03
 0.00000000E+00  -.10039365E+04
 0.00000000E+00  -.10719869E+04
 0.00000000E+00  -.11304344E+04
 0.00000000E+00  -.11794121E+04
 0.00000000E+00  -.12192010E+04
 0.00000000E+00  -.12502164E+04
 0.00000000E+00  -.12729895E+04
 0.00000000E+00  -.12881468E+04
 0.00000000E+00  -.12963891E+04
 0.00000000E+00  -.12984712E+04
 0.00000000E+00  -.12951830E+04
 0.00000000E+00  -.12873324E+04
 0.00000000E+00  -.12757317E+04
 0.00000000E+00  -.12611839E+04
 0.00000000E+00  -.12444726E+04
 0.00000000E+00  -.12263524E+04
 0.00000000E+00  -.12075430E+04
 0.00000000E+00  -.11887211E+04
 0.00000000E+00  -.11705165E+04
 0.00000000E+00  -.11535082E+04
 0.00000000E+00  -.11382238E+04
 0.00000000E+00  -.11251365E+04
 0.00000000E+00  -.11146694E+04
 0.00000000E+00  -.11071969E+04
 0.00000000E+00  -.11030484E+04
 0.00000000E+00  -.11025139E+04
 0.00000000E+00  -.11058483E+04
 0.00000000E+00  -.11132755E+04
 0.00000000E+00  -.11249924E+04
 0.00000000E+00  -.11411705E+04
 0.00000000E+00  -.11619562E+04
 0.00000000E+00  -.11874691E+04
 0.00000000E+00  -.12177985E+04
 0.00000000E+00  -.12530003E+04
 0.00000000E+00  -.12930885E+04
 0.00000000E+00  -.13380312E+04
 0.00000000E+00  -.13877423E+04
 0.00000000E+00  -.14420750E+04
 0.00000000E+00  -.15008165E+04
 0.00000000E+00  -.15636858E+04
 0.00000000E+00  -.16303306E+04
 0.00000000E+00  -.17003305E+04
 0.00000000E+00  -.17732024E+04
 0.00000000E+00  -.18484075E+04
 0.00000000E+00  -.19253646E+04
 0.00000000E+00  -.20034636E+04
 0.00000000E+00  -.20820809E+04
 0.00000000E+00  -.21605967E+04
 0.00000000E+00  -.22384095E+04
 0.00000000E+00  -.23149505E+04
 0.00000000E+00  -.23896944E+04
 0.00000000E+00  -.24621690E+04
 0.00000000E+00  -.25319589E+04
 0.00000000E+00  -.25987084E+04
 0.00000000E+00  -.26621210E+04
 0.00000000E+00  -.27219561E+04
 0.00000000E+00  -.27780258E+04
 0.00000000E+00  -.28301876E+04
 0.00000000E+00  -.28783406E+04
 0.00000000E+00  -.29224174E+04
 0.00000000E+00  -.29623790E+04
 0.00000000E+00  -.29982085E+04
 0.00000000E+00  -.30299064E+04
 0.00000000E+00  -.30574857E+04
 0.00000000E+00  -.30809686E+04
 0.00000000E+00  -.31003814E+04
 0.00000000E+00  -.31157551E+04
 0.00000000E+00  -.31271213E+04
 0.00000000E+00  -.31345126E+04
 0.00000000E+00  -.31379626E+04
 0.00000000E+00  -.31375070E+04
 0.00000000E+00  -.31331851E+04
 0.00000000E+00  -.31250437E+04
 0.00000000E+00  -.31131398E+04
 0.00000000E+00  -.30975470E+04
 0.00000000E+00  -.30783595E+04
 0.00000000E+00  -.30557003E+04
 0.00000000E+00  -.30297251E+04
 0.00000000E+00  -.30006298E+04
 0.00000000E+00  -.29686538E+04
 0.00000000E+00  -.29340826E+04
 0.00000000E+00  -.28972466E+04
 0.00000000E+00  -.28585163E+04
 0.00000000E+00  -.28182907E+04
 0.00000000E+00  -.27769821E+04
 0.00000000E+00  -.27349902E+04
 0.00000000E+00  -.26926680E+04
 0.00000000E+00  -.26502698E+04
 0.00000000E+00  -.26078679E+04
 0.00000000E+00  -.25652023E+04
 0.00000000E+00  -.25212299E+04
 0.00000000E+00  -.24726982E+04
 0.00000000E+00  -.23986500E+04
 0.00000000E+00  0.22157526E+03
 0.00000000E+00  0.21979298E+03
 0.00000000E+00  0.21803487E+03
 0.00000000E+00  0.21629921E+03
 0.00000000E+00  0.21458581E+03
 0.00000000E+00  0.21289382E+03
 0.00000000E+00  0.21122307E+03
 0.00000000E+00  0.20957344E+03
 0.00000000E+00  0.20794408E+03
 0.00000000E+00  0.20633512E+03
 0.00000000E+00  0.20474571E+03
 0.00000000E+00  0.20317577E+03
 0.00000000E+00  0.20162496E+03
 0.00000000E+00  0.20009318E+03
 0.00000000E+00  0.19857964E+03
 0.00000000E+00  0.19708427E+03
 0.00000000E+00  0.19560676E+03
 0.00000000E+00  0.19414682E+03
 0.00000000E+00  0.19270415E+03
 0.00000000E+00  0.19127824E+03
 0.00000000E+00  0.18986926E+03
 0.00000000E+00  0.18847651E+03
 0.00000000E+00  0.18709994E+03
 0.00000000E+00  0.18573946E+03
 0.00000000E+00  0.18439446E+03
 0.00000000E+00  0.18306502E+03
 0.00000000E+00  0.18175058E+03
 0.00000000E+00  0.18045120E+03
 0.00000000E+00  0.17916635E+03
 0.00000000E+00  0.17789607E+03
 0.00000000E+00  0.17663990E+03
 0.00000000E+00  0.17539783E+03
 0.00000000E+00  0.17416944E+03
 0.00000000E+00  0.17295470E+03
 0.00000000E+00  0.17175324E+03
 0.00000000E+00  0.17056500E+03
 0.00000000E+00  0.16938965E+03
Mw-Hw               
 0.00000000E+00  0.24122465E-02
 0.00000000E+00  0.95365343E-03
 0.00000000E+00  0.95889148E-03
 0.00000000E+00  0.10926987E-02
 0.00000000E+00  0.10985758E-02
 0.00000000E+00  0.12367235E-02
 0.00000000E+00  0.12452387E-02
 0.00000000E+00  0.13872945E-02
 0.00000000E+00  0.13985678E-02
 0.00000000E+00  0.15440002E-02
 0.00000000E+00  0.15581261E-02
 0.00000000E+00  0.17062952E-02
 0.00000000E+00  0.17233369E-02
 0.00000000E+00  0.18734838E-02
 0.00000000E+00  0.20232722E-02
 0.00000000E+00  0.20447176E-02
 0.00000000E+00  0.21946938E-02
 0.00000000E+00  0.22189778E-02
 0.00000000E+00  0.23679635E-02
 0.00000000E+00  0.23949620E-02
 0.00000000E+00  0.25416621E-02
 0.00000000E+00  0.24531748E-02
 0.00000000E+00  0.24841515E-02
 0.00000000E+00  0.25167808E-02
 0.00000000E+00  0.25508614E-02
 0.00000000E+00  0.24658542E-02
 0.00000000E+00  0.25032637E-02
 0.00000000E+00  0.25423462E-02
 0.00000000E+00  0.25829307E-02
 0.00000000E+00  0.25026106E-02
 0.00000000E+00  0.25467529E-02
 0.00000000E+00  0.24674400E-02
 0.00000000E+00  0.25154214E-02
 0.00000000E+00  0.25651228E-02
 0.00000000E+00  0.24895592E-02
 0.00000000E+00  0.25431310E-02
 0.00000000E+00  0.25984507E-02
 0.00000000E+00  0.26554018E-02
 0.00000000E+00  0.25866782E-02
 0.00000000E+00  0.26477136E-02
 0.00000000E+00  0.27105074E-02
 0.00000000E+00  0.27749187E-02
 0.00000000E+00  0.28409042E-02
 0.00000000E+00  0.29084110E-02
 0.00000000E+00  0.28532201E-02
 0.00000000E+00  0.29250017E-02
 0.00000000E+00  0.29984129E-02
 0.00000000E+00  0.30732076E-02
 0.00000000E+00  0.31492903E-02
 0.00000000E+00  0.32265510E-02
 0.00000000E+00  0.33048656E-02
 0.00000000E+00  0.32689300E-02
 0.00000000E+00  0.33513287E-02
 0.00000000E+00  0.34348176E-02
 0.00000000E+00  0.35189454E-02
 0.00000000E+00  0.36035118E-02
 0.00000000E+00  0.35821990E-02
 0.00000000E+00  0.36702898E-02
 0.00000000E+00  0.36533442E-02
 0.00000000E+00  0.37451224E-02
 0.00000000E+00  0.37328335E-02
 0.00000000E+00  0.37213506E-02
 0.00000000E+00  0.37112851E-02
 0.00000000E+00  0.37028473E-02
 0.00000000E+00  0.38092077E-02
 0.00000000E+00  0.38066226E-02
 0.00000000E+00  0.38056953E-02
 0.00000000E+00  0.38069439E-02
 0.00000000E+00  0.38105291E-02
 0.00000000E+00  0.38166013E-02
 0.00000000E+00  0.38253000E-02
 0.00000000E+00  0.38367539E-02
 0.00000000E+00  0.39675470E-02
 0.00000000E+00  0.39856006E-02
 0.00000000E+00  0.40062743E-02
 0.00000000E+00  0.40299614E-02
 0.00000000E+00  0.40567377E-02
 0.00000000E+00  0.40866677E-02
 0.00000000E+00  0.41198033E-02
 0.00000000E+00  0.40397683E-02
 0.00000000E+00  0.40797727E-02
 0.00000000E+00  0.41234817E-02
 0.00000000E+00  0.41706265E-02
 0.00000000E+00  0.42211906E-02
 0.00000000E+00  0.42751391E-02
 0.00000000E+00  0.43324178E-02
 0.00000000E+00  0.42792020E-02
 0.00000000E+00  0.43444083E-02
 0.00000000E+00  0.42980875E-02
 0.00000000E+00  0.43717277E-02
 0.00000000E+00  0.44487664E-02
 0.00000000E+00  0.44156392E-02
 0.00000000E+00  0.45007740E-02
 0.00000000E+00  0.44763424E-02
 0.00000000E+00  0.45696794E-02
 0.00000000E+00  0.45544665E-02
 0.00000000E+00  0.45430825E-02
 0.00000000E+00  0.46497776E-02
 0.00000000E+00  0.46485021E-02
 0.00000000E+00  0.47623524E-02
 0.00000000E+00  0.47709995E-02
 0.00000000E+00  0.47841492E-02
 0.00000000E+00  0.48022060E-02
 0.00000000E+00  0.49320426E-02
 0.00000000E+00  0.49600347E-02
 0.00000000E+00  0.49926692E-02
 0.00000000E+00  0.50302035E-02
 0.00000000E+00  0.50725953E-02
 0.00000000E+00  0.51197554E-02
 0.00000000E+00  0.51715414E-02
 0.00000000E+00  0.52277527E-02
 0.00000000E+00  0.52881243E-02
 0.00000000E+00  0.53523190E-02
 0.00000000E+00  0.54199191E-02
 0.00000000E+00  0.54037933E-02
 0.00000000E+00  0.54801190E-02
 0.00000000E+00  0.55586892E-02
 0.00000000E+00  0.56384313E-02
 0.00000000E+00  0.57183933E-02
 0.00000000E+00  0.57974708E-02
 0.00000000E+00  0.58117290E-02
 0.00000000E+00  0.58913317E-02
 0.00000000E+00  0.58516600E-02
 0.00000000E+00  0.58766075E-02
 0.00000000E+00  0.58437716E-02
 0.00000000E+00  0.58771712E-02
 0.00000000E+00  0.58531587E-02
 0.00000000E+00  0.58330504E-02
 0.00000000E+00  0.58175767E-02
 0.00000000E+00  0.58070170E-02
 0.00000000E+00  0.58014496E-02
 0.00000000E+00  0.58007489E-02
 0.00000000E+00  0.57430843E-02
 0.00000000E+00  0.57531245E-02
 0.00000000E+00  0.57670579E-02
 0.00000000E+00  0.57270208E-02
 0.00000000E+00  0.56923942E-02
 0.00000000E+00  0.57191456E-02
 0.00000000E+00  0.56944807E-02
 0.00000000E+00  0.57226529E-02
 0.00000000E+00  0.57033825E-02
 0.00000000E+00  0.57248068E-02
 0.00000000E+00  0.57350696E-02
 0.00000000E+00  0.57299055E-02
 0.00000000E+00  0.57142762E-02
 0.00000000E+00  0.12756743E-02
 0.00000000E+00  0.48145529E-03
 0.00000000E+00  -.13336242E-03
 0.00000000E+00  -.54806786E-03
 0.00000000E+00  -.75601749E-03
 0.00000000E+00  -.10283037E-02
 0.00000000E+00  -.13670100E-02
 0.00000000E+00  -.17742791E-02
 0.00000000E+00  -.22524857E-02
 0.00000000E+00  -.25366791E-02
 0.00000000E+00  -.31614148E-02
 0.00000000E+00  -.41353947E-02
 0.00000000E+00  -.43750342E-02
 0.00000000E+00  -.39272832E-02
 0.00000000E+00  -.33832277E-02
 0.00000000E+00  -.29979720E-02
 0.00000000E+00  -.31795795E-02
 0.00000000E+00  -.49970430E-02
 0.00000000E+00  -.25691746E-02
 0.00000000E+00  0.23881984E-02
 0.00000000E+00  -.39914773E-03
 0.00000000E+00  -.74725163E-04
 0.00000000E+00  -.10002469E-03
 0.00000000E+00  -.94941678E-04
 0.00000000E+00  -.95081554E-04
 0.00000000E+00  -.94801329E-04
 0.00000000E+00  -.93824138E-04
 0.00000000E+00  -.89762437E-04
 0.00000000E+00  -.16068615E+05
 0.00000000E+00  -.16068632E+05
 0.00000000E+00  -.16067406E+05
 0.00000000E+00  -.16064657E+05
 0.00000000E+00  -.16060092E+05
 0.00000000E+00  -.16053423E+05
 0.00000000E+00  -.16044387E+05
 0.00000000E+00  -.16032766E+05
 0.00000000E+00  -.16018411E+05
 0.00000000E+00  -.16001269E+05
 0.00000000E+00  -.15981398E+05
 0.00000000E+00  -.15958981E+05
 0.00000000E+00  -.15934326E+05
 0.00000000E+00  -.15907858E+05
 0.00000000E+00  -.15880100E+05
 0.00000000E+00  -.15851640E+05
 0.00000000E+00  -.15823109E+05
 0.00000000E+00  -.15795144E+05
 0.00000000E+00  -.15768366E+05
 0.00000000E+00  -.15743353E+05
 0.00000000E+00  -.15720632E+05
 0.00000000E+00  -.15700664E+05
 0.00000000E+00  -.15683839E+05
 0.00000000E+00  -.15670477E+05
 0.00000000E+00  -.15660825E+05
 0.00000000E+00  -.15655057E+05
 0.00000000E+00  -.15653281E+05
 0.00000000E+00  -.15655533E+05
 0.00000000E+00  -.15661781E+05
 0.00000000E+00  -.15671924E+05
 0.00000000E+00  -.15685793E+05
 0.00000000E+00  -.15703145E+05
 0.00000000E+00  -.15723670E+05
 0.00000000E+00  -.15746986E+05
 0.00000000E+00  -.15772645E+05
 0.00000000E+00  -.15800143E+05
 0.00000000E+00  -.15828927E+05
 0.00000000E+00  -.15858420E+05
 0.00000000E+00  -.15888040E+05
 0.00000000E+00  -.15917227E+05
 0.00000000E+00  -.15945475E+05
 0.00000000E+00  -.15972352E+05
 0.00000000E+00  -.15997522E+05
 0.00000000E+00  -.16020746E+05
 0.00000000E+00  -.16041886E+05
 0.00000000E+00  -.16060884E+05
 0.00000000E+00  -.16077743E+05
 0.00000000E+00  -.16092510E+05
 0.00000000E+00  -.16105249E+05
 0.00000000E+00  -.16116032E+05
 0.00000000E+00  -.16124927E+05
 0.00000000E+00  -.16132002E+05
 0.00000000E+00  -.16137325E+05
 0.00000000E+00  -.16140975E+05
 0.00000000E+00  -.16143047E+05
 0.00000000E+00  -.16143665E+05
 0.00000000E+00  -.16142976E+05
 0.00000000E+00  -.16141160E+05
 0.00000000E+00  -.16138418E+05
 0.00000000E+00  -.16134962E+05
 0.00000000E+00  -.16131014E+05
 0.00000000E+00  -.16126782E+05
 0.00000000E+00  -.16122459E+05
 0.00000000E+00  -.16118211E+05
 0.00000000E+00  -.16114170E+05
 0.00000000E+00  -.16110431E+05
 0.00000000E+00  -.16107055E+05
 0.00000000E+00  -.16104068E+05
 0.00000000E+00  -.16101471E+05
 0.00000000E+00  -.16099244E+05
 0.00000000E+00  -.16097360E+05
 0.00000000E+00  -.16095791E+05
 0.00000000E+00  -.16094521E+05
 0.00000000E+00  -.16093552E+05
 0.00000000E+00  -.16092916E+05
 0.00000000E+00  -.16092669E+05
 0.00000000E+00  -.16092899E+05
 0.00000000E+00  -.16093721E+05
 0.00000000E+00  -.16095268E+05
 0.00000000E+00  -.16097685E+05
 0.00000000E+00  -.16101120E+05
 0.00000000E+00  -.16105714E+05
 0.00000000E+00  -.16111593E+05
 0.00000000E+00  -.16118857E+05
 0.00000000E+00  -.16127580E+05
 0.00000000E+00  -.16137802E+05
 0.00000000E+00  -.16149527E+05
 0.00000000E+00  -.16162723E+05
 0.00000000E+00  -.16177325E+05
 0.00000000E+00  -.16193239E+05
 0.00000000E+00  -.16210345E+05
 0.00000000E+00  -.16228508E+05
 0.00000000E+00  -.16247586E+05
 0.00000000E+00  -.16267441E+05
 0.00000000E+00  -.16287946E+05
 0.00000000E+00  -.16308998E+05
 0.00000000E+00  -.16330526E+05
 0.00000000E+00  -.16352494E+05
 0.00000000E+00  -.16374908E+05
 0.00000000E+00  -.16397813E+05
 0.00000000E+00  -.16421288E+05
 0.00000000E+00  -.16445442E+05
 0.00000000E+00  -.16470407E+05
 0.00000000E+00  -.16496321E+05
 0.00000000E+00  -.16523327E+05
 0.00000000E+00  -.16551556E+05
 0.00000000E+00  -.16581124E+05
 0.00000000E+00  -.16612121E+05
 0.00000000E+00  -.16644606E+05
 0.00000000E+00  -.16678606E+05
 0.00000000E+00  -.16714108E+05
 0.00000000E+00  -.16751066E+05
 0.00000000E+00  -.16789397E+05
 0.00000000E+00  -.16828985E+05
 0.00000000E+00  -.16869690E+05
 0.00000000E+00  -.16911349E+05
 0.00000000E+00  -.16953790E+05
 0.00000000E+00  -.16996836E+05
 0.00000000E+00  -.17040320E+05
 0.00000000E+00  -.17084090E+05
 0.00000000E+00  -.17128020E+05
 0.00000000E+00  -.17172015E+05
 0.00000000E+00  -.17216016E+05
 0.00000000E+00  -.17260000E+05
 0.00000000E+00  -.17303979E+05
 0.00000000E+00  -.17347993E+05
 0.00000000E+00  -.17392108E+05
 0.00000000E+00  -.17436403E+05
 0.00000000E+00  -.17480964E+05
 0.00000000E+00  -.17525877E+05
 0.00000000E+00  -.17571220E+05
 0.00000000E+00  -.17617057E+05
 0.00000000E+00  -.17663433E+05
 0.00000000E+00  -.17710377E+05
 0.00000000E+00  -.17757894E+05
 0.00000000E+00  -.17805973E+05
 0.00000000E+00  -.17854589E+05
 0.00000000E+00  -.17903706E+05
 0.00000000E+00  -.17953285E+05
 0.00000000E+00  -.18003291E+05
 0.00000000E+00  -.18053700E+05
 0.00000000E+00  -.18104506E+05
 0.00000000E+00  -.18155727E+05
 0.00000000E+00  -.18207412E+05
 0.00000000E+00  -.18259642E+05
 0.00000000E+00  -.18312535E+05
 0.00000000E+00  -.18366241E+05
 0.00000000E+00  -.18420944E+05
 0.00000000E+00  -.18476859E+05
 0.00000000E+00  -.18534221E+05
 0.00000000E+00  -.18593289E+05
 0.00000000E+00  -.18654333E+05
 0.00000000E+00  -.18717632E+05
 0.00000000E+00  -.18783469E+05
 0.00000000E+00  -.18852127E+05
 0.00000000E+00  -.18923882E+05
 0.00000000E+00  -.18999008E+05
 0.00000000E+00  -.19077766E+05
 0.00000000E+00  -.19160409E+05
 0.00000000E+00  -.19247179E+05
 0.00000000E+00  -.19338306E+05
 0.00000000E+00  -.19434009E+05
 0.00000000E+00  -.19534497E+05
 0.00000000E+00  -.19639967E+05
 0.00000000E+00  -.19750609E+05
 0.00000000E+00  -.19866603E+05
 0.00000000E+00  -.19988124E+05
 0.00000000E+00  -.20115343E+05
 0.00000000E+00  -.20248427E+05
 0.00000000E+00  -.20387547E+05
 0.00000000E+00  -.20532880E+05
 0.00000000E+00  -.20684613E+05
 0.00000000E+00  -.20842954E+05
 0.00000000E+00  -.21008140E+05
 0.00000000E+00  -.21180452E+05
 0.00000000E+00  -.21360228E+05
 0.00000000E+00  -.21547889E+05
 0.00000000E+00  -.21743968E+05
 0.00000000E+00  -.21949144E+05
 0.00000000E+00  -.22164297E+05
 0.00000000E+00  -.22390575E+05
 0.00000000E+00  -.22629487E+05
 0.00000000E+00  -.22883053E+05
 0.00000000E+00  -.23154015E+05
 0.00000000E+00  -.23446200E+05
 0.00000000E+00  -.23765158E+05
 0.00000000E+00  -.24119389E+05
 0.00000000E+00  -.24523071E+05
 0.00000000E+00  -.25003284E+05
 0.00000000E+00  -.25626923E+05
 0.00000000E+00  -.26779766E+05
 0.00000000E+00  0.12419284E-03
 0.00000000E+00  -.25817436E-02
 0.00000000E+00  -.25204723E-02
 0.00000000E+00  -.24675856E-02
 0.00000000E+00  -.25464806E-02
 0.00000000E+00  -.24976787E-02
 0.00000000E+00  -.24504134E-02
 0.00000000E+00  -.25329877E-02
 0.00000000E+00  -.24896589E-02
 0.00000000E+00  -.25732003E-02
 0.00000000E+00  -.25336121E-02
 0.00000000E+00  -.24953893E-02
 0.00000000E+00  -.24587028E-02
 0.00000000E+00  -.25468158E-02
 0.00000000E+00  -.25138106E-02
 0.00000000E+00  -.24820882E-02
 0.00000000E+00  -.24518405E-02
 0.00000000E+00  -.24230606E-02
 0.00000000E+00  -.23957418E-02
 0.00000000E+00  -.22445951E-02
 0.00000000E+00  -.22198561E-02
 0.00000000E+00  -.20677697E-02
 0.00000000E+00  -.19144013E-02
 0.00000000E+00  -.18940639E-02
 0.00000000E+00  -.17419042E-02
 0.00000000E+00  -.17245639E-02
 0.00000000E+00  -.15744587E-02
 0.00000000E+00  -.15600894E-02
 0.00000000E+00  -.14128026E-02
 0.00000000E+00  -.14013379E-02
 0.00000000E+00  -.12575129E-02
 0.00000000E+00  -.12488545E-02
 0.00000000E+00  -.11090251E-02
 0.00000000E+00  -.11030491E-02
 0.00000000E+00  -.96764979E-03
 0.00000000E+00  -.96421251E-03
 0.00000000E+00  -.83358838E-03
