Mu-Hu               
 0.10000000E+06  0.85441324E+06
 0.99500000E+05  0.85437709E+06
 0.99000000E+05  0.85434057E+06
 0.98500000E+05  0.85430371E+06
 0.98000000E+05  0.85426651E+06
 0.97500000E+05  0.85422897E+06
 0.97000000E+05  0.85419107E+06
 0.96500000E+05  0.85415283E+06
 0.96000000E+05  0.85411422E+06
 0.95500000E+05  0.85407525E+06
 0.95000000E+05  0.85403592E+06
 0.94500000E+05  0.85399621E+06
 0.94000000E+05  0.85395613E+06
 0.93500000E+05  0.85391567E+06
 0.93000000E+05  0.85387482E+06
 0.92500000E+05  0.85383358E+06
 0.92000000E+05  0.85379195E+06
 0.91500000E+05  0.85374992E+06
 0.91000000E+05  0.85370748E+06
 0.90500000E+05  0.85366464E+06
 0.90000000E+05  0.85362138E+06
 0.89500000E+05  0.85357770E+06
 0.89000000E+05  0.85353359E+06
 0.88500000E+05  0.85348906E+06
 0.88000000E+05  0.85344409E+06
 0.87500000E+05  0.85339868E+06
 0.87000000E+05  0.85335283E+06
 0.86500000E+05  0.85330652E+06
 0.86000000E+05  0.85325975E+06
 0.85500000E+05  0.85321252E+06
 0.85000000E+05  0.85316481E+06
 0.84500000E+05  0.85311664E+06
 0.84000000E+05  0.85306797E+06
 0.83500000E+05  0.85301883E+06
 0.83000000E+05  0.85296918E+06
 0.82500000E+05  0.85291904E+06
 0.82000000E+05  0.85286838E+06
 0.81500000E+05  0.85281721E+06
 0.81000000E+05  0.85276552E+06
 0.80500000E+05  0.85271330E+06
 0.80000000E+05  0.85266055E+06
 0.79500000E+05  0.85260725E+06
 0.79000000E+05  0.85255340E+06
 0.78500000E+05  0.85249900E+06
 0.78000000E+05  0.85244402E+06
 0.77500000E+05  0.85238848E+06
 0.77000000E+05  0.85233235E+06
 0.76500000E+05  0.85227564E+06
 0.76000000E+05  0.85221833E+06
 0.75500000E+05  0.85216041E+06
 0.75000000E+05  0.85210188E+06
 0.74500000E+05  0.85204272E+06
 0.74000000E+05  0.85198294E+06
 0.73500000E+05  0.85192251E+06
 0.73000000E+05  0.85186143E+06
 0.72500000E+05  0.85179970E+06
 0.72000000E+05  0.85173730E+06
 0.71500000E+05  0.85167422E+06
 0.71000000E+05  0.85161045E+06
 0.70500000E+05  0.85154598E+06
 0.70000000E+05  0.85148081E+06
 0.69500000E+05  0.85141491E+06
 0.69000000E+05  0.85134829E+06
 0.68500000E+05  0.85128093E+06
 0.68000000E+05  0.85121282E+06
 0.67500000E+05  0.85114394E+06
 0.67000000E+05  0.85107429E+06
 0.66500000E+05  0.85100386E+06
 0.66000000E+05  0.85093262E+06
 0.65500000E+05  0.85086058E+06
 0.65000000E+05  0.85078772E+06
 0.64500000E+05  0.85071402E+06
 0.64000000E+05  0.85063948E+06
 0.63500000E+05  0.85056407E+06
 0.63000000E+05  0.85048779E+06
 0.62500000E+05  0.85041062E+06
 0.62000000E+05  0.85033254E+06
 0.61500000E+05  0.85025355E+06
 0.61000000E+05  0.85017363E+06
 0.60500000E+05  0.85009276E+06
 0.60000000E+05  0.85001093E+06
 0.59500000E+05  0.84992812E+06
 0.59000000E+05  0.84984431E+06
 0.58500000E+05  0.84975950E+06
 0.58000000E+05  0.84967366E+06
 0.57500000E+05  0.84958677E+06
 0.57000000E+05  0.84949882E+06
 0.56500000E+05  0.84940979E+06
 0.56000000E+05  0.84931966E+06
 0.55500000E+05  0.84922841E+06
 0.55000000E+05  0.84913603E+06
 0.54500000E+05  0.84904249E+06
 0.54000000E+05  0.84894777E+06
 0.53500000E+05  0.84885186E+06
 0.53000000E+05  0.84875473E+06
 0.52500000E+05  0.84865635E+06
 0.52000000E+05  0.84855671E+06
 0.51500000E+05  0.84845579E+06
 0.51000000E+05  0.84835356E+06
 0.50500000E+05  0.84824999E+06
 0.50000000E+05  0.84814507E+06
 0.49500000E+05  0.84803876E+06
 0.49000000E+05  0.84793105E+06
 0.48500000E+05  0.84782189E+06
 0.48000000E+05  0.84771128E+06
 0.47500000E+05  0.84759918E+06
 0.47000000E+05  0.84748556E+06
 0.46500000E+05  0.84737038E+06
 0.46000000E+05  0.84725363E+06
 0.45500000E+05  0.84713528E+06
 0.45000000E+05  0.84701528E+06
 0.44500000E+05  0.84689360E+06
 0.44000000E+05  0.84677022E+06
 0.43500000E+05  0.84664509E+06
 0.43000000E+05  0.84651819E+06
 0.42500000E+05  0.84638947E+06
 0.42000000E+05  0.84625890E+06
 0.41500000E+05  0.84612644E+06
 0.41000000E+05  0.84599204E+06
 0.40500000E+05  0.84585568E+06
 0.40000000E+05  0.84571730E+06
 0.39500000E+05  0.84557686E+06
 0.39000000E+05  0.84543432E+06
 0.38500000E+05  0.84528964E+06
 0.38000000E+05  0.84514275E+06
 0.37500000E+05  0.84499363E+06
 0.37000000E+05  0.84484220E+06
 0.36500000E+05  0.84468843E+06
 0.36000000E+05  0.84453226E+06
 0.35500000E+05  0.84437363E+06
 0.35000000E+05  0.84421248E+06
 0.34500000E+05  0.84404877E+06
 0.34000000E+05  0.84388241E+06
 0.33500000E+05  0.84371336E+06
 0.33000000E+05  0.84354155E+06
 0.32500000E+05  0.84336691E+06
 0.32000000E+05  0.84318936E+06
 0.31500000E+05  0.84300885E+06
 0.31000000E+05  0.84282528E+06
 0.30500000E+05  0.84263859E+06
 0.30000000E+05  0.84244870E+06
 0.29500000E+05  0.84225552E+06
 0.29000000E+05  0.84205895E+06
 0.28500000E+05  0.84185893E+06
 0.28000000E+05  0.84165535E+06
 0.27500000E+05  0.84144812E+06
 0.27000000E+05  0.84123714E+06
 0.26500000E+05  0.84102229E+06
 0.26000000E+05  0.84080349E+06
 0.25500000E+05  0.84058061E+06
 0.25000000E+05  0.84035354E+06
 0.24500000E+05  0.84012215E+06
 0.24000000E+05  0.83988633E+06
 0.23500000E+05  0.83964593E+06
 0.23000000E+05  0.83940083E+06
 0.22500000E+05  0.83915088E+06
 0.22000000E+05  0.83889592E+06
 0.21500000E+05  0.83863581E+06
 0.21000000E+05  0.83837038E+06
 0.20500000E+05  0.83809947E+06
 0.20000000E+05  0.83782289E+06
 0.19500000E+05  0.83754046E+06
 0.19000000E+05  0.83725199E+06
 0.18500000E+05  0.83695727E+06
 0.18000000E+05  0.83665608E+06
 0.17500000E+05  0.83634821E+06
 0.17000000E+05  0.83603342E+06
 0.16500000E+05  0.83571147E+06
 0.16000000E+05  0.83538208E+06
 0.15500000E+05  0.83504499E+06
 0.15000000E+05  0.83469992E+06
 0.14500000E+05  0.83434655E+06
 0.14000000E+05  0.83398458E+06
 0.13500000E+05  0.83361365E+06
 0.13000000E+05  0.83323341E+06
 0.12500000E+05  0.83284348E+06
 0.12000000E+05  0.83244346E+06
 0.11500000E+05  0.83203293E+06
 0.11000000E+05  0.83161143E+06
 0.10500000E+05  0.83117847E+06
 0.10000000E+05  0.83073355E+06
 0.95000000E+04  0.83027611E+06
 0.90000000E+04  0.82980556E+06
 0.85000000E+04  0.82932126E+06
 0.80000000E+04  0.82882253E+06
 0.75000000E+04  0.82830861E+06
 0.70000000E+04  0.82777867E+06
 0.65000000E+04  0.82723177E+06
 0.60000000E+04  0.82666680E+06
 0.55000000E+04  0.82608237E+06
 0.50000000E+04  0.82547635E+06
 0.45000000E+04  0.82484455E+06
 0.40000000E+04  0.82417324E+06
 0.35000000E+04  0.82336261E+06
 0.30000000E+04  0.74276043E+06
 0.25000000E+04  0.72419476E+06
 0.20000000E+04  0.18758605E+06
 0.15000000E+04  0.16698395E+06
 0.10000000E+04  0.14515695E+06
 0.50000000E+03  0.10919309E+06
 0.00000000E+00  0.87924646E+05
 -.50000000E+03  0.66487862E+05
 -.10000000E+04  0.44614852E+05
 -.15000000E+04  0.22271433E+05
 -.20000000E+04  -.12504370E+05
 -.25000000E+04  -.20011860E+05
 -.30000000E+04  -.40870416E+05
 -.35000000E+04  -.80788408E+05
 -.40000000E+04  -.88191614E+05
 -.45000000E+04  -.12982158E+06
 -.50000000E+04  -.16970831E+06
 -.55000000E+04  -.23095147E+06
 -.60000000E+04  -.23757975E+06
 -.65000000E+04  -.24417139E+06
 -.70000000E+04  -.25073009E+06
 -.75000000E+04  -.25726314E+06
 -.80000000E+04  -.26379158E+06
 -.85000000E+04  -.27043731E+06
 -.90000000E+04  -.33820928E+06
 -.95000000E+04  -.34425135E+06
 -.10000000E+05  -.35024189E+06
 -.10500000E+05  -.35628391E+06
 -.11000000E+05  -.40839039E+06
 -.11500000E+05  -.42181303E+06
 -.12000000E+05  -.46111780E+06
 -.12500000E+05  -.47804438E+06
 -.13000000E+05  -.48379513E+06
 -.13500000E+05  -.51344338E+06
 -.14000000E+05  -.53424929E+06
 -.14500000E+05  -.53930194E+06
 -.15000000E+05  -.54427163E+06
 -.15500000E+05  -.54916504E+06
 -.16000000E+05  -.55398991E+06
 -.16500000E+05  -.55875540E+06
 -.17000000E+05  -.56347385E+06
 -.17500000E+05  -.56816387E+06
 -.18000000E+05  -.57286175E+06
 -.18500000E+05  -.57767814E+06
 -.19000000E+05  -.60574172E+06
 -.19500000E+05  -.61007217E+06
 -.20000000E+05  -.62528133E+06
 -.20500000E+05  -.62920671E+06
 -.21000000E+05  -.63315652E+06
 -.21500000E+05  -.64806011E+06
 -.22000000E+05  -.65180534E+06
 -.22500000E+05  -.66607173E+06
 -.23000000E+05  -.66964089E+06
 -.23500000E+05  -.68306311E+06
 -.24000000E+05  -.68634984E+06
 -.24500000E+05  -.68970078E+06
 -.25000000E+05  -.70215508E+06
 -.25500000E+05  -.70513234E+06
 -.26000000E+05  -.70808143E+06
 -.26500000E+05  -.71102185E+06
 -.27000000E+05  -.71400456E+06
 -.27500000E+05  -.72603695E+06
 -.28000000E+05  -.72870163E+06
 -.28500000E+05  -.73134457E+06
 -.29000000E+05  -.73397507E+06
 -.29500000E+05  -.73660579E+06
 -.30000000E+05  -.73925626E+06
 -.30500000E+05  -.74196586E+06
 -.31000000E+05  -.74490038E+06
 -.31500000E+05  -.75825550E+06
 -.32000000E+05  -.76198915E+06
 -.32500000E+05  -.84336691E+06
 -.33000000E+05  -.84354156E+06
 -.33500000E+05  -.84371337E+06
 -.34000000E+05  -.84388243E+06
 -.34500000E+05  -.84404878E+06
 -.35000000E+05  -.84421250E+06
 -.35500000E+05  -.84437365E+06
 -.36000000E+05  -.84453228E+06
 -.36500000E+05  -.84468845E+06
 -.37000000E+05  -.84484223E+06
 -.37500000E+05  -.84499365E+06
 -.38000000E+05  -.84514278E+06
 -.38500000E+05  -.84528967E+06
 -.39000000E+05  -.84543436E+06
 -.39500000E+05  -.84557690E+06
 -.40000000E+05  -.84571733E+06
 -.40500000E+05  -.84585571E+06
 -.41000000E+05  -.84599208E+06
 -.41500000E+05  -.84612647E+06
 -.42000000E+05  -.84625893E+06
 -.42500000E+05  -.84638951E+06
 -.43000000E+05  -.84651822E+06
 -.43500000E+05  -.84664513E+06
 -.44000000E+05  -.84677025E+06
 -.44500000E+05  -.84689364E+06
 -.45000000E+05  -.84701531E+06
 -.45500000E+05  -.84713531E+06
 -.46000000E+05  -.84725368E+06
 -.46500000E+05  -.84737042E+06
 -.47000000E+05  -.84748559E+06
 -.47500000E+05  -.84759922E+06
 -.48000000E+05  -.84771132E+06
 -.48500000E+05  -.84782193E+06
 -.49000000E+05  -.84793108E+06
 -.49500000E+05  -.84803879E+06
 -.50000000E+05  -.84814510E+06
 -.50500000E+05  -.84825002E+06
 -.51000000E+05  -.84835358E+06
 -.51500000E+05  -.84845582E+06
 -.52000000E+05  -.84855674E+06
 -.52500000E+05  -.84865637E+06
 -.53000000E+05  -.84875475E+06
 -.53500000E+05  -.84885188E+06
 -.54000000E+05  -.84894779E+06
 -.54500000E+05  -.84904251E+06
 -.55000000E+05  -.84913605E+06
 -.55500000E+05  -.84922843E+06
 -.56000000E+05  -.84931968E+06
 -.56500000E+05  -.84940980E+06
 -.57000000E+05  -.84949883E+06
 -.57500000E+05  -.84958678E+06
 -.58000000E+05  -.84967367E+06
 -.58500000E+05  -.84975951E+06
 -.59000000E+05  -.84984432E+06
 -.59500000E+05  -.84992812E+06
 -.60000000E+05  -.85001093E+06
 -.60500000E+05  -.85009276E+06
 -.61000000E+05  -.85017363E+06
 -.61500000E+05  -.85025355E+06
 -.62000000E+05  -.85033254E+06
 -.62500000E+05  -.85041061E+06
 -.63000000E+05  -.85048778E+06
 -.63500000E+05  -.85056406E+06
 -.64000000E+05  -.85063947E+06
 -.64500000E+05  -.85071401E+06
 -.65000000E+05  -.85078771E+06
 -.65500000E+05  -.85086058E+06
 -.66000000E+05  -.85093262E+06
 -.66500000E+05  -.85100385E+06
 -.67000000E+05  -.85107428E+06
 -.67500000E+05  -.85114393E+06
 -.68000000E+05  -.85121280E+06
 -.68500000E+05  -.85128091E+06
 -.69000000E+05  -.85134827E+06
 -.69500000E+05  -.85141490E+06
 -.70000000E+05  -.85148079E+06
 -.70500000E+05  -.85154596E+06
 -.71000000E+05  -.85161043E+06
 -.71500000E+05  -.85167419E+06
 -.72000000E+05  -.85173727E+06
 -.72500000E+05  -.85179968E+06
 -.73000000E+05  -.85186141E+06
 -.73500000E+05  -.85192249E+06
 -.74000000E+05  -.85198291E+06
 -.74500000E+05  -.85204270E+06
 -.75000000E+05  -.85210185E+06
 -.75500000E+05  -.85216038E+06
 -.76000000E+05  -.85221830E+06
 -.76500000E+05  -.85227561E+06
 -.77000000E+05  -.85233233E+06
 -.77500000E+05  -.85238845E+06
 -.78000000E+05  -.85244400E+06
 -.78500000E+05  -.85249897E+06
 -.79000000E+05  -.85255337E+06
 -.79500000E+05  -.85260722E+06
 -.80000000E+05  -.85266052E+06
 -.80500000E+05  -.85271328E+06
 -.81000000E+05  -.85276549E+06
 -.81500000E+05  -.85281718E+06
 -.82000000E+05  -.85286835E+06
 -.82500000E+05  -.85291901E+06
 -.83000000E+05  -.85296915E+06
 -.83500000E+05  -.85301880E+06
 -.84000000E+05  -.85306795E+06
 -.84500000E+05  -.85311661E+06
 -.85000000E+05  -.85316478E+06
 -.85500000E+05  -.85321249E+06
 -.86000000E+05  -.85325972E+06
 -.86500000E+05  -.85330649E+06
 -.87000000E+05  -.85335280E+06
 -.87500000E+05  -.85339865E+06
 -.88000000E+05  -.85344406E+06
 -.88500000E+05  -.85348903E+06
 -.89000000E+05  -.85353357E+06
 -.89500000E+05  -.85357767E+06
 -.90000000E+05  -.85362135E+06
 -.90500000E+05  -.85366461E+06
 -.91000000E+05  -.85370745E+06
 -.91500000E+05  -.85374989E+06
 -.92000000E+05  -.85379192E+06
 -.92500000E+05  -.85383355E+06
 -.93000000E+05  -.85387479E+06
 -.93500000E+05  -.85391564E+06
 -.94000000E+05  -.85395610E+06
 -.94500000E+05  -.85399618E+06
 -.95000000E+05  -.85403589E+06
 -.95500000E+05  -.85407522E+06
 -.96000000E+05  -.85411419E+06
 -.96500000E+05  -.85415280E+06
 -.97000000E+05  -.85419105E+06
 -.97500000E+05  -.85422894E+06
 -.98000000E+05  -.85426648E+06
 -.98500000E+05  -.85430368E+06
 -.99000000E+05  -.85434054E+06
 -.99500000E+05  -.85437706E+06
 -.10000000E+06  -.85441324E+06
Mv-Hv               
 0.00000000E+00  -.12902896E+02
 0.00000000E+00  -.13027324E+02
 0.00000000E+00  -.13153496E+02
 0.00000000E+00  -.13281445E+02
 0.00000000E+00  -.13411194E+02
 0.00000000E+00  -.13542780E+02
 0.00000000E+00  -.13676236E+02
 0.00000000E+00  -.13811598E+02
 0.00000000E+00  -.13948901E+02
 0.00000000E+00  -.14088182E+02
 0.00000000E+00  -.14229482E+02
 0.00000000E+00  -.14372862E+02
 0.00000000E+00  -.14518307E+02
 0.00000000E+00  -.14665891E+02
 0.00000000E+00  -.14815646E+02
 0.00000000E+00  -.14967619E+02
 0.00000000E+00  -.15121859E+02
 0.00000000E+00  -.15278405E+02
 0.00000000E+00  -.15437305E+02
 0.00000000E+00  -.15598600E+02
 0.00000000E+00  -.15762345E+02
 0.00000000E+00  -.15928589E+02
 0.00000000E+00  -.16097380E+02
 0.00000000E+00  -.16268793E+02
 0.00000000E+00  -.16442838E+02
 0.00000000E+00  -.16619590E+02
 0.00000000E+00  -.16799101E+02
 0.00000000E+00  -.16981440E+02
 0.00000000E+00  -.17166663E+02
 0.00000000E+00  -.17354817E+02
 0.00000000E+00  -.17545983E+02
 0.00000000E+00  -.17740213E+02
 0.00000000E+00  -.17937574E+02
 0.00000000E+00  -.18138138E+02
 0.00000000E+00  -.18341977E+02
 0.00000000E+00  -.18549159E+02
 0.00000000E+00  -.18759752E+02
 0.00000000E+00  -.18973854E+02
 0.00000000E+00  -.19191507E+02
 0.00000000E+00  -.19412814E+02
 0.00000000E+00  -.19637848E+02
 0.00000000E+00  -.19866697E+02
 0.00000000E+00  -.20099445E+02
 0.00000000E+00  -.20336182E+02
 0.00000000E+00  -.20577012E+02
 0.00000000E+00  -.20822012E+02
 0.00000000E+00  -.21071294E+02
 0.00000000E+00  -.21324938E+02
 0.00000000E+00  -.21583073E+02
 0.00000000E+00  -.21845786E+02
 0.00000000E+00  -.22113206E+02
 0.00000000E+00  -.22385421E+02
 0.00000000E+00  -.22662577E+02
 0.00000000E+00  -.22944765E+02
 0.00000000E+00  -.23232117E+02
 0.00000000E+00  -.23524775E+02
 0.00000000E+00  -.23822855E+02
 0.00000000E+00  -.24126497E+02
 0.00000000E+00  -.24435845E+02
 0.00000000E+00  -.24751051E+02
 0.00000000E+00  -.25072254E+02
 0.00000000E+00  -.25399598E+02
 0.00000000E+00  -.25733273E+02
 0.00000000E+00  -.26073405E+02
 0.00000000E+00  -.26420195E+02
 0.00000000E+00  -.26773807E+02
 0.00000000E+00  -.27134424E+02
 0.00000000E+00  -.27502232E+02
 0.00000000E+00  -.27877426E+02
 0.00000000E+00  -.28260216E+02
 0.00000000E+00  -.28650812E+02
 0.00000000E+00  -.29049398E+02
 0.00000000E+00  -.29456215E+02
 0.00000000E+00  -.29871504E+02
 0.00000000E+00  -.30295485E+02
 0.00000000E+00  -.30728428E+02
 0.00000000E+00  -.31170569E+02
 0.00000000E+00  -.31622179E+02
 0.00000000E+00  -.32083534E+02
 0.00000000E+00  -.32554920E+02
 0.00000000E+00  -.33036638E+02
 0.00000000E+00  -.33528993E+02
 0.00000000E+00  -.34032301E+02
 0.00000000E+00  -.34546881E+02
 0.00000000E+00  -.35073076E+02
 0.00000000E+00  -.35611270E+02
 0.00000000E+00  -.36161812E+02
 0.00000000E+00  -.36725069E+02
 0.00000000E+00  -.37301495E+02
 0.00000000E+00  -.37891436E+02
 0.00000000E+00  -.38495479E+02
 0.00000000E+00  -.39113883E+02
 0.00000000E+00  -.39747141E+02
 0.00000000E+00  -.40395818E+02
 0.00000000E+00  -.41060365E+02
 0.00000000E+00  -.41741347E+02
 0.00000000E+00  -.42439292E+02
 0.00000000E+00  -.43154790E+02
 0.00000000E+00  -.43888428E+02
 0.00000000E+00  -.44640807E+02
 0.00000000E+00  -.45412624E+02
 0.00000000E+00  -.46204537E+02
 0.00000000E+00  -.47017242E+02
 0.00000000E+00  -.47851469E+02
 0.00000000E+00  -.48708058E+02
 0.00000000E+00  -.49587742E+02
 0.00000000E+00  -.50491373E+02
 0.00000000E+00  -.51419852E+02
 0.00000000E+00  -.52374155E+02
 0.00000000E+00  -.53355517E+02
 0.00000000E+00  -.54364303E+02
 0.00000000E+00  -.55401959E+02
 0.00000000E+00  -.56469495E+02
 0.00000000E+00  -.57568156E+02
 0.00000000E+00  -.58699157E+02
 0.00000000E+00  -.59863762E+02
 0.00000000E+00  -.61063295E+02
 0.00000000E+00  -.62299251E+02
 0.00000000E+00  -.63573103E+02
 0.00000000E+00  -.64886290E+02
 0.00000000E+00  -.66240682E+02
 0.00000000E+00  -.67637840E+02
 0.00000000E+00  -.69079707E+02
 0.00000000E+00  -.70568126E+02
 0.00000000E+00  -.72106011E+02
 0.00000000E+00  -.73694031E+02
 0.00000000E+00  -.75334939E+02
 0.00000000E+00  -.77031263E+02
 0.00000000E+00  -.78785562E+02
 0.00000000E+00  -.80600420E+02
 0.00000000E+00  -.82478850E+02
 0.00000000E+00  -.84423750E+02
 0.00000000E+00  -.86438169E+02
 0.00000000E+00  -.88525730E+02
 0.00000000E+00  -.90689807E+02
 0.00000000E+00  -.92936084E+02
 0.00000000E+00  -.95265454E+02
 0.00000000E+00  -.97683345E+02
 0.00000000E+00  -.10019439E+03
 0.00000000E+00  -.10280376E+03
 0.00000000E+00  -.10551899E+03
 0.00000000E+00  -.10834152E+03
 0.00000000E+00  -.11132487E+03
 0.00000000E+00  -.11439681E+03
 0.00000000E+00  -.11759613E+03
 0.00000000E+00  -.12093171E+03
 0.00000000E+00  -.12441222E+03
 0.00000000E+00  -.12805247E+03
 0.00000000E+00  -.13185755E+03
 0.00000000E+00  -.13584635E+03
 0.00000000E+00  -.14001894E+03
 0.00000000E+00  -.14438830E+03
 0.00000000E+00  -.14897063E+03
 0.00000000E+00  -.15377762E+03
 0.00000000E+00  -.15882729E+03
 0.00000000E+00  -.16413361E+03
 0.00000000E+00  -.16971770E+03
 0.00000000E+00  -.17559652E+03
 0.00000000E+00  -.18179496E+03
 0.00000000E+00  -.18833752E+03
 0.00000000E+00  -.19525077E+03
 0.00000000E+00  -.20256046E+03
 0.00000000E+00  -.21030525E+03
 0.00000000E+00  -.21851493E+03
 0.00000000E+00  -.22723537E+03
 0.00000000E+00  -.23650479E+03
 0.00000000E+00  -.24638246E+03
 0.00000000E+00  -.25691827E+03
 0.00000000E+00  -.26817382E+03
 0.00000000E+00  -.28022675E+03
 0.00000000E+00  -.29315428E+03
 0.00000000E+00  -.30705057E+03
 0.00000000E+00  -.32201960E+03
 0.00000000E+00  -.33818018E+03
 0.00000000E+00  -.35567298E+03
 0.00000000E+00  -.37466037E+03
 0.00000000E+00  -.39533067E+03
 0.00000000E+00  -.41789948E+03
 0.00000000E+00  -.44262748E+03
 0.00000000E+00  -.46981850E+03
 0.00000000E+00  -.49984418E+03
 0.00000000E+00  -.53313273E+03
 0.00000000E+00  -.57022479E+03
 0.00000000E+00  -.61175404E+03
 0.00000000E+00  -.65851907E+03
 0.00000000E+00  -.71148648E+03
 0.00000000E+00  -.77185772E+03
 0.00000000E+00  -.84110037E+03
 0.00000000E+00  -.92097691E+03
 0.00000000E+00  -.10134183E+04
 0.00000000E+00  -.11199602E+04
 0.00000000E+00  -.12391153E+04
 0.00000000E+00  -.13526724E+04
 0.00000000E+00  -.13029548E+04
 0.00000000E+00  0.39843556E+04
 0.00000000E+00  0.62135495E+04
 0.00000000E+00  -.12826987E+04
 0.00000000E+00  -.54982828E+04
 0.00000000E+00  -.97179858E+04
 0.00000000E+00  -.17487629E+05
 0.00000000E+00  -.22088466E+05
 0.00000000E+00  -.26749531E+05
 0.00000000E+00  -.31233734E+05
 0.00000000E+00  -.35971841E+05
 0.00000000E+00  -.45593074E+05
 0.00000000E+00  -.46263036E+05
 0.00000000E+00  -.51898462E+05
 0.00000000E+00  -.49182951E+05
 0.00000000E+00  -.50106183E+05
 0.00000000E+00  -.46597282E+05
 0.00000000E+00  -.61503165E+05
 0.00000000E+00  -.42202035E+05
 0.00000000E+00  -.42066086E+05
 0.00000000E+00  -.41917663E+05
 0.00000000E+00  -.41766800E+05
 0.00000000E+00  -.41631733E+05
 0.00000000E+00  -.41558375E+05
 0.00000000E+00  -.41760318E+05
 0.00000000E+00  0.68943629E+03
 0.00000000E+00  0.63686846E+03
 0.00000000E+00  0.50640026E+03
 0.00000000E+00  -.85109873E+02
 0.00000000E+00  0.75792924E+04
 0.00000000E+00  0.14534741E+05
 0.00000000E+00  -.66859189E+04
 0.00000000E+00  -.10816194E+05
 0.00000000E+00  -.10979275E+05
 0.00000000E+00  -.89820728E+04
 0.00000000E+00  0.86483338E+04
 0.00000000E+00  0.85448385E+04
 0.00000000E+00  0.84334418E+04
 0.00000000E+00  0.83142901E+04
 0.00000000E+00  0.81876123E+04
 0.00000000E+00  0.80537598E+04
 0.00000000E+00  0.79131726E+04
 0.00000000E+00  0.77663631E+04
 0.00000000E+00  0.76137530E+04
 0.00000000E+00  0.74549185E+04
 0.00000000E+00  0.89016790E+04
 0.00000000E+00  0.89090312E+04
 0.00000000E+00  0.42347288E+04
 0.00000000E+00  0.42417438E+04
 0.00000000E+00  0.42403333E+04
 0.00000000E+00  0.39759705E+03
 0.00000000E+00  0.40639359E+03
 0.00000000E+00  0.36197414E+04
 0.00000000E+00  0.35747222E+04
 0.00000000E+00  0.12822795E+04
 0.00000000E+00  0.11952618E+04
 0.00000000E+00  0.11012755E+04
 0.00000000E+00  0.10347808E+03
 0.00000000E+00  0.63659901E+02
 0.00000000E+00  0.23254045E+02
 0.00000000E+00  -.19160313E+02
 0.00000000E+00  -.67899257E+02
 0.00000000E+00  -.28833622E+03
 0.00000000E+00  -.29093581E+03
 0.00000000E+00  -.29358253E+03
 0.00000000E+00  -.29627062E+03
 0.00000000E+00  -.29902195E+03
 0.00000000E+00  -.30193070E+03
 0.00000000E+00  -.30531646E+03
 0.00000000E+00  -.31124975E+03
 0.00000000E+00  -.23420500E+03
 0.00000000E+00  -.20544712E+03
 0.00000000E+00  0.93246303E+02
 0.00000000E+00  0.90965240E+02
 0.00000000E+00  0.88774808E+02
 0.00000000E+00  0.86667093E+02
 0.00000000E+00  0.84633602E+02
 0.00000000E+00  0.82671280E+02
 0.00000000E+00  0.80777081E+02
 0.00000000E+00  0.78947675E+02
 0.00000000E+00  0.77180204E+02
 0.00000000E+00  0.75471830E+02
 0.00000000E+00  0.73819992E+02
 0.00000000E+00  0.72222073E+02
 0.00000000E+00  0.70675807E+02
 0.00000000E+00  0.69179702E+02
 0.00000000E+00  0.67730183E+02
 0.00000000E+00  0.66325858E+02
 0.00000000E+00  0.64964987E+02
 0.00000000E+00  0.63645632E+02
 0.00000000E+00  0.62366282E+02
 0.00000000E+00  0.61125156E+02
 0.00000000E+00  0.59920913E+02
 0.00000000E+00  0.58751986E+02
 0.00000000E+00  0.57616996E+02
 0.00000000E+00  0.56514661E+02
 0.00000000E+00  0.55443734E+02
 0.00000000E+00  0.54402906E+02
 0.00000000E+00  0.53391250E+02
 0.00000000E+00  0.52407820E+02
 0.00000000E+00  0.51451064E+02
 0.00000000E+00  0.50520222E+02
 0.00000000E+00  0.49614393E+02
 0.00000000E+00  0.48732713E+02
 0.00000000E+00  0.47874311E+02
 0.00000000E+00  0.47038339E+02
 0.00000000E+00  0.46224036E+02
 0.00000000E+00  0.45430657E+02
 0.00000000E+00  0.44657470E+02
 0.00000000E+00  0.43903792E+02
 0.00000000E+00  0.43168972E+02
 0.00000000E+00  0.42452397E+02
 0.00000000E+00  0.41753435E+02
 0.00000000E+00  0.41071521E+02
 0.00000000E+00  0.40406091E+02
 0.00000000E+00  0.39756628E+02
 0.00000000E+00  0.39122591E+02
 0.00000000E+00  0.38503529E+02
 0.00000000E+00  0.37899034E+02
 0.00000000E+00  0.37308471E+02
 0.00000000E+00  0.36731493E+02
 0.00000000E+00  0.36167710E+02
 0.00000000E+00  0.35616675E+02
 0.00000000E+00  0.35078043E+02
 0.00000000E+00  0.34551421E+02
 0.00000000E+00  0.34036468E+02
 0.00000000E+00  0.33532802E+02
 0.00000000E+00  0.33040142E+02
 0.00000000E+00  0.32558126E+02
 0.00000000E+00  0.32086463E+02
 0.00000000E+00  0.31624833E+02
 0.00000000E+00  0.31173006E+02
 0.00000000E+00  0.30730651E+02
 0.00000000E+00  0.30297504E+02
 0.00000000E+00  0.29873341E+02
 0.00000000E+00  0.29457892E+02
 0.00000000E+00  0.29050916E+02
 0.00000000E+00  0.28652203E+02
 0.00000000E+00  0.28261507E+02
 0.00000000E+00  0.27878606E+02
 0.00000000E+00  0.27503306E+02
 0.00000000E+00  0.27135394E+02
 0.00000000E+00  0.26774688E+02
 0.00000000E+00  0.26421006E+02
 0.00000000E+00  0.26074144E+02
 0.00000000E+00  0.25733936E+02
 0.00000000E+00  0.25400214E+02
 0.00000000E+00  0.25072803E+02
 0.00000000E+00  0.24751567E+02
 0.00000000E+00  0.24436321E+02
 0.00000000E+00  0.24126924E+02
 0.00000000E+00  0.23823245E+02
 0.00000000E+00  0.23525137E+02
 0.00000000E+00  0.23232456E+02
 0.00000000E+00  0.22945078E+02
 0.00000000E+00  0.22662868E+02
 0.00000000E+00  0.22385714E+02
 0.00000000E+00  0.22113474E+02
 0.00000000E+00  0.21846047E+02
 0.00000000E+00  0.21583322E+02
 0.00000000E+00  0.21325180E+02
 0.00000000E+00  0.21071516E+02
 0.00000000E+00  0.20822242E+02
 0.00000000E+00  0.20577227E+02
 0.00000000E+00  0.20336398E+02
 0.00000000E+00  0.20099651E+02
 0.00000000E+00  0.19866902E+02
 0.00000000E+00  0.19638054E+02
 0.00000000E+00  0.19413010E+02
 0.00000000E+00  0.19191706E+02
 0.00000000E+00  0.18974050E+02
 0.00000000E+00  0.18759958E+02
 0.00000000E+00  0.18549383E+02
 0.00000000E+00  0.18342197E+02
 0.00000000E+00  0.18138363E+02
 0.00000000E+00  0.17937797E+02
 0.00000000E+00  0.17740429E+02
 0.00000000E+00  0.17546197E+02
 0.00000000E+00  0.17355029E+02
 0.00000000E+00  0.17166868E+02
 0.00000000E+00  0.16981652E+02
 0.00000000E+00  0.16799309E+02
 0.00000000E+00  0.16619789E+02
 0.00000000E+00  0.16443032E+02
 0.00000000E+00  0.16268984E+02
 0.00000000E+00  0.16097614E+02
 0.00000000E+00  0.15928822E+02
 0.00000000E+00  0.15762572E+02
 0.00000000E+00  0.15598824E+02
 0.00000000E+00  0.15437521E+02
 0.00000000E+00  0.15278612E+02
 0.00000000E+00  0.15122062E+02
 0.00000000E+00  0.14967817E+02
 0.00000000E+00  0.14815833E+02
 0.00000000E+00  0.14666066E+02
 0.00000000E+00  0.14518479E+02
 0.00000000E+00  0.14373024E+02
 0.00000000E+00  0.14229694E+02
 0.00000000E+00  0.14088385E+02
 0.00000000E+00  0.13949095E+02
 0.00000000E+00  0.13811780E+02
 0.00000000E+00  0.13676409E+02
 0.00000000E+00  0.13542941E+02
 0.00000000E+00  0.13411342E+02
 0.00000000E+00  0.13281583E+02
 0.00000000E+00  0.13153626E+02
 0.00000000E+00  0.13027438E+02
 0.00000000E+00  0.12902985E+02
Mw-Hw               
 0.00000000E+00  0.12494229E-04
 0.00000000E+00  0.66617419E-04
 0.00000000E+00  0.68200188E-04
 0.00000000E+00  0.67545959E-04
 0.00000000E+00  0.67461044E-04
 0.00000000E+00  0.67518216E-04
 0.00000000E+00  0.66632036E-04
 0.00000000E+00  0.66759380E-04
 0.00000000E+00  0.66488781E-04
 0.00000000E+00  0.65871394E-04
 0.00000000E+00  0.64545304E-04
 0.00000000E+00  0.59989009E-04
 0.00000000E+00  0.60038913E-04
 0.00000000E+00  0.59134077E-04
 0.00000000E+00  0.59081743E-04
 0.00000000E+00  0.58599109E-04
 0.00000000E+00  0.56355453E-04
 0.00000000E+00  0.55986658E-04
 0.00000000E+00  0.54328822E-04
 0.00000000E+00  0.52824953E-04
 0.00000000E+00  0.51888650E-04
 0.00000000E+00  0.49821097E-04
 0.00000000E+00  0.47920298E-04
 0.00000000E+00  0.47758359E-04
 0.00000000E+00  0.45259011E-04
 0.00000000E+00  0.44017125E-04
 0.00000000E+00  0.42902708E-04
 0.00000000E+00  0.41947756E-04
 0.00000000E+00  0.37651762E-04
 0.00000000E+00  0.37140504E-04
 0.00000000E+00  0.35590335E-04
 0.00000000E+00  0.33508676E-04
 0.00000000E+00  0.32375125E-04
 0.00000000E+00  0.30770165E-04
 0.00000000E+00  0.27991357E-04
 0.00000000E+00  0.25636656E-04
 0.00000000E+00  0.24265052E-04
 0.00000000E+00  0.26958891E-04
 0.00000000E+00  0.25207422E-04
 0.00000000E+00  0.21981358E-04
 0.00000000E+00  0.21285712E-04
 0.00000000E+00  0.18819730E-04
 0.00000000E+00  0.18094147E-04
 0.00000000E+00  0.18651035E-04
 0.00000000E+00  0.14486515E-04
 0.00000000E+00  0.14365997E-04
 0.00000000E+00  0.10438750E-04
 0.00000000E+00  0.11166882E-04
 0.00000000E+00  0.10439710E-04
 0.00000000E+00  0.94688494E-05
 0.00000000E+00  0.72251947E-05
 0.00000000E+00  0.74488615E-05
 0.00000000E+00  0.14086749E-04
 0.00000000E+00  0.13317772E-04
 0.00000000E+00  0.15277795E-04
 0.00000000E+00  0.14578863E-04
 0.00000000E+00  0.15639386E-04
 0.00000000E+00  0.17493659E-04
 0.00000000E+00  0.19362734E-04
 0.00000000E+00  0.19431318E-04
 0.00000000E+00  0.20455173E-04
 0.00000000E+00  0.24580123E-04
 0.00000000E+00  0.25307232E-04
 0.00000000E+00  0.30398906E-04
 0.00000000E+00  0.34460877E-04
 0.00000000E+00  0.37054181E-04
 0.00000000E+00  0.42144014E-04
 0.00000000E+00  0.45223390E-04
 0.00000000E+00  0.50311506E-04
 0.00000000E+00  0.56416896E-04
 0.00000000E+00  0.68352062E-04
 0.00000000E+00  0.74579180E-04
 0.00000000E+00  0.82352751E-04
 0.00000000E+00  0.90568925E-04
 0.00000000E+00  0.10089075E-03
 0.00000000E+00  0.11119042E-03
 0.00000000E+00  0.12170000E-03
 0.00000000E+00  0.13232233E-03
 0.00000000E+00  0.14472788E-03
 0.00000000E+00  0.15850470E-03
 0.00000000E+00  0.17055672E-03
 0.00000000E+00  0.18237705E-03
 0.00000000E+00  0.20097569E-03
 0.00000000E+00  0.21547601E-03
 0.00000000E+00  0.23578856E-03
 0.00000000E+00  0.25356905E-03
 0.00000000E+00  0.27560126E-03
 0.00000000E+00  0.29808485E-03
 0.00000000E+00  0.31819414E-03
 0.00000000E+00  0.34553405E-03
 0.00000000E+00  0.36877282E-03
 0.00000000E+00  0.38889951E-03
 0.00000000E+00  0.41866941E-03
 0.00000000E+00  0.44777353E-03
 0.00000000E+00  0.48087945E-03
 0.00000000E+00  0.51389600E-03
 0.00000000E+00  0.54608939E-03
 0.00000000E+00  0.58002782E-03
 0.00000000E+00  0.61974680E-03
 0.00000000E+00  0.66296908E-03
 0.00000000E+00  0.70148067E-03
 0.00000000E+00  0.74545505E-03
 0.00000000E+00  0.79043565E-03
 0.00000000E+00  0.85138446E-03
 0.00000000E+00  0.89740141E-03
 0.00000000E+00  0.94874425E-03
 0.00000000E+00  0.10136578E-02
 0.00000000E+00  0.10746670E-02
 0.00000000E+00  0.11382407E-02
 0.00000000E+00  0.11937652E-02
 0.00000000E+00  0.12731590E-02
 0.00000000E+00  0.13428975E-02
 0.00000000E+00  0.14270554E-02
 0.00000000E+00  0.15120134E-02
 0.00000000E+00  0.16084429E-02
 0.00000000E+00  0.17043865E-02
 0.00000000E+00  0.18123295E-02
 0.00000000E+00  0.19292897E-02
 0.00000000E+00  0.20432276E-02
 0.00000000E+00  0.21857428E-02
 0.00000000E+00  0.23145237E-02
 0.00000000E+00  0.24659794E-02
 0.00000000E+00  0.26196302E-02
 0.00000000E+00  0.27906622E-02
 0.00000000E+00  0.29465421E-02
 0.00000000E+00  0.31344697E-02
 0.00000000E+00  0.33449316E-02
 0.00000000E+00  0.35793118E-02
 0.00000000E+00  0.38260444E-02
 0.00000000E+00  0.41046905E-02
 0.00000000E+00  0.43874927E-02
 0.00000000E+00  0.47034935E-02
 0.00000000E+00  0.50499618E-02
 0.00000000E+00  0.54182022E-02
 0.00000000E+00  0.58209102E-02
 0.00000000E+00  0.61905156E-02
 0.00000000E+00  0.66560609E-02
 0.00000000E+00  0.71586097E-02
 0.00000000E+00  0.77414362E-02
 0.00000000E+00  0.83496155E-02
 0.00000000E+00  0.89302621E-02
 0.00000000E+00  0.96155040E-02
 0.00000000E+00  0.85719295E-02
 0.00000000E+00  0.89110301E-02
 0.00000000E+00  0.93474574E-02
 0.00000000E+00  0.98649923E-02
 0.00000000E+00  0.10407024E-01
 0.00000000E+00  0.10754876E-01
 0.00000000E+00  0.11085170E-01
 0.00000000E+00  0.11064323E-01
 0.00000000E+00  0.11163438E-01
 0.00000000E+00  0.11312208E-01
 0.00000000E+00  0.11415584E-01
 0.00000000E+00  0.11546581E-01
 0.00000000E+00  0.11627966E-01
 0.00000000E+00  0.11753251E-01
 0.00000000E+00  0.11829306E-01
 0.00000000E+00  0.11967656E-01
 0.00000000E+00  0.12073117E-01
 0.00000000E+00  0.12149057E-01
 0.00000000E+00  0.12203316E-01
 0.00000000E+00  0.12329810E-01
 0.00000000E+00  0.12376137E-01
 0.00000000E+00  0.12501447E-01
 0.00000000E+00  0.12569228E-01
 0.00000000E+00  0.12728724E-01
 0.00000000E+00  0.12782695E-01
 0.00000000E+00  0.12868658E-01
 0.00000000E+00  0.13013694E-01
 0.00000000E+00  0.13099591E-01
 0.00000000E+00  0.13197854E-01
 0.00000000E+00  0.13271747E-01
 0.00000000E+00  0.13344158E-01
 0.00000000E+00  0.13440404E-01
 0.00000000E+00  0.13533946E-01
 0.00000000E+00  0.13604268E-01
 0.00000000E+00  0.13640794E-01
 0.00000000E+00  0.13691359E-01
 0.00000000E+00  0.13722409E-01
 0.00000000E+00  0.13754809E-01
 0.00000000E+00  0.13711564E-01
 0.00000000E+00  0.13690684E-01
 0.00000000E+00  0.13577107E-01
 0.00000000E+00  0.13464808E-01
 0.00000000E+00  0.13266314E-01
 0.00000000E+00  0.13015966E-01
 0.00000000E+00  0.12681780E-01
 0.00000000E+00  0.12261483E-01
 0.00000000E+00  0.11707610E-01
 0.00000000E+00  0.11042736E-01
 0.00000000E+00  0.10222169E-01
 0.00000000E+00  0.92237862E-02
 0.00000000E+00  0.79634748E-02
 0.00000000E+00  0.61096966E-02
 0.00000000E+00  -.32534356E-02
 0.00000000E+00  0.53330342E-01
 0.00000000E+00  0.44322212E-02
 0.00000000E+00  0.14137140E-01
 0.00000000E+00  0.95600565E-02
 0.00000000E+00  0.13801796E-01
 0.00000000E+00  0.15334551E-01
 0.00000000E+00  0.14983574E-01
 0.00000000E+00  0.10591488E-01
 0.00000000E+00  0.32766008E-02
 0.00000000E+00  0.83971444E-02
 0.00000000E+00  0.38539455E-02
 0.00000000E+00  0.51436130E-02
 0.00000000E+00  0.28478031E-02
 0.00000000E+00  0.26482618E-02
 0.00000000E+00  0.20767418E-02
 0.00000000E+00  0.43785615E-02
 0.00000000E+00  -.23794932E-01
 0.00000000E+00  0.32624468E-01
 0.00000000E+00  0.34775180E-01
 0.00000000E+00  0.35234856E-01
 0.00000000E+00  0.36018032E-01
 0.00000000E+00  0.14594362E-01
 0.00000000E+00  0.98350447E-03
 0.00000000E+00  0.50347345E-01
 0.00000000E+00  -.44880400E-02
 0.00000000E+00  -.69262518E-02
 0.00000000E+00  0.32419285E-03
 0.00000000E+00  0.35077306E-02
 0.00000000E+00  -.63014339E-02
 0.00000000E+00  -.15333537E-02
 0.00000000E+00  0.30689615E-02
 0.00000000E+00  -.18387531E-02
 0.00000000E+00  0.86656081E-02
 0.00000000E+00  -.10247648E-01
 0.00000000E+00  -.13962226E-01
 0.00000000E+00  -.14647186E-01
 0.00000000E+00  -.15413224E-01
 0.00000000E+00  -.15706844E-01
 0.00000000E+00  -.16653749E-01
 0.00000000E+00  -.16762910E-01
 0.00000000E+00  -.16808469E-01
 0.00000000E+00  -.12148758E-01
 0.00000000E+00  -.47103286E-02
 0.00000000E+00  0.50055846E-04
 0.00000000E+00  -.61429773E-02
 0.00000000E+00  -.33832873E-02
 0.00000000E+00  -.66534134E-02
 0.00000000E+00  -.47233745E-02
 0.00000000E+00  -.42076434E-03
 0.00000000E+00  -.70077317E-04
 0.00000000E+00  -.40313249E-03
 0.00000000E+00  -.39077039E-02
 0.00000000E+00  -.39724831E-02
 0.00000000E+00  -.18971049E-02
 0.00000000E+00  -.78355285E-03
 0.00000000E+00  0.21234483E-02
 0.00000000E+00  0.13548989E-02
 0.00000000E+00  0.15774717E-02
 0.00000000E+00  0.15008355E-02
 0.00000000E+00  0.84195903E-03
 0.00000000E+00  0.34855288E-02
 0.00000000E+00  0.31910433E-02
 0.00000000E+00  0.31340197E-02
 0.00000000E+00  0.32114995E-02
 0.00000000E+00  0.31073848E-02
 0.00000000E+00  0.29459030E-02
 0.00000000E+00  0.22159974E-02
 0.00000000E+00  0.40304178E-03
 0.00000000E+00  0.40979699E-02
 0.00000000E+00  0.63087876E-02
 0.00000000E+00  -.73248459E-02
 0.00000000E+00  -.64440059E-02
 0.00000000E+00  -.58621045E-02
 0.00000000E+00  -.54747420E-02
 0.00000000E+00  -.51022920E-02
 0.00000000E+00  -.47473220E-02
 0.00000000E+00  -.44196537E-02
 0.00000000E+00  -.41219043E-02
 0.00000000E+00  -.38452397E-02
 0.00000000E+00  -.35924378E-02
 0.00000000E+00  -.33615283E-02
 0.00000000E+00  -.31402215E-02
 0.00000000E+00  -.29390756E-02
 0.00000000E+00  -.27831365E-02
 0.00000000E+00  -.26152212E-02
 0.00000000E+00  -.24553364E-02
 0.00000000E+00  -.23169248E-02
 0.00000000E+00  -.21669386E-02
 0.00000000E+00  -.20434056E-02
 0.00000000E+00  -.19058170E-02
 0.00000000E+00  -.17986618E-02
 0.00000000E+00  -.16897780E-02
 0.00000000E+00  -.15897126E-02
 0.00000000E+00  -.15013816E-02
 0.00000000E+00  -.14171194E-02
 0.00000000E+00  -.13242305E-02
 0.00000000E+00  -.12529073E-02
 0.00000000E+00  -.11862652E-02
 0.00000000E+00  -.11253141E-02
 0.00000000E+00  -.10569888E-02
 0.00000000E+00  -.99287707E-03
 0.00000000E+00  -.93801016E-03
 0.00000000E+00  -.88252583E-03
 0.00000000E+00  -.82837259E-03
 0.00000000E+00  -.77803997E-03
 0.00000000E+00  -.73391456E-03
 0.00000000E+00  -.68446580E-03
 0.00000000E+00  -.64107199E-03
 0.00000000E+00  -.60095440E-03
 0.00000000E+00  -.56414614E-03
 0.00000000E+00  -.53054801E-03
 0.00000000E+00  -.49494508E-03
 0.00000000E+00  -.46412763E-03
 0.00000000E+00  -.43267227E-03
 0.00000000E+00  -.40588135E-03
 0.00000000E+00  -.37906765E-03
 0.00000000E+00  -.35453924E-03
 0.00000000E+00  -.32824837E-03
 0.00000000E+00  -.30602110E-03
 0.00000000E+00  -.28583940E-03
 0.00000000E+00  -.26333510E-03
 0.00000000E+00  -.24256577E-03
 0.00000000E+00  -.22503843E-03
 0.00000000E+00  -.20930080E-03
 0.00000000E+00  -.18817872E-03
 0.00000000E+00  -.17661783E-03
 0.00000000E+00  -.16151484E-03
 0.00000000E+00  -.14834542E-03
 0.00000000E+00  -.13219217E-03
 0.00000000E+00  -.12476788E-03
 0.00000000E+00  -.11506975E-03
 0.00000000E+00  -.10163077E-03
 0.00000000E+00  -.93290679E-04
 0.00000000E+00  -.87316860E-04
 0.00000000E+00  -.77492795E-04
 0.00000000E+00  -.72769698E-04
 0.00000000E+00  -.58300213E-04
 0.00000000E+00  -.50611826E-04
 0.00000000E+00  -.47826139E-04
 0.00000000E+00  -.39454793E-04
 0.00000000E+00  -.36764578E-04
 0.00000000E+00  -.34902015E-04
 0.00000000E+00  -.29611671E-04
 0.00000000E+00  -.25343580E-04
 0.00000000E+00  -.24223733E-04
 0.00000000E+00  -.20080904E-04
 0.00000000E+00  -.19973125E-04
 0.00000000E+00  -.20354699E-04
 0.00000000E+00  -.16550025E-04
 0.00000000E+00  -.15335363E-04
 0.00000000E+00  -.15357244E-04
 0.00000000E+00  -.14840705E-04
 0.00000000E+00  -.15661382E-04
 0.00000000E+00  -.14264755E-04
 0.00000000E+00  -.73970534E-05
 0.00000000E+00  -.80549417E-05
 0.00000000E+00  -.77931387E-05
 0.00000000E+00  -.12052770E-04
 0.00000000E+00  -.11763938E-04
 0.00000000E+00  -.10846494E-04
 0.00000000E+00  -.12942524E-04
 0.00000000E+00  -.14756595E-04
 0.00000000E+00  -.16016705E-04
 0.00000000E+00  -.18107396E-04
 0.00000000E+00  -.20202020E-04
 0.00000000E+00  -.22492502E-04
 0.00000000E+00  -.23219850E-04
 0.00000000E+00  -.24317942E-04
 0.00000000E+00  -.26680284E-04
 0.00000000E+00  -.28235446E-04
 0.00000000E+00  -.25359496E-04
 0.00000000E+00  -.27291887E-04
 0.00000000E+00  -.29623979E-04
 0.00000000E+00  -.32287523E-04
 0.00000000E+00  -.33643481E-04
 0.00000000E+00  -.35283745E-04
 0.00000000E+00  -.36043918E-04
 0.00000000E+00  -.39479848E-04
 0.00000000E+00  -.41957059E-04
 0.00000000E+00  -.43312899E-04
 0.00000000E+00  -.43863441E-04
 0.00000000E+00  -.45870297E-04
 0.00000000E+00  -.48010395E-04
 0.00000000E+00  -.48949098E-04
 0.00000000E+00  -.50950117E-04
 0.00000000E+00  -.51517107E-04
 0.00000000E+00  -.53423246E-04
 0.00000000E+00  -.55798878E-04
 0.00000000E+00  -.54575900E-04
 0.00000000E+00  -.57573737E-04
 0.00000000E+00  -.58043396E-04
 0.00000000E+00  -.59958631E-04
 0.00000000E+00  -.58764421E-04
 0.00000000E+00  -.60903965E-04
 0.00000000E+00  -.61574597E-04
 0.00000000E+00  -.66101258E-04
 0.00000000E+00  -.67138894E-04
 0.00000000E+00  -.67812978E-04
 0.00000000E+00  -.67981886E-04
 0.00000000E+00  -.68810054E-04
 0.00000000E+00  -.67624684E-04
 0.00000000E+00  -.68385993E-04
 0.00000000E+00  -.67696347E-04
 0.00000000E+00  -.68225253E-04
 0.00000000E+00  -.67421657E-04
 0.00000000E+00  -.66788612E-04
