Mu-Hu               
 0.10000000E+06  0.84905224E+06
 0.99666667E+05  0.84902434E+06
 0.99333333E+05  0.84899635E+06
 0.99000000E+05  0.84896826E+06
 0.98666667E+05  0.84894006E+06
 0.98333333E+05  0.84891177E+06
 0.98000000E+05  0.84888338E+06
 0.97666667E+05  0.84885488E+06
 0.97333333E+05  0.84882628E+06
 0.97000000E+05  0.84879758E+06
 0.96666667E+05  0.84876878E+06
 0.96333333E+05  0.84873988E+06
 0.96000000E+05  0.84871087E+06
 0.95666667E+05  0.84868176E+06
 0.95333333E+05  0.84865254E+06
 0.95000000E+05  0.84862322E+06
 0.94666667E+05  0.84859379E+06
 0.94333333E+05  0.84856426E+06
 0.94000000E+05  0.84853462E+06
 0.93666667E+05  0.84850488E+06
 0.93333333E+05  0.84847502E+06
 0.93000000E+05  0.84844506E+06
 0.92666667E+05  0.84841499E+06
 0.92333333E+05  0.84838481E+06
 0.92000000E+05  0.84835452E+06
 0.91666667E+05  0.84832412E+06
 0.91333333E+05  0.84829361E+06
 0.91000000E+05  0.84826299E+06
 0.90666667E+05  0.84823226E+06
 0.90333333E+05  0.84820142E+06
 0.90000000E+05  0.84817046E+06
 0.89666667E+05  0.84813939E+06
 0.89333333E+05  0.84810821E+06
 0.89000000E+05  0.84807691E+06
 0.88666667E+05  0.84804549E+06
 0.88333333E+05  0.84801397E+06
 0.88000000E+05  0.84798232E+06
 0.87666667E+05  0.84795056E+06
 0.87333333E+05  0.84791868E+06
 0.87000000E+05  0.84788669E+06
 0.86666667E+05  0.84785457E+06
 0.86333333E+05  0.84782234E+06
 0.86000000E+05  0.84778998E+06
 0.85666667E+05  0.84775751E+06
 0.85333333E+05  0.84772492E+06
 0.85000000E+05  0.84769220E+06
 0.84666667E+05  0.84765937E+06
 0.84333333E+05  0.84762641E+06
 0.84000000E+05  0.84759333E+06
 0.83666667E+05  0.84756012E+06
 0.83333333E+05  0.84752679E+06
 0.83000000E+05  0.84749333E+06
 0.82666667E+05  0.84745975E+06
 0.82333333E+05  0.84742605E+06
 0.82000000E+05  0.84739221E+06
 0.81666667E+05  0.84735825E+06
 0.81333333E+05  0.84732417E+06
 0.81000000E+05  0.84728995E+06
 0.80666667E+05  0.84725560E+06
 0.80333333E+05  0.84722112E+06
 0.80000000E+05  0.84718652E+06
 0.79666667E+05  0.84715178E+06
 0.79333333E+05  0.84711691E+06
 0.79000000E+05  0.84708190E+06
 0.78666667E+05  0.84704677E+06
 0.78333333E+05  0.84701150E+06
 0.78000000E+05  0.84697609E+06
 0.77666667E+05  0.84694055E+06
 0.77333333E+05  0.84690487E+06
 0.77000000E+05  0.84686906E+06
 0.76666667E+05  0.84683311E+06
 0.76333333E+05  0.84679702E+06
 0.76000000E+05  0.84676079E+06
 0.75666667E+05  0.84672443E+06
 0.75333333E+05  0.84668792E+06
 0.75000000E+05  0.84665127E+06
 0.74666667E+05  0.84661448E+06
 0.74333333E+05  0.84657754E+06
 0.74000000E+05  0.84654047E+06
 0.73666667E+05  0.84650325E+06
 0.73333333E+05  0.84646588E+06
 0.73000000E+05  0.84642837E+06
 0.72666667E+05  0.84639071E+06
 0.72333333E+05  0.84635291E+06
 0.72000000E+05  0.84631496E+06
 0.71666667E+05  0.84627686E+06
 0.71333333E+05  0.84623861E+06
 0.71000000E+05  0.84620021E+06
 0.70666667E+05  0.84616165E+06
 0.70333333E+05  0.84612295E+06
 0.70000000E+05  0.84608409E+06
 0.69666667E+05  0.84604508E+06
 0.69333333E+05  0.84600592E+06
 0.69000000E+05  0.84596660E+06
 0.68666667E+05  0.84592713E+06
 0.68333333E+05  0.84588749E+06
 0.68000000E+05  0.84584771E+06
 0.67666667E+05  0.84580776E+06
 0.67333333E+05  0.84576765E+06
 0.67000000E+05  0.84572738E+06
 0.66666667E+05  0.84568695E+06
 0.66333333E+05  0.84564636E+06
 0.66000000E+05  0.84560561E+06
 0.65666667E+05  0.84556469E+06
 0.65333333E+05  0.84552361E+06
 0.65000000E+05  0.84548236E+06
 0.64666667E+05  0.84544095E+06
 0.64333333E+05  0.84539937E+06
 0.64000000E+05  0.84535762E+06
 0.63666667E+05  0.84531570E+06
 0.63333333E+05  0.84527361E+06
 0.63000000E+05  0.84523135E+06
 0.62666667E+05  0.84518892E+06
 0.62333333E+05  0.84514631E+06
 0.62000000E+05  0.84510353E+06
 0.61666667E+05  0.84506057E+06
 0.61333333E+05  0.84501744E+06
 0.61000000E+05  0.84497413E+06
 0.60666667E+05  0.84493065E+06
 0.60333333E+05  0.84488698E+06
 0.60000000E+05  0.84484314E+06
 0.59666667E+05  0.84479911E+06
 0.59333333E+05  0.84475490E+06
 0.59000000E+05  0.84471051E+06
 0.58666667E+05  0.84466593E+06
 0.58333333E+05  0.84462117E+06
 0.58000000E+05  0.84457622E+06
 0.57666667E+05  0.84453109E+06
 0.57333333E+05  0.84448576E+06
 0.57000000E+05  0.84444025E+06
 0.56666667E+05  0.84439454E+06
 0.56333333E+05  0.84434865E+06
 0.56000000E+05  0.84430256E+06
 0.55666667E+05  0.84425627E+06
 0.55333333E+05  0.84420979E+06
 0.55000000E+05  0.84416312E+06
 0.54666667E+05  0.84411624E+06
 0.54333333E+05  0.84406917E+06
 0.54000000E+05  0.84402190E+06
 0.53666667E+05  0.84397442E+06
 0.53333333E+05  0.84392675E+06
 0.53000000E+05  0.84387887E+06
 0.52666667E+05  0.84383078E+06
 0.52333333E+05  0.84378249E+06
 0.52000000E+05  0.84373399E+06
 0.51666667E+05  0.84368528E+06
 0.51333333E+05  0.84363637E+06
 0.51000000E+05  0.84358724E+06
 0.50666667E+05  0.84353790E+06
 0.50333333E+05  0.84348834E+06
 0.50000000E+05  0.84343857E+06
 0.49666667E+05  0.84338859E+06
 0.49333333E+05  0.84333838E+06
 0.49000000E+05  0.84328796E+06
 0.48666667E+05  0.84323731E+06
 0.48333333E+05  0.84318645E+06
 0.48000000E+05  0.84313536E+06
 0.47666667E+05  0.84308404E+06
 0.47333333E+05  0.84303250E+06
 0.47000000E+05  0.84298074E+06
 0.46666667E+05  0.84292874E+06
 0.46333333E+05  0.84287651E+06
 0.46000000E+05  0.84282405E+06
 0.45666667E+05  0.84277136E+06
 0.45333333E+05  0.84271843E+06
 0.45000000E+05  0.84266526E+06
 0.44666667E+05  0.84261186E+06
 0.44333333E+05  0.84255822E+06
 0.44000000E+05  0.84250433E+06
 0.43666667E+05  0.84245021E+06
 0.43333333E+05  0.84239584E+06
 0.43000000E+05  0.84234122E+06
 0.42666667E+05  0.84228635E+06
 0.42333333E+05  0.84223124E+06
 0.42000000E+05  0.84217587E+06
 0.41666667E+05  0.84212025E+06
 0.41333333E+05  0.84206438E+06
 0.41000000E+05  0.84200825E+06
 0.40666667E+05  0.84195186E+06
 0.40333333E+05  0.84189521E+06
 0.40000000E+05  0.84183831E+06
 0.39666667E+05  0.84178113E+06
 0.39333333E+05  0.84172369E+06
 0.39000000E+05  0.84166599E+06
 0.38666667E+05  0.84160801E+06
 0.38333333E+05  0.84154977E+06
 0.38000000E+05  0.84149125E+06
 0.37666667E+05  0.84143245E+06
 0.37333333E+05  0.84137338E+06
 0.37000000E+05  0.84131403E+06
 0.36666667E+05  0.84125440E+06
 0.36333333E+05  0.84119448E+06
 0.36000000E+05  0.84113428E+06
 0.35666667E+05  0.84107379E+06
 0.35333333E+05  0.84101301E+06
 0.35000000E+05  0.84095194E+06
 0.34666667E+05  0.84089057E+06
 0.34333333E+05  0.84082890E+06
 0.34000000E+05  0.84076693E+06
 0.33666667E+05  0.84070466E+06
 0.33333333E+05  0.84064209E+06
 0.33000000E+05  0.84057920E+06
 0.32666667E+05  0.84051601E+06
 0.32333333E+05  0.84045250E+06
 0.32000000E+05  0.84038867E+06
 0.31666667E+05  0.84032451E+06
 0.31333333E+05  0.84026004E+06
 0.31000000E+05  0.84019523E+06
 0.30666667E+05  0.84013009E+06
 0.30333333E+05  0.84006461E+06
 0.30000000E+05  0.83999879E+06
 0.29666667E+05  0.83993261E+06
 0.29333333E+05  0.83986608E+06
 0.29000000E+05  0.83979919E+06
 0.28666667E+05  0.83973192E+06
 0.28333333E+05  0.83966427E+06
 0.28000000E+05  0.83959623E+06
 0.27666667E+05  0.83952778E+06
 0.27333333E+05  0.83945890E+06
 0.27000000E+05  0.83938958E+06
 0.26666667E+05  0.83931977E+06
 0.26333333E+05  0.83924945E+06
 0.26000000E+05  0.83917857E+06
 0.25666667E+05  0.83910705E+06
 0.25333333E+05  0.83903479E+06
 0.25000000E+05  0.83896164E+06
 0.24666667E+05  0.83888736E+06
 0.24333333E+05  0.83881156E+06
 0.24000000E+05  0.83873351E+06
 0.23666667E+05  0.83865179E+06
 0.23333333E+05  0.83856315E+06
 0.23000000E+05  0.83845833E+06
 0.22666667E+05  0.83829819E+06
 0.22333333E+05  0.73975240E+06
 0.22000000E+05  0.73700691E+06
 0.21666667E+05  0.73436866E+06
 0.21333333E+05  0.73182104E+06
 0.21000000E+05  0.72935107E+06
 0.20666667E+05  0.72694828E+06
 0.20333333E+05  0.72460392E+06
 0.20000000E+05  0.72231044E+06
 0.19666667E+05  0.72006103E+06
 0.19333333E+05  0.20295266E+06
 0.19000000E+05  0.20056948E+06
 0.18666667E+05  0.19799224E+06
 0.18333333E+05  0.19510224E+06
 0.18000000E+05  0.19172173E+06
 0.17666667E+05  0.18763146E+06
 0.17333333E+05  0.18276578E+06
 0.17000000E+05  0.17739212E+06
 0.16666667E+05  0.17228997E+06
 0.16333333E+05  0.16811952E+06
 0.16000000E+05  0.16470214E+06
 0.15666667E+05  0.16174790E+06
 0.15333333E+05  0.15906817E+06
 0.15000000E+05  0.15654371E+06
 0.14666667E+05  0.15409088E+06
 0.14333333E+05  0.15164146E+06
 0.14000000E+05  0.14912944E+06
 0.13666667E+05  0.14647927E+06
 0.13333333E+05  0.14359221E+06
 0.13000000E+05  0.14033069E+06
 0.12666667E+05  0.13652331E+06
 0.12333333E+05  0.13210888E+06
 0.12000000E+05  0.12743418E+06
 0.11666667E+05  0.12289865E+06
 0.11333333E+05  0.11857315E+06
 0.11000000E+05  0.11455777E+06
 0.10666667E+05  0.11094145E+06
 0.10333333E+05  0.10767193E+06
 0.10000000E+05  0.10463827E+06
 0.96666667E+04  0.10173380E+06
 0.93333333E+04  0.98864319E+05
 0.90000000E+04  0.95938936E+05
 0.86666667E+04  0.92857822E+05
 0.83333333E+04  0.89504046E+05
 0.80000000E+04  0.85769895E+05
 0.76666667E+04  0.81702749E+05
 0.73333333E+04  0.77641385E+05
 0.70000000E+04  0.73856011E+05
 0.66666667E+04  0.70310269E+05
 0.63333333E+04  0.66861759E+05
 0.60000000E+04  0.63385053E+05
 0.56666667E+04  0.59815890E+05
 0.53333333E+04  0.56192101E+05
 0.50000000E+04  0.52623176E+05
 0.46666667E+04  0.49171066E+05
 0.43333333E+04  0.45805208E+05
 0.40000000E+04  0.42442546E+05
 0.36666667E+04  0.38983094E+05
 0.33333333E+04  0.35339893E+05
 0.30000000E+04  0.31508033E+05
 0.26666667E+04  0.27640752E+05
 0.23333333E+04  0.23940321E+05
 0.20000000E+04  0.20474858E+05
 0.16666667E+04  0.17197122E+05
 0.13333333E+04  0.14026286E+05
 0.10000000E+04  0.10881443E+05
 0.66666667E+03  0.76874760E+04
 0.33333333E+03  0.43770916E+04
 0.00000000E+00  0.90103890E+03
 -.33333333E+03  -.27482966E+04
 -.66666667E+03  -.65169015E+04
 -.10000000E+04  -.10318589E+05
 -.13333333E+04  -.14107303E+05
 -.16666667E+04  -.17901071E+05
 -.20000000E+04  -.21734457E+05
 -.23333333E+04  -.25595980E+05
 -.26666667E+04  -.29407373E+05
 -.30000000E+04  -.33075297E+05
 -.33333333E+04  -.36557640E+05
 -.36666667E+04  -.39873534E+05
 -.40000000E+04  -.43077039E+05
 -.43333333E+04  -.46235552E+05
 -.46666667E+04  -.49422257E+05
 -.50000000E+04  -.52717081E+05
 -.53333333E+04  -.56208950E+05
 -.56666667E+04  -.59979206E+05
 -.60000000E+04  -.63992007E+05
 -.63333333E+04  -.67952528E+05
 -.66666667E+04  -.71623688E+05
 -.70000000E+04  -.75044859E+05
 -.73333333E+04  -.78331878E+05
 -.76666667E+04  -.81580900E+05
 -.80000000E+04  -.84857604E+05
 -.83333333E+04  -.88192898E+05
 -.86666667E+04  -.91576800E+05
 -.90000000E+04  -.94967296E+05
 -.93333333E+04  -.98322589E+05
 -.96666667E+04  -.10163281E+06
 -.10000000E+05  -.10492924E+06
 -.10333333E+05  -.10828294E+06
 -.10666667E+05  -.11181867E+06
 -.11000000E+05  -.11579596E+06
 -.11333333E+05  -.12126853E+06
 -.11666667E+05  -.13247317E+06
 -.12000000E+05  -.13762774E+06
 -.12333333E+05  -.14166980E+06
 -.12666667E+05  -.14538004E+06
 -.13000000E+05  -.14903669E+06
 -.13333333E+05  -.15277744E+06
 -.13666667E+05  -.15657051E+06
 -.14000000E+05  -.16017684E+06
 -.14333333E+05  -.16341018E+06
 -.14666667E+05  -.16630547E+06
 -.15000000E+05  -.16897683E+06
 -.15333333E+05  -.17152779E+06
 -.15666667E+05  -.17404872E+06
 -.16000000E+05  -.17664291E+06
 -.16333333E+05  -.17950585E+06
 -.16666667E+05  -.18588102E+06
 -.17000000E+05  -.18740837E+06
 -.17333333E+05  -.18907002E+06
 -.17666667E+05  -.19139882E+06
 -.18000000E+05  -.20283325E+06
 -.18333333E+05  -.20505891E+06
 -.18666667E+05  -.20711268E+06
 -.19000000E+05  -.20906689E+06
 -.19333333E+05  -.21097299E+06
 -.19666667E+05  -.21287611E+06
 -.20000000E+05  -.21482887E+06
 -.20333333E+05  -.21691757E+06
 -.20666667E+05  -.21934706E+06
 -.21000000E+05  -.22257452E+06
 -.21333333E+05  -.22552802E+06
 -.21666667E+05  -.22770529E+06
 -.22000000E+05  -.22956883E+06
 -.22333333E+05  -.23129015E+06
 -.22666667E+05  -.23294801E+06
 -.23000000E+05  -.23459322E+06
 -.23333333E+05  -.23627112E+06
 -.23666667E+05  -.23803753E+06
 -.24000000E+05  -.23998715E+06
 -.24333333E+05  -.24236090E+06
 -.24666667E+05  -.27284779E+06
 -.25000000E+05  -.27411470E+06
 -.25333333E+05  -.27532334E+06
 -.25666667E+05  -.27648830E+06
 -.26000000E+05  -.27761979E+06
 -.26333333E+05  -.27872537E+06
 -.26666667E+05  -.27981093E+06
 -.27000000E+05  -.28088129E+06
 -.27333333E+05  -.28194053E+06
 -.27666667E+05  -.28299237E+06
 -.28000000E+05  -.28404032E+06
 -.28333333E+05  -.28508790E+06
 -.28666667E+05  -.28613881E+06
 -.29000000E+05  -.28719715E+06
 -.29333333E+05  -.28826767E+06
 -.29666667E+05  -.28935604E+06
 -.30000000E+05  -.29046933E+06
 -.30333333E+05  -.29161669E+06
 -.30666667E+05  -.29281045E+06
 -.31000000E+05  -.29406815E+06
 -.31333333E+05  -.29541639E+06
 -.31666667E+05  -.29689997E+06
 -.32000000E+05  -.29860853E+06
 -.32333333E+05  -.30080366E+06
 -.32666667E+05  -.33219536E+06
 -.33000000E+05  -.33322954E+06
 -.33333333E+05  -.33424939E+06
 -.33666667E+05  -.33525856E+06
 -.34000000E+05  -.33626027E+06
 -.34333333E+05  -.33725752E+06
 -.34666667E+05  -.33825319E+06
 -.35000000E+05  -.33925022E+06
 -.35333333E+05  -.34025167E+06
 -.35666667E+05  -.34126092E+06
 -.36000000E+05  -.34228177E+06
 -.36333333E+05  -.34331871E+06
 -.36666667E+05  -.34437714E+06
 -.37000000E+05  -.34546382E+06
 -.37333333E+05  -.34658747E+06
 -.37666667E+05  -.34775979E+06
 -.38000000E+05  -.34899722E+06
 -.38333333E+05  -.35032417E+06
 -.38666667E+05  -.35178000E+06
 -.39000000E+05  -.35343775E+06
 -.39333333E+05  -.35550219E+06
 -.39666667E+05  -.35830904E+06
 -.40000000E+05  -.35968583E+06
 -.40333333E+05  -.36109035E+06
 -.40666667E+05  -.36260362E+06
 -.41000000E+05  -.36436183E+06
 -.41333333E+05  -.38644510E+06
 -.41666667E+05  -.38752757E+06
 -.42000000E+05  -.38859861E+06
 -.42333333E+05  -.38966238E+06
 -.42666667E+05  -.39072266E+06
 -.43000000E+05  -.39178302E+06
 -.43333333E+05  -.39284706E+06
 -.43666667E+05  -.39391853E+06
 -.44000000E+05  -.39500161E+06
 -.44333333E+05  -.39610118E+06
 -.44666667E+05  -.39722325E+06
 -.45000000E+05  -.39837566E+06
 -.45333333E+05  -.39956927E+06
 -.45666667E+05  -.40082021E+06
 -.46000000E+05  -.40215449E+06
 -.46333333E+05  -.40361955E+06
 -.46666667E+05  -.40532040E+06
 -.47000000E+05  -.40760688E+06
 -.47333333E+05  -.42816029E+06
 -.47666667E+05  -.43122678E+06
 -.48000000E+05  -.43348518E+06
 -.48333333E+05  -.43542882E+06
 -.48666667E+05  -.43720531E+06
 -.49000000E+05  -.43888323E+06
 -.49333333E+05  -.44050236E+06
 -.49666667E+05  -.44208976E+06
 -.50000000E+05  -.44366659E+06
 -.50333333E+05  -.44525180E+06
 -.50666667E+05  -.44686482E+06
 -.51000000E+05  -.44852824E+06
 -.51333333E+05  -.45027190E+06
 -.51666667E+05  -.45214026E+06
 -.52000000E+05  -.45420976E+06
 -.52333333E+05  -.45663950E+06
 -.52666667E+05  -.45989041E+06
 -.53000000E+05  -.46622105E+06
 -.53333333E+05  -.47188946E+06
 -.53666667E+05  -.47494561E+06
 -.54000000E+05  -.47729729E+06
 -.54333333E+05  -.47933169E+06
 -.54666667E+05  -.48118971E+06
 -.55000000E+05  -.48294100E+06
 -.55333333E+05  -.48462705E+06
 -.55666667E+05  -.48627643E+06
 -.56000000E+05  -.48791159E+06
 -.56333333E+05  -.48955267E+06
 -.56666667E+05  -.49122029E+06
 -.57000000E+05  -.49293849E+06
 -.57333333E+05  -.49473891E+06
 -.57666667E+05  -.49666838E+06
 -.58000000E+05  -.49880500E+06
 -.58333333E+05  -.50129676E+06
 -.58666667E+05  -.50444800E+06
 -.59000000E+05  -.50853954E+06
 -.59333333E+05  -.51238478E+06
 -.59666667E+05  -.51525885E+06
 -.60000000E+05  -.51755727E+06
 -.60333333E+05  -.51953692E+06
 -.60666667E+05  -.52132167E+06
 -.61000000E+05  -.52297779E+06
 -.61333333E+05  -.52454479E+06
 -.61666667E+05  -.52604843E+06
 -.62000000E+05  -.52750681E+06
 -.62333333E+05  -.52893347E+06
 -.62666667E+05  -.53033923E+06
 -.63000000E+05  -.53173323E+06
 -.63333333E+05  -.53312373E+06
 -.63666667E+05  -.53451864E+06
 -.64000000E+05  -.53592607E+06
 -.64333333E+05  -.53735482E+06
 -.64666667E+05  -.53881500E+06
 -.65000000E+05  -.54031895E+06
 -.65333333E+05  -.54188240E+06
 -.65666667E+05  -.54352645E+06
 -.66000000E+05  -.54528049E+06
 -.66333333E+05  -.54718661E+06
 -.66666667E+05  -.54930371E+06
 -.67000000E+05  -.55169869E+06
 -.67333333E+05  -.55437541E+06
 -.67666667E+05  -.55713292E+06
 -.68000000E+05  -.55967662E+06
 -.68333333E+05  -.56191257E+06
 -.68666667E+05  -.56389388E+06
 -.69000000E+05  -.56569120E+06
 -.69333333E+05  -.56735814E+06
 -.69666667E+05  -.56893207E+06
 -.70000000E+05  -.57043943E+06
 -.70333333E+05  -.57189969E+06
 -.70666667E+05  -.57332801E+06
 -.71000000E+05  -.57473690E+06
 -.71333333E+05  -.57613744E+06
 -.71666667E+05  -.57754016E+06
 -.72000000E+05  -.57895588E+06
 -.72333333E+05  -.58039657E+06
 -.72666667E+05  -.58187646E+06
 -.73000000E+05  -.58341375E+06
 -.73333333E+05  -.58503325E+06
 -.73666667E+05  -.58677113E+06
 -.74000000E+05  -.58868365E+06
 -.74333333E+05  -.59086321E+06
 -.74666667E+05  -.59345724E+06
 -.75000000E+05  -.59659459E+06
 -.75333333E+05  -.59995477E+06
 -.75666667E+05  -.60290114E+06
 -.76000000E+05  -.60534614E+06
 -.76333333E+05  -.60744574E+06
 -.76666667E+05  -.60932142E+06
 -.77000000E+05  -.61104774E+06
 -.77333333E+05  -.61267143E+06
 -.77666667E+05  -.61422361E+06
 -.78000000E+05  -.61572646E+06
 -.78333333E+05  -.61719691E+06
 -.78666667E+05  -.61864881E+06
 -.79000000E+05  -.62009431E+06
 -.79333333E+05  -.62154486E+06
 -.79666667E+05  -.62301203E+06
 -.80000000E+05  -.62450818E+06
 -.80333333E+05  -.62604718E+06
 -.80666667E+05  -.62764489E+06
 -.81000000E+05  -.62931933E+06
 -.81333333E+05  -.63108928E+06
 -.81666667E+05  -.63296919E+06
 -.82000000E+05  -.63495719E+06
 -.82333333E+05  -.63701809E+06
 -.82666667E+05  -.63908039E+06
 -.83000000E+05  -.64106669E+06
 -.83333333E+05  -.64293119E+06
 -.83666667E+05  -.64466531E+06
 -.84000000E+05  -.64628140E+06
 -.84333333E+05  -.64779817E+06
 -.84666667E+05  -.64923387E+06
 -.85000000E+05  -.65060411E+06
 -.85333333E+05  -.65192172E+06
 -.85666667E+05  -.65319715E+06
 -.86000000E+05  -.65443899E+06
 -.86333333E+05  -.65565442E+06
 -.86666667E+05  -.65684963E+06
 -.87000000E+05  -.65803006E+06
 -.87333333E+05  -.65920067E+06
 -.87666667E+05  -.66036614E+06
 -.88000000E+05  -.66153109E+06
 -.88333333E+05  -.66270021E+06
 -.88666667E+05  -.66387853E+06
 -.89000000E+05  -.66507158E+06
 -.89333333E+05  -.66628576E+06
 -.89666667E+05  -.66752869E+06
 -.90000000E+05  -.66880983E+06
 -.90333333E+05  -.67014128E+06
 -.90666667E+05  -.67153902E+06
 -.91000000E+05  -.67302480E+06
 -.91333333E+05  -.67462856E+06
 -.91666667E+05  -.67639082E+06
 -.92000000E+05  -.67835932E+06
 -.92333333E+05  -.68056087E+06
 -.92666667E+05  -.68292544E+06
 -.93000000E+05  -.68525885E+06
 -.93333333E+05  -.68740084E+06
 -.93666667E+05  -.68932318E+06
 -.94000000E+05  -.69106314E+06
 -.94333333E+05  -.69266522E+06
 -.94666667E+05  -.69416515E+06
 -.95000000E+05  -.69558955E+06
 -.95333333E+05  -.69695826E+06
 -.95666667E+05  -.69828653E+06
 -.96000000E+05  -.69958662E+06
 -.96333333E+05  -.70086892E+06
 -.96666667E+05  -.70214281E+06
 -.97000000E+05  -.70341734E+06
 -.97333333E+05  -.70470197E+06
 -.97666667E+05  -.70600736E+06
 -.98000000E+05  -.70734658E+06
 -.98333333E+05  -.70873706E+06
 -.98666667E+05  -.71020437E+06
 -.99000000E+05  -.71179048E+06
 -.99333333E+05  -.71357652E+06
 -.99666667E+05  -.71577176E+06
 -.10000000E+06  -.72004824E+06
Mv-Hv               
 0.00000000E+00  -.14884064E+03
 0.00000000E+00  -.14962376E+03
 0.00000000E+00  -.15041204E+03
 0.00000000E+00  -.15120651E+03
 0.00000000E+00  -.15200723E+03
 0.00000000E+00  -.15281427E+03
 0.00000000E+00  -.15362770E+03
 0.00000000E+00  -.15444757E+03
 0.00000000E+00  -.15527396E+03
 0.00000000E+00  -.15610695E+03
 0.00000000E+00  -.15694661E+03
 0.00000000E+00  -.15779300E+03
 0.00000000E+00  -.15864618E+03
 0.00000000E+00  -.15950626E+03
 0.00000000E+00  -.16037330E+03
 0.00000000E+00  -.16124737E+03
 0.00000000E+00  -.16212855E+03
 0.00000000E+00  -.16301693E+03
 0.00000000E+00  -.16391256E+03
 0.00000000E+00  -.16481556E+03
 0.00000000E+00  -.16572598E+03
 0.00000000E+00  -.16664393E+03
 0.00000000E+00  -.16756947E+03
 0.00000000E+00  -.16850269E+03
 0.00000000E+00  -.16944369E+03
 0.00000000E+00  -.17039255E+03
 0.00000000E+00  -.17134935E+03
 0.00000000E+00  -.17231420E+03
 0.00000000E+00  -.17328718E+03
 0.00000000E+00  -.17426839E+03
 0.00000000E+00  -.17525791E+03
 0.00000000E+00  -.17625585E+03
 0.00000000E+00  -.17726231E+03
 0.00000000E+00  -.17827737E+03
 0.00000000E+00  -.17930115E+03
 0.00000000E+00  -.18033375E+03
 0.00000000E+00  -.18137526E+03
 0.00000000E+00  -.18242579E+03
 0.00000000E+00  -.18348546E+03
 0.00000000E+00  -.18455436E+03
 0.00000000E+00  -.18563261E+03
 0.00000000E+00  -.18672032E+03
 0.00000000E+00  -.18781760E+03
 0.00000000E+00  -.18892457E+03
 0.00000000E+00  -.19004135E+03
 0.00000000E+00  -.19116805E+03
 0.00000000E+00  -.19230480E+03
 0.00000000E+00  -.19345171E+03
 0.00000000E+00  -.19460891E+03
 0.00000000E+00  -.19577653E+03
 0.00000000E+00  -.19695470E+03
 0.00000000E+00  -.19814354E+03
 0.00000000E+00  -.19934319E+03
 0.00000000E+00  -.20055378E+03
 0.00000000E+00  -.20177545E+03
 0.00000000E+00  -.20300834E+03
 0.00000000E+00  -.20425259E+03
 0.00000000E+00  -.20550836E+03
 0.00000000E+00  -.20677577E+03
 0.00000000E+00  -.20805497E+03
 0.00000000E+00  -.20934612E+03
 0.00000000E+00  -.21064937E+03
 0.00000000E+00  -.21196488E+03
 0.00000000E+00  -.21329283E+03
 0.00000000E+00  -.21463333E+03
 0.00000000E+00  -.21598658E+03
 0.00000000E+00  -.21735275E+03
 0.00000000E+00  -.21873200E+03
 0.00000000E+00  -.22012448E+03
 0.00000000E+00  -.22153041E+03
 0.00000000E+00  -.22294993E+03
 0.00000000E+00  -.22438325E+03
 0.00000000E+00  -.22583051E+03
 0.00000000E+00  -.22729194E+03
 0.00000000E+00  -.22876772E+03
 0.00000000E+00  -.23025805E+03
 0.00000000E+00  -.23176309E+03
 0.00000000E+00  -.23328309E+03
 0.00000000E+00  -.23481824E+03
 0.00000000E+00  -.23636873E+03
 0.00000000E+00  -.23793479E+03
 0.00000000E+00  -.23951664E+03
 0.00000000E+00  -.24111448E+03
 0.00000000E+00  -.24272852E+03
 0.00000000E+00  -.24435903E+03
 0.00000000E+00  -.24600623E+03
 0.00000000E+00  -.24767034E+03
 0.00000000E+00  -.24935161E+03
 0.00000000E+00  -.25105026E+03
 0.00000000E+00  -.25276659E+03
 0.00000000E+00  -.25450082E+03
 0.00000000E+00  -.25625322E+03
 0.00000000E+00  -.25802402E+03
 0.00000000E+00  -.25981354E+03
 0.00000000E+00  -.26162203E+03
 0.00000000E+00  -.26344974E+03
 0.00000000E+00  -.26529702E+03
 0.00000000E+00  -.26716411E+03
 0.00000000E+00  -.26905129E+03
 0.00000000E+00  -.27095892E+03
 0.00000000E+00  -.27288724E+03
 0.00000000E+00  -.27483663E+03
 0.00000000E+00  -.27680734E+03
 0.00000000E+00  -.27879976E+03
 0.00000000E+00  -.28081416E+03
 0.00000000E+00  -.28285094E+03
 0.00000000E+00  -.28491038E+03
 0.00000000E+00  -.28699289E+03
 0.00000000E+00  -.28909878E+03
 0.00000000E+00  -.29122846E+03
 0.00000000E+00  -.29338225E+03
 0.00000000E+00  -.29556059E+03
 0.00000000E+00  -.29776382E+03
 0.00000000E+00  -.29999237E+03
 0.00000000E+00  -.30224661E+03
 0.00000000E+00  -.30452700E+03
 0.00000000E+00  -.30683390E+03
 0.00000000E+00  -.30916778E+03
 0.00000000E+00  -.31152909E+03
 0.00000000E+00  -.31391824E+03
 0.00000000E+00  -.31633571E+03
 0.00000000E+00  -.31878196E+03
 0.00000000E+00  -.32125748E+03
 0.00000000E+00  -.32376274E+03
 0.00000000E+00  -.32629826E+03
 0.00000000E+00  -.32886454E+03
 0.00000000E+00  -.33146207E+03
 0.00000000E+00  -.33409143E+03
 0.00000000E+00  -.33675312E+03
 0.00000000E+00  -.33944771E+03
 0.00000000E+00  -.34217580E+03
 0.00000000E+00  -.34493793E+03
 0.00000000E+00  -.34773472E+03
 0.00000000E+00  -.35056679E+03
 0.00000000E+00  -.35343473E+03
 0.00000000E+00  -.35633918E+03
 0.00000000E+00  -.35928077E+03
 0.00000000E+00  -.36226018E+03
 0.00000000E+00  -.36527808E+03
 0.00000000E+00  -.36833515E+03
 0.00000000E+00  -.37143211E+03
 0.00000000E+00  -.37456972E+03
 0.00000000E+00  -.37774865E+03
 0.00000000E+00  -.38096968E+03
 0.00000000E+00  -.38423355E+03
 0.00000000E+00  -.38754093E+03
 0.00000000E+00  -.39089283E+03
 0.00000000E+00  -.39429004E+03
 0.00000000E+00  -.39773344E+03
 0.00000000E+00  -.40122382E+03
 0.00000000E+00  -.40476215E+03
 0.00000000E+00  -.40834934E+03
 0.00000000E+00  -.41198623E+03
 0.00000000E+00  -.41567382E+03
 0.00000000E+00  -.41941313E+03
 0.00000000E+00  -.42320507E+03
 0.00000000E+00  -.42705070E+03
 0.00000000E+00  -.43095106E+03
 0.00000000E+00  -.43490723E+03
 0.00000000E+00  -.43892031E+03
 0.00000000E+00  -.44299135E+03
 0.00000000E+00  -.44712155E+03
 0.00000000E+00  -.45131210E+03
 0.00000000E+00  -.45556418E+03
 0.00000000E+00  -.45987903E+03
 0.00000000E+00  -.46425794E+03
 0.00000000E+00  -.46870211E+03
 0.00000000E+00  -.47321290E+03
 0.00000000E+00  -.47779165E+03
 0.00000000E+00  -.48243972E+03
 0.00000000E+00  -.48715853E+03
 0.00000000E+00  -.49194949E+03
 0.00000000E+00  -.49681408E+03
 0.00000000E+00  -.50175378E+03
 0.00000000E+00  -.50677012E+03
 0.00000000E+00  -.51186464E+03
 0.00000000E+00  -.51703892E+03
 0.00000000E+00  -.52229462E+03
 0.00000000E+00  -.52763329E+03
 0.00000000E+00  -.53305666E+03
 0.00000000E+00  -.53856641E+03
 0.00000000E+00  -.54416422E+03
 0.00000000E+00  -.54985184E+03
 0.00000000E+00  -.55563100E+03
 0.00000000E+00  -.56150345E+03
 0.00000000E+00  -.56747088E+03
 0.00000000E+00  -.57353529E+03
 0.00000000E+00  -.57969850E+03
 0.00000000E+00  -.58596230E+03
 0.00000000E+00  -.59232849E+03
 0.00000000E+00  -.59879887E+03
 0.00000000E+00  -.60537516E+03
 0.00000000E+00  -.61205909E+03
 0.00000000E+00  -.61885230E+03
 0.00000000E+00  -.62575633E+03
 0.00000000E+00  -.63277276E+03
 0.00000000E+00  -.63990293E+03
 0.00000000E+00  -.64714808E+03
 0.00000000E+00  -.65450932E+03
 0.00000000E+00  -.66198747E+03
 0.00000000E+00  -.66958314E+03
 0.00000000E+00  -.67729672E+03
 0.00000000E+00  -.68512801E+03
 0.00000000E+00  -.69307662E+03
 0.00000000E+00  -.70114149E+03
 0.00000000E+00  -.70932083E+03
 0.00000000E+00  -.71761224E+03
 0.00000000E+00  -.72601230E+03
 0.00000000E+00  -.73451635E+03
 0.00000000E+00  -.74311850E+03
 0.00000000E+00  -.75181109E+03
 0.00000000E+00  -.76058434E+03
 0.00000000E+00  -.76942600E+03
 0.00000000E+00  -.77832066E+03
 0.00000000E+00  -.78724905E+03
 0.00000000E+00  -.79618696E+03
 0.00000000E+00  -.80510406E+03
 0.00000000E+00  -.81396224E+03
 0.00000000E+00  -.82271329E+03
 0.00000000E+00  -.83129599E+03
 0.00000000E+00  -.83963187E+03
 0.00000000E+00  -.84761938E+03
 0.00000000E+00  -.85512550E+03
 0.00000000E+00  -.86197329E+03
 0.00000000E+00  -.86792298E+03
 0.00000000E+00  -.87264201E+03
 0.00000000E+00  -.87565540E+03
 0.00000000E+00  -.87625865E+03
 0.00000000E+00  -.87335349E+03
 0.00000000E+00  -.86510641E+03
 0.00000000E+00  -.84813749E+03
 0.00000000E+00  -.81516249E+03
 0.00000000E+00  -.74515690E+03
 0.00000000E+00  0.24774039E+04
 0.00000000E+00  0.25824040E+04
 0.00000000E+00  0.26830986E+04
 0.00000000E+00  0.27817172E+04
 0.00000000E+00  0.28801505E+04
 0.00000000E+00  0.29796044E+04
 0.00000000E+00  0.30803693E+04
 0.00000000E+00  0.31817111E+04
 0.00000000E+00  0.32818173E+04
 0.00000000E+00  -.25800459E+03
 0.00000000E+00  -.34933350E+03
 0.00000000E+00  -.50078105E+03
 0.00000000E+00  -.73681740E+03
 0.00000000E+00  -.10948315E+04
 0.00000000E+00  -.15816160E+04
 0.00000000E+00  -.19544750E+04
 0.00000000E+00  -.17506509E+04
 0.00000000E+00  -.12711114E+04
 0.00000000E+00  -.97839153E+03
 0.00000000E+00  -.83288420E+03
 0.00000000E+00  -.75359135E+03
 0.00000000E+00  -.70230604E+03
 0.00000000E+00  -.66116479E+03
 0.00000000E+00  -.62004944E+03
 0.00000000E+00  -.57112566E+03
 0.00000000E+00  -.50570274E+03
 0.00000000E+00  -.41105460E+03
 0.00000000E+00  -.26533201E+03
 0.00000000E+00  -.28819782E+02
 0.00000000E+00  0.36088405E+03
 0.00000000E+00  0.91598282E+03
 0.00000000E+00  0.13665481E+04
 0.00000000E+00  0.13453854E+04
 0.00000000E+00  0.87886557E+03
 0.00000000E+00  0.27618748E+03
 0.00000000E+00  -.22705565E+03
 0.00000000E+00  -.57977973E+03
 0.00000000E+00  -.80207140E+03
 0.00000000E+00  -.91628526E+03
 0.00000000E+00  -.93186102E+03
 0.00000000E+00  -.84299821E+03
 0.00000000E+00  -.62565603E+03
 0.00000000E+00  -.23295439E+03
 0.00000000E+00  0.39349324E+03
 0.00000000E+00  0.12288392E+04
 0.00000000E+00  0.20339405E+04
 0.00000000E+00  0.25644429E+04
 0.00000000E+00  0.27701032E+04
 0.00000000E+00  0.26763899E+04
 0.00000000E+00  0.23084011E+04
 0.00000000E+00  0.17100308E+04
 0.00000000E+00  0.99676142E+03
 0.00000000E+00  0.34025669E+03
 0.00000000E+00  -.13676786E+03
 0.00000000E+00  -.39360531E+03
 0.00000000E+00  -.42324562E+03
 0.00000000E+00  -.21672002E+03
 0.00000000E+00  0.23454646E+03
 0.00000000E+00  0.88882230E+03
 0.00000000E+00  0.15962571E+04
 0.00000000E+00  0.21840203E+04
 0.00000000E+00  0.25876312E+04
 0.00000000E+00  0.28228500E+04
 0.00000000E+00  0.29191835E+04
 0.00000000E+00  0.28953423E+04
 0.00000000E+00  0.27560172E+04
 0.00000000E+00  0.24942077E+04
 0.00000000E+00  0.20985916E+04
 0.00000000E+00  0.15736863E+04
 0.00000000E+00  0.97355205E+03
 0.00000000E+00  0.40989342E+03
 0.00000000E+00  -.53651244E+01
 0.00000000E+00  -.22118738E+03
 0.00000000E+00  -.25490073E+03
 0.00000000E+00  -.17446201E+03
 0.00000000E+00  -.66797734E+02
 0.00000000E+00  0.37743572E+01
 0.00000000E+00  0.10155935E+02
 0.00000000E+00  -.54223660E+02
 0.00000000E+00  -.19403201E+03
 0.00000000E+00  -.42203875E+03
 0.00000000E+00  -.76573123E+03
 0.00000000E+00  -.12760764E+04
 0.00000000E+00  -.20392401E+04
 0.00000000E+00  -.31670107E+04
 0.00000000E+00  -.46454203E+04
 0.00000000E+00  -.60896784E+04
 0.00000000E+00  -.71462753E+04
 0.00000000E+00  -.78174933E+04
 0.00000000E+00  -.82017853E+04
 0.00000000E+00  -.83713495E+04
 0.00000000E+00  -.83715610E+04
 0.00000000E+00  -.82382912E+04
 0.00000000E+00  -.80126771E+04
 0.00000000E+00  -.77452327E+04
 0.00000000E+00  -.74861345E+04
 0.00000000E+00  -.72741190E+04
 0.00000000E+00  -.71375468E+04
 0.00000000E+00  -.71074973E+04
 0.00000000E+00  -.72446945E+04
 0.00000000E+00  -.77231813E+04
 0.00000000E+00  -.94642880E+04
 0.00000000E+00  -.15641990E+05
 0.00000000E+00  -.16623035E+05
 0.00000000E+00  -.16824420E+05
 0.00000000E+00  -.16667219E+05
 0.00000000E+00  -.16194314E+05
 0.00000000E+00  -.15355602E+05
 0.00000000E+00  -.14142469E+05
 0.00000000E+00  -.12772972E+05
 0.00000000E+00  -.11555837E+05
 0.00000000E+00  -.10598715E+05
 0.00000000E+00  -.98758645E+04
 0.00000000E+00  -.93491468E+04
 0.00000000E+00  -.90065367E+04
 0.00000000E+00  -.88828401E+04
 0.00000000E+00  -.91408371E+04
 0.00000000E+00  -.41456540E+05
 0.00000000E+00  -.40937522E+05
 0.00000000E+00  -.40109713E+05
 0.00000000E+00  -.37891791E+05
 0.00000000E+00  -.21485359E+05
 0.00000000E+00  -.20623919E+05
 0.00000000E+00  -.19825655E+05
 0.00000000E+00  -.19027973E+05
 0.00000000E+00  -.18184440E+05
 0.00000000E+00  -.17244839E+05
 0.00000000E+00  -.16134087E+05
 0.00000000E+00  -.14704938E+05
 0.00000000E+00  -.12574402E+05
 0.00000000E+00  -.88672796E+04
 0.00000000E+00  -.56895250E+04
 0.00000000E+00  -.39883814E+04
 0.00000000E+00  -.28768173E+04
 0.00000000E+00  -.20502583E+04
 0.00000000E+00  -.13873278E+04
 0.00000000E+00  -.82705146E+03
 0.00000000E+00  -.33285739E+03
 0.00000000E+00  0.12176833E+03
 0.00000000E+00  0.56254579E+03
 0.00000000E+00  0.10319976E+04
 0.00000000E+00  0.19438112E+04
 0.00000000E+00  0.20874563E+04
 0.00000000E+00  0.22385421E+04
 0.00000000E+00  0.23965201E+04
 0.00000000E+00  0.25609443E+04
 0.00000000E+00  0.27314325E+04
 0.00000000E+00  0.29076559E+04
 0.00000000E+00  0.30893490E+04
 0.00000000E+00  0.32763184E+04
 0.00000000E+00  0.34684695E+04
 0.00000000E+00  0.36658364E+04
 0.00000000E+00  0.38686211E+04
 0.00000000E+00  0.40772304E+04
 0.00000000E+00  0.42923283E+04
 0.00000000E+00  0.45148950E+04
 0.00000000E+00  0.47462965E+04
 0.00000000E+00  0.49883647E+04
 0.00000000E+00  0.52434864E+04
 0.00000000E+00  0.55146829E+04
 0.00000000E+00  0.58056387E+04
 0.00000000E+00  0.61205508E+04
 0.00000000E+00  0.64634165E+04
 0.00000000E+00  0.68354322E+04
 0.00000000E+00  0.72230779E+04
 0.00000000E+00  0.10848470E+04
 0.00000000E+00  0.12300776E+04
 0.00000000E+00  0.13801077E+04
 0.00000000E+00  0.15351408E+04
 0.00000000E+00  0.16955393E+04
 0.00000000E+00  0.18618513E+04
 0.00000000E+00  0.20348568E+04
 0.00000000E+00  0.22156213E+04
 0.00000000E+00  0.24055832E+04
 0.00000000E+00  0.26066710E+04
 0.00000000E+00  0.28214727E+04
 0.00000000E+00  0.30534878E+04
 0.00000000E+00  0.33075136E+04
 0.00000000E+00  0.35902589E+04
 0.00000000E+00  0.39113875E+04
 0.00000000E+00  0.42853752E+04
 0.00000000E+00  0.47351175E+04
 0.00000000E+00  0.52997065E+04
 0.00000000E+00  0.60542086E+04
 0.00000000E+00  0.71756185E+04
 0.00000000E+00  0.93735451E+04
 0.00000000E+00  0.17232059E+05
 0.00000000E+00  0.17982091E+05
 0.00000000E+00  0.18199199E+05
 0.00000000E+00  0.18082407E+05
 0.00000000E+00  0.17527743E+05
 0.00000000E+00  -.12184660E+05
 0.00000000E+00  -.12025147E+05
 0.00000000E+00  -.11852675E+05
 0.00000000E+00  -.11667224E+05
 0.00000000E+00  -.11468382E+05
 0.00000000E+00  -.11255365E+05
 0.00000000E+00  -.11026985E+05
 0.00000000E+00  -.10781564E+05
 0.00000000E+00  -.10516791E+05
 0.00000000E+00  -.10229480E+05
 0.00000000E+00  -.99151767E+04
 0.00000000E+00  -.95675067E+04
 0.00000000E+00  -.91770158E+04
 0.00000000E+00  -.87289623E+04
 0.00000000E+00  -.81986399E+04
 0.00000000E+00  -.75398392E+04
 0.00000000E+00  -.66484948E+04
 0.00000000E+00  -.51760858E+04
 0.00000000E+00  0.15387410E+04
 0.00000000E+00  0.10757918E+04
 0.00000000E+00  0.81943259E+03
 0.00000000E+00  0.66449757E+03
 0.00000000E+00  0.57488505E+03
 0.00000000E+00  0.53274211E+03
 0.00000000E+00  0.52756910E+03
 0.00000000E+00  0.55245314E+03
 0.00000000E+00  0.60239210E+03
 0.00000000E+00  0.67338042E+03
 0.00000000E+00  0.76177276E+03
 0.00000000E+00  0.86367204E+03
 0.00000000E+00  0.97408564E+03
 0.00000000E+00  0.10853680E+04
 0.00000000E+00  0.11835791E+04
 0.00000000E+00  0.12374582E+04
 0.00000000E+00  0.11481982E+04
 0.00000000E+00  0.33205156E+03
 0.00000000E+00  -.65478479E+03
 0.00000000E+00  -.10515723E+04
 0.00000000E+00  -.12714409E+04
 0.00000000E+00  -.14083892E+04
 0.00000000E+00  -.14973928E+04
 0.00000000E+00  -.15558351E+04
 0.00000000E+00  -.15940807E+04
 0.00000000E+00  -.16192885E+04
 0.00000000E+00  -.16371532E+04
 0.00000000E+00  -.16529115E+04
 0.00000000E+00  -.16721222E+04
 0.00000000E+00  -.17015161E+04
 0.00000000E+00  -.17502429E+04
 0.00000000E+00  -.18321192E+04
 0.00000000E+00  -.19703240E+04
 0.00000000E+00  -.22083361E+04
 0.00000000E+00  -.26324142E+04
 0.00000000E+00  -.33068357E+04
 0.00000000E+00  -.38749577E+04
 0.00000000E+00  -.41586203E+04
 0.00000000E+00  -.42837305E+04
 0.00000000E+00  -.43237997E+04
 0.00000000E+00  -.43125875E+04
 0.00000000E+00  -.42674474E+04
 0.00000000E+00  -.41983605E+04
 0.00000000E+00  -.41116179E+04
 0.00000000E+00  -.40115083E+04
 0.00000000E+00  -.39011772E+04
 0.00000000E+00  -.37831108E+04
 0.00000000E+00  -.36594323E+04
 0.00000000E+00  -.35321104E+04
 0.00000000E+00  -.34031232E+04
 0.00000000E+00  -.32746119E+04
 0.00000000E+00  -.31490528E+04
 0.00000000E+00  -.30294748E+04
 0.00000000E+00  -.29197666E+04
 0.00000000E+00  -.28251445E+04
 0.00000000E+00  -.27529017E+04
 0.00000000E+00  -.27136419E+04
 0.00000000E+00  -.27232714E+04
 0.00000000E+00  -.28056273E+04
 0.00000000E+00  -.29920899E+04
 0.00000000E+00  -.33002880E+04
 0.00000000E+00  -.36775676E+04
 0.00000000E+00  -.40183019E+04
 0.00000000E+00  -.42717616E+04
 0.00000000E+00  -.44425806E+04
 0.00000000E+00  -.45479914E+04
 0.00000000E+00  -.46026949E+04
 0.00000000E+00  -.46172288E+04
 0.00000000E+00  -.45989041E+04
 0.00000000E+00  -.45527878E+04
 0.00000000E+00  -.44823902E+04
 0.00000000E+00  -.43901073E+04
 0.00000000E+00  -.42774949E+04
 0.00000000E+00  -.41454322E+04
 0.00000000E+00  -.39942055E+04
 0.00000000E+00  -.38235302E+04
 0.00000000E+00  -.36325118E+04
 0.00000000E+00  -.34195411E+04
 0.00000000E+00  -.31821064E+04
 0.00000000E+00  -.29165135E+04
 0.00000000E+00  -.26176064E+04
 0.00000000E+00  -.22791801E+04
 0.00000000E+00  -.18992406E+04
 0.00000000E+00  -.15073365E+04
 0.00000000E+00  -.12019814E+04
 0.00000000E+00  -.10315996E+04
 0.00000000E+00  -.94277801E+03
 0.00000000E+00  -.89083065E+03
 0.00000000E+00  -.85506530E+03
 0.00000000E+00  -.82611344E+03
 0.00000000E+00  -.79942924E+03
 0.00000000E+00  -.77265268E+03
 0.00000000E+00  -.74449171E+03
 0.00000000E+00  -.71420763E+03
 0.00000000E+00  -.68135901E+03
 0.00000000E+00  -.64566523E+03
 0.00000000E+00  -.60692988E+03
 0.00000000E+00  -.56499528E+03
 0.00000000E+00  -.51971597E+03
 0.00000000E+00  -.47094772E+03
 0.00000000E+00  -.41855614E+03
 0.00000000E+00  -.36246211E+03
 0.00000000E+00  -.30276176E+03
 0.00000000E+00  -.23998292E+03
 0.00000000E+00  -.17549881E+03
 0.00000000E+00  -.11183026E+03
 0.00000000E+00  -.52116087E+02
 0.00000000E+00  0.13654971E+01
 0.00000000E+00  0.48112138E+02
 0.00000000E+00  0.88912630E+02
 0.00000000E+00  0.12496671E+03
 0.00000000E+00  0.15739050E+03
 0.00000000E+00  0.18707781E+03
 0.00000000E+00  0.21471026E+03
 0.00000000E+00  0.24080427E+03
 0.00000000E+00  0.26575531E+03
 0.00000000E+00  0.28987311E+03
 0.00000000E+00  0.31340663E+03
 0.00000000E+00  0.33656280E+03
 0.00000000E+00  0.35951954E+03
 0.00000000E+00  0.38243610E+03
 0.00000000E+00  0.40546105E+03
 0.00000000E+00  0.42873965E+03
 0.00000000E+00  0.45242013E+03
 0.00000000E+00  0.47666086E+03
 0.00000000E+00  0.50163836E+03
 0.00000000E+00  0.52755757E+03
 0.00000000E+00  0.55466568E+03
 0.00000000E+00  0.58327128E+03
 0.00000000E+00  0.61377181E+03
 0.00000000E+00  0.64669677E+03
 0.00000000E+00  0.68277095E+03
 0.00000000E+00  0.72300165E+03
 0.00000000E+00  0.76876227E+03
 0.00000000E+00  0.82169474E+03
 0.00000000E+00  0.88277281E+03
 0.00000000E+00  0.94971098E+03
 0.00000000E+00  0.10159093E+04
 0.00000000E+00  0.10757698E+04
 0.00000000E+00  0.11281599E+04
 0.00000000E+00  0.11742491E+04
 0.00000000E+00  0.12155089E+04
 0.00000000E+00  0.12531426E+04
 0.00000000E+00  0.12880537E+04
 0.00000000E+00  0.13209191E+04
 0.00000000E+00  0.13522586E+04
 0.00000000E+00  0.13824869E+04
 0.00000000E+00  0.14119494E+04
 0.00000000E+00  0.14409487E+04
 0.00000000E+00  0.14697668E+04
 0.00000000E+00  0.14986830E+04
 0.00000000E+00  0.15279955E+04
 0.00000000E+00  0.15580483E+04
 0.00000000E+00  0.15892729E+04
 0.00000000E+00  0.16222664E+04
 0.00000000E+00  0.16579572E+04
 0.00000000E+00  0.16980459E+04
 0.00000000E+00  0.17466753E+04
 0.00000000E+00  0.18339655E+04
Mw-Hw               
 0.00000000E+00  -.26893183E-03
 0.00000000E+00  -.81907278E-04
 0.00000000E+00  -.80732282E-04
 0.00000000E+00  -.80142046E-04
 0.00000000E+00  -.79406035E-04
 0.00000000E+00  -.78531701E-04
 0.00000000E+00  -.77515646E-04
 0.00000000E+00  -.77553375E-04
 0.00000000E+00  -.76426659E-04
 0.00000000E+00  -.75141022E-04
 0.00000000E+00  -.73703367E-04
 0.00000000E+00  -.72110509E-04
 0.00000000E+00  -.72209641E-04
 0.00000000E+00  -.70489937E-04
 0.00000000E+00  -.68598561E-04
 0.00000000E+00  -.66542484E-04
 0.00000000E+00  -.64318938E-04
 0.00000000E+00  -.61925255E-04
 0.00000000E+00  -.62089176E-04
 0.00000000E+00  -.59548501E-04
 0.00000000E+00  -.56823598E-04
 0.00000000E+00  -.53920685E-04
 0.00000000E+00  -.50837667E-04
 0.00000000E+00  -.47572642E-04
 0.00000000E+00  -.44123910E-04
 0.00000000E+00  -.44337225E-04
 0.00000000E+00  -.40718823E-04
 0.00000000E+00  -.36907892E-04
 0.00000000E+00  -.32908271E-04
 0.00000000E+00  -.28719024E-04
 0.00000000E+00  -.24339500E-04
 0.00000000E+00  -.19769286E-04
 0.00000000E+00  -.15008229E-04
 0.00000000E+00  -.10056438E-04
 0.00000000E+00  -.49143172E-05
 0.00000000E+00  -.51386900E-05
 0.00000000E+00  0.19728198E-06
 0.00000000E+00  0.57194954E-05
 0.00000000E+00  0.11430233E-04
 0.00000000E+00  0.17327833E-04
 0.00000000E+00  0.23410323E-04
 0.00000000E+00  0.29675352E-04
 0.00000000E+00  0.36120186E-04
 0.00000000E+00  0.42741748E-04
 0.00000000E+00  0.42605634E-04
 0.00000000E+00  0.49423411E-04
 0.00000000E+00  0.56398628E-04
 0.00000000E+00  0.63539672E-04
 0.00000000E+00  0.70841713E-04
 0.00000000E+00  0.78299432E-04
 0.00000000E+00  0.78282044E-04
 0.00000000E+00  0.85922006E-04
 0.00000000E+00  0.93688226E-04
 0.00000000E+00  0.10159171E-03
 0.00000000E+00  0.10962500E-03
 0.00000000E+00  0.11778016E-03
 0.00000000E+00  0.12604866E-03
 0.00000000E+00  0.12618523E-03
 0.00000000E+00  0.13459489E-03
 0.00000000E+00  0.14307689E-03
 0.00000000E+00  0.15164255E-03
 0.00000000E+00  0.16028070E-03
 0.00000000E+00  0.16897954E-03
 0.00000000E+00  0.16925069E-03
 0.00000000E+00  0.17802969E-03
 0.00000000E+00  0.18682015E-03
 0.00000000E+00  0.18717517E-03
 0.00000000E+00  0.18761595E-03
 0.00000000E+00  0.19645527E-03
 0.00000000E+00  0.19694403E-03
 0.00000000E+00  0.19751579E-03
 0.00000000E+00  0.19815057E-03
 0.00000000E+00  0.20698324E-03
 0.00000000E+00  0.20765897E-03
 0.00000000E+00  0.20841247E-03
 0.00000000E+00  0.20922549E-03
 0.00000000E+00  0.21799853E-03
 0.00000000E+00  0.21884107E-03
 0.00000000E+00  0.21975373E-03
 0.00000000E+00  0.22072013E-03
 0.00000000E+00  0.22173874E-03
 0.00000000E+00  0.22280779E-03
 0.00000000E+00  0.22392536E-03
 0.00000000E+00  0.23248047E-03
 0.00000000E+00  0.23359746E-03
 0.00000000E+00  0.23476589E-03
 0.00000000E+00  0.23597243E-03
 0.00000000E+00  0.23721431E-03
 0.00000000E+00  0.24545067E-03
 0.00000000E+00  0.24665720E-03
 0.00000000E+00  0.24789545E-03
 0.00000000E+00  0.24915447E-03
 0.00000000E+00  0.25698634E-03
 0.00000000E+00  0.25817149E-03
 0.00000000E+00  0.25936761E-03
 0.00000000E+00  0.26675779E-03
 0.00000000E+00  0.26784240E-03
 0.00000000E+00  0.26891846E-03
 0.00000000E+00  0.27575380E-03
 0.00000000E+00  0.27667333E-03
 0.00000000E+00  0.28299225E-03
 0.00000000E+00  0.28371636E-03
 0.00000000E+00  0.28943813E-03
 0.00000000E+00  0.28992235E-03
 0.00000000E+00  0.29495942E-03
 0.00000000E+00  0.29515437E-03
 0.00000000E+00  0.29941207E-03
 0.00000000E+00  0.29926298E-03
 0.00000000E+00  0.30263929E-03
 0.00000000E+00  0.30208577E-03
 0.00000000E+00  0.30447103E-03
 0.00000000E+00  0.30344671E-03
 0.00000000E+00  0.30472344E-03
 0.00000000E+00  0.30315576E-03
 0.00000000E+00  0.30319848E-03
 0.00000000E+00  0.30100845E-03
 0.00000000E+00  0.29968379E-03
 0.00000000E+00  0.29738448E-03
 0.00000000E+00  0.29397318E-03
 0.00000000E+00  0.29005358E-03
 0.00000000E+00  0.28500863E-03
 0.00000000E+00  0.27875591E-03
 0.00000000E+00  0.27123302E-03
 0.00000000E+00  0.26237709E-03
 0.00000000E+00  0.25212489E-03
 0.00000000E+00  0.24041313E-03
 0.00000000E+00  0.22199151E-03
 0.00000000E+00  0.20642488E-03
 0.00000000E+00  0.18196904E-03
 0.00000000E+00  0.14469489E-03
 0.00000000E+00  0.11100873E-03
 0.00000000E+00  0.60744910E-04
 0.00000000E+00  0.25580847E-05
 0.00000000E+00  -.63863966E-04
 0.00000000E+00  -.12002216E-03
 0.00000000E+00  -.16117455E-03
 0.00000000E+00  -.20443670E-03
 0.00000000E+00  -.24982279E-03
 0.00000000E+00  -.29732181E-03
 0.00000000E+00  -.34691199E-03
 0.00000000E+00  -.39855943E-03
 0.00000000E+00  -.47774792E-03
 0.00000000E+00  -.53431135E-03
 0.00000000E+00  -.59265715E-03
 0.00000000E+00  -.62460713E-03
 0.00000000E+00  -.57546935E-03
 0.00000000E+00  -.55559196E-03
 0.00000000E+00  -.53758445E-03
 0.00000000E+00  -.54541398E-03
 0.00000000E+00  -.53004554E-03
 0.00000000E+00  -.53930781E-03
 0.00000000E+00  -.57244848E-03
 0.00000000E+00  -.58254256E-03
 0.00000000E+00  -.59304442E-03
 0.00000000E+00  -.62689314E-03
 0.00000000E+00  -.63786443E-03
 0.00000000E+00  -.64906191E-03
 0.00000000E+00  -.66043915E-03
 0.00000000E+00  -.67190461E-03
 0.00000000E+00  -.68335325E-03
 0.00000000E+00  -.67362454E-03
 0.00000000E+00  -.66469136E-03
 0.00000000E+00  -.65643760E-03
 0.00000000E+00  -.64871156E-03
 0.00000000E+00  -.64134853E-03
 0.00000000E+00  -.65171472E-03
 0.00000000E+00  -.64384787E-03
 0.00000000E+00  -.63574005E-03
 0.00000000E+00  -.62716248E-03
 0.00000000E+00  -.61784966E-03
 0.00000000E+00  -.60750698E-03
 0.00000000E+00  -.59580612E-03
 0.00000000E+00  -.58237975E-03
 0.00000000E+00  -.56681518E-03
 0.00000000E+00  -.54864714E-03
 0.00000000E+00  -.52734933E-03
 0.00000000E+00  -.50232456E-03
 0.00000000E+00  -.48098840E-03
 0.00000000E+00  -.44527548E-03
 0.00000000E+00  -.40922355E-03
 0.00000000E+00  -.36781821E-03
 0.00000000E+00  -.31193771E-03
 0.00000000E+00  -.24006079E-03
 0.00000000E+00  -.14246999E-03
 0.00000000E+00  0.97941137E-05
 0.00000000E+00  0.11728978E-03
 0.00000000E+00  0.22395388E-03
 0.00000000E+00  0.31393618E-03
 0.00000000E+00  0.40197430E-03
 0.00000000E+00  0.47979822E-03
 0.00000000E+00  0.54723365E-03
 0.00000000E+00  0.60457976E-03
 0.00000000E+00  0.65250617E-03
 0.00000000E+00  0.69199246E-03
 0.00000000E+00  0.73477048E-03
 0.00000000E+00  0.76116709E-03
 0.00000000E+00  0.78319065E-03
 0.00000000E+00  0.80230852E-03
 0.00000000E+00  0.81012412E-03
 0.00000000E+00  0.81830770E-03
 0.00000000E+00  0.82808627E-03
 0.00000000E+00  0.82303667E-03
 0.00000000E+00  0.83135935E-03
 0.00000000E+00  0.82880371E-03
 0.00000000E+00  0.81829065E-03
 0.00000000E+00  0.81705356E-03
 0.00000000E+00  0.81183511E-03
 0.00000000E+00  0.79866643E-03
 0.00000000E+00  0.79313215E-03
 0.00000000E+00  0.78483988E-03
 0.00000000E+00  0.77139283E-03
 0.00000000E+00  0.76157840E-03
 0.00000000E+00  0.75316960E-03
 0.00000000E+00  0.74497024E-03
 0.00000000E+00  0.73260910E-03
 0.00000000E+00  0.72133811E-03
 0.00000000E+00  0.71244807E-03
 0.00000000E+00  0.70139541E-03
 0.00000000E+00  0.69228890E-03
 0.00000000E+00  0.68416462E-03
 0.00000000E+00  0.67580918E-03
 0.00000000E+00  0.66898511E-03
 0.00000000E+00  0.66190884E-03
 0.00000000E+00  0.65591967E-03
 0.00000000E+00  0.64934506E-03
 0.00000000E+00  0.64497766E-03
 0.00000000E+00  0.63914711E-03
 0.00000000E+00  0.63529190E-03
 0.00000000E+00  0.63066037E-03
 0.00000000E+00  0.62532670E-03
 0.00000000E+00  0.62084246E-03
 0.00000000E+00  0.61559460E-03
 0.00000000E+00  0.61188144E-03
 0.00000000E+00  -.97931648E-04
 0.00000000E+00  0.12129988E-03
 0.00000000E+00  0.15739290E-03
 0.00000000E+00  0.21850738E-03
 0.00000000E+00  0.33138257E-03
 0.00000000E+00  0.56226373E-03
 0.00000000E+00  0.11093972E-02
 0.00000000E+00  0.26773380E-02
 0.00000000E+00  0.50275836E-02
 0.00000000E+00  -.19065346E+04
 0.00000000E+00  -.19200341E+04
 0.00000000E+00  -.19389983E+04
 0.00000000E+00  -.19634346E+04
 0.00000000E+00  -.19925328E+04
 0.00000000E+00  -.20227521E+04
 0.00000000E+00  -.20458880E+04
 0.00000000E+00  -.20528908E+04
 0.00000000E+00  -.20399423E+04
 0.00000000E+00  -.20180251E+04
 0.00000000E+00  -.19972183E+04
 0.00000000E+00  -.19806993E+04
 0.00000000E+00  -.19691400E+04
 0.00000000E+00  -.19625872E+04
 0.00000000E+00  -.19609824E+04
 0.00000000E+00  -.19643023E+04
 0.00000000E+00  -.19725880E+04
 0.00000000E+00  -.19859196E+04
 0.00000000E+00  -.20042986E+04
 0.00000000E+00  -.20272641E+04
 0.00000000E+00  -.20527580E+04
 0.00000000E+00  -.20751120E+04
 0.00000000E+00  -.20876682E+04
 0.00000000E+00  -.20908287E+04
 0.00000000E+00  -.20869437E+04
 0.00000000E+00  -.20775014E+04
 0.00000000E+00  -.20659930E+04
 0.00000000E+00  -.20557885E+04
 0.00000000E+00  -.20486895E+04
 0.00000000E+00  -.20454559E+04
 0.00000000E+00  -.20463743E+04
 0.00000000E+00  -.20514935E+04
 0.00000000E+00  -.20606015E+04
 0.00000000E+00  -.20728802E+04
 0.00000000E+00  -.20860186E+04
 0.00000000E+00  -.20955666E+04
 0.00000000E+00  -.20986567E+04
 0.00000000E+00  -.20981392E+04
 0.00000000E+00  -.20978387E+04
 0.00000000E+00  -.20993544E+04
 0.00000000E+00  -.21024944E+04
 0.00000000E+00  -.21058265E+04
 0.00000000E+00  -.21075937E+04
 0.00000000E+00  -.21074457E+04
 0.00000000E+00  -.21067732E+04
 0.00000000E+00  -.21071786E+04
 0.00000000E+00  -.21095062E+04
 0.00000000E+00  -.21136597E+04
 0.00000000E+00  -.21184063E+04
 0.00000000E+00  -.21213193E+04
 0.00000000E+00  -.21203505E+04
 0.00000000E+00  -.21162487E+04
 0.00000000E+00  -.21115102E+04
 0.00000000E+00  -.21080927E+04
 0.00000000E+00  -.21069893E+04
 0.00000000E+00  -.21085561E+04
 0.00000000E+00  -.21127284E+04
 0.00000000E+00  -.21190330E+04
 0.00000000E+00  -.21264796E+04
 0.00000000E+00  -.21335456E+04
 0.00000000E+00  -.21386741E+04
 0.00000000E+00  -.21412455E+04
 0.00000000E+00  -.21417813E+04
 0.00000000E+00  -.21409153E+04
 0.00000000E+00  -.21385524E+04
 0.00000000E+00  -.21340851E+04
 0.00000000E+00  -.21273777E+04
 0.00000000E+00  -.21193905E+04
 0.00000000E+00  -.21116690E+04
 0.00000000E+00  -.21055356E+04
 0.00000000E+00  -.21018023E+04
 0.00000000E+00  -.21008446E+04
 0.00000000E+00  -.21026999E+04
 0.00000000E+00  -.21070269E+04
 0.00000000E+00  -.21127956E+04
 0.00000000E+00  -.21175052E+04
 0.00000000E+00  -.21167462E+04
 0.00000000E+00  -.21086767E+04
 0.00000000E+00  -.20977377E+04
 0.00000000E+00  -.20880098E+04
 0.00000000E+00  -.20808797E+04
 0.00000000E+00  -.20764315E+04
 0.00000000E+00  -.20741935E+04
 0.00000000E+00  -.20733945E+04
 0.00000000E+00  -.20732178E+04
 0.00000000E+00  -.20732004E+04
 0.00000000E+00  -.20735025E+04
 0.00000000E+00  -.20747752E+04
 0.00000000E+00  -.20778436E+04
 0.00000000E+00  -.20835310E+04
 0.00000000E+00  -.20926572E+04
 0.00000000E+00  -.21060275E+04
 0.00000000E+00  -.21222468E+04
 0.00000000E+00  -.20500157E+04
 0.00000000E+00  -.20033224E+04
 0.00000000E+00  -.19774350E+04
 0.00000000E+00  -.19637955E+04
 0.00000000E+00  -.19593564E+04
 0.00000000E+00  -.19610388E+04
 0.00000000E+00  -.19634653E+04
 0.00000000E+00  -.19612489E+04
 0.00000000E+00  -.19547050E+04
 0.00000000E+00  -.19474410E+04
 0.00000000E+00  -.19420020E+04
 0.00000000E+00  -.19396516E+04
 0.00000000E+00  -.19411144E+04
 0.00000000E+00  -.19470963E+04
 0.00000000E+00  -.19588990E+04
 0.00000000E+00  -.91421738E+03
 0.00000000E+00  -.95042309E+03
 0.00000000E+00  -.10154761E+04
 0.00000000E+00  -.11830942E+04
 0.00000000E+00  -.15298412E+04
 0.00000000E+00  -.14950573E+04
 0.00000000E+00  -.14686769E+04
 0.00000000E+00  -.14504465E+04
 0.00000000E+00  -.14401439E+04
 0.00000000E+00  -.14378024E+04
 0.00000000E+00  -.14438696E+04
 0.00000000E+00  -.14594367E+04
 0.00000000E+00  -.14861502E+04
 0.00000000E+00  -.15131032E+04
 0.00000000E+00  -.15014927E+04
 0.00000000E+00  -.14825555E+04
 0.00000000E+00  -.14692011E+04
 0.00000000E+00  -.14627079E+04
 0.00000000E+00  -.14632691E+04
 0.00000000E+00  -.14711387E+04
 0.00000000E+00  -.14869061E+04
 0.00000000E+00  -.15118010E+04
 0.00000000E+00  -.15484786E+04
 0.00000000E+00  -.16042040E+04
 0.00000000E+00  -.95932780E+03
 0.00000000E+00  -.90353045E+03
 0.00000000E+00  -.85519314E+03
 0.00000000E+00  -.81383636E+03
 0.00000000E+00  -.77927807E+03
 0.00000000E+00  -.75151570E+03
 0.00000000E+00  -.73064389E+03
 0.00000000E+00  -.71678925E+03
 0.00000000E+00  -.71005631E+03
 0.00000000E+00  -.71048654E+03
 0.00000000E+00  -.71803578E+03
 0.00000000E+00  -.73257215E+03
 0.00000000E+00  -.75389383E+03
 0.00000000E+00  -.78176146E+03
 0.00000000E+00  -.81593850E+03
 0.00000000E+00  -.85623417E+03
 0.00000000E+00  -.90254691E+03
 0.00000000E+00  -.95491186E+03
 0.00000000E+00  -.10135615E+04
 0.00000000E+00  -.10790234E+04
 0.00000000E+00  -.11523119E+04
 0.00000000E+00  -.12353844E+04
 0.00000000E+00  -.13325397E+04
 0.00000000E+00  -.14572580E+04
 0.00000000E+00  -.55932187E+03
 0.00000000E+00  -.51974758E+03
 0.00000000E+00  -.48769106E+03
 0.00000000E+00  -.46412466E+03
 0.00000000E+00  -.44999039E+03
 0.00000000E+00  -.44596697E+03
 0.00000000E+00  -.45227360E+03
 0.00000000E+00  -.46858024E+03
 0.00000000E+00  -.49411567E+03
 0.00000000E+00  -.52787609E+03
 0.00000000E+00  -.56884073E+03
 0.00000000E+00  -.61612197E+03
 0.00000000E+00  -.66904029E+03
 0.00000000E+00  -.72714703E+03
 0.00000000E+00  -.79022290E+03
 0.00000000E+00  -.85827504E+03
 0.00000000E+00  -.93153560E+03
 0.00000000E+00  -.10104662E+04
 0.00000000E+00  -.10957277E+04
 0.00000000E+00  -.11878769E+04
 0.00000000E+00  -.12843679E+04
 0.00000000E+00  -.12059325E+04
 0.00000000E+00  -.12138715E+04
 0.00000000E+00  -.12489936E+04
 0.00000000E+00  -.13055376E+04
 0.00000000E+00  -.13912136E+04
 0.00000000E+00  -.11595695E+04
 0.00000000E+00  -.11459820E+04
 0.00000000E+00  -.11364068E+04
 0.00000000E+00  -.11308008E+04
 0.00000000E+00  -.11291468E+04
 0.00000000E+00  -.11314508E+04
 0.00000000E+00  -.11377442E+04
 0.00000000E+00  -.11480896E+04
 0.00000000E+00  -.11625909E+04
 0.00000000E+00  -.11814105E+04
 0.00000000E+00  -.12047954E+04
 0.00000000E+00  -.12331190E+04
 0.00000000E+00  -.12669531E+04
 0.00000000E+00  -.13071990E+04
 0.00000000E+00  -.13553552E+04
 0.00000000E+00  -.14141533E+04
 0.00000000E+00  -.14894811E+04
 0.00000000E+00  -.15997477E+04
 0.00000000E+00  -.20102266E+04
 0.00000000E+00  -.19944043E+04
 0.00000000E+00  -.19840708E+04
 0.00000000E+00  -.19780389E+04
 0.00000000E+00  -.19756567E+04
 0.00000000E+00  -.19765587E+04
 0.00000000E+00  -.19805422E+04
 0.00000000E+00  -.19875131E+04
 0.00000000E+00  -.19974627E+04
 0.00000000E+00  -.20104614E+04
 0.00000000E+00  -.20266665E+04
 0.00000000E+00  -.20463454E+04
 0.00000000E+00  -.20699243E+04
 0.00000000E+00  -.20980873E+04
 0.00000000E+00  -.21319961E+04
 0.00000000E+00  -.21738549E+04
 0.00000000E+00  -.22287315E+04
 0.00000000E+00  -.23002711E+04
 0.00000000E+00  -.23005383E+04
 0.00000000E+00  -.22862550E+04
 0.00000000E+00  -.22745432E+04
 0.00000000E+00  -.22659249E+04
 0.00000000E+00  -.22601711E+04
 0.00000000E+00  -.22570472E+04
 0.00000000E+00  -.22563804E+04
 0.00000000E+00  -.22580572E+04
 0.00000000E+00  -.22620148E+04
 0.00000000E+00  -.22682352E+04
 0.00000000E+00  -.22767423E+04
 0.00000000E+00  -.22876024E+04
 0.00000000E+00  -.23009229E+04
 0.00000000E+00  -.23168416E+04
 0.00000000E+00  -.23354627E+04
 0.00000000E+00  -.23565277E+04
 0.00000000E+00  -.23775746E+04
 0.00000000E+00  -.23861001E+04
 0.00000000E+00  -.23711873E+04
 0.00000000E+00  -.23501832E+04
 0.00000000E+00  -.23312067E+04
 0.00000000E+00  -.23152235E+04
 0.00000000E+00  -.23020593E+04
 0.00000000E+00  -.22914243E+04
 0.00000000E+00  -.22830675E+04
 0.00000000E+00  -.22767924E+04
 0.00000000E+00  -.22724492E+04
 0.00000000E+00  -.22699259E+04
 0.00000000E+00  -.22691402E+04
 0.00000000E+00  -.22700349E+04
 0.00000000E+00  -.22725737E+04
 0.00000000E+00  -.22767393E+04
 0.00000000E+00  -.22825315E+04
 0.00000000E+00  -.22899672E+04
 0.00000000E+00  -.22990792E+04
 0.00000000E+00  -.23099151E+04
 0.00000000E+00  -.23225333E+04
 0.00000000E+00  -.23369909E+04
 0.00000000E+00  -.23533102E+04
 0.00000000E+00  -.23713870E+04
 0.00000000E+00  -.23907368E+04
 0.00000000E+00  -.24098579E+04
 0.00000000E+00  -.24252748E+04
 0.00000000E+00  -.24328687E+04
 0.00000000E+00  -.24329020E+04
 0.00000000E+00  -.24291553E+04
 0.00000000E+00  -.24245134E+04
 0.00000000E+00  -.24203615E+04
 0.00000000E+00  -.24172959E+04
 0.00000000E+00  -.24155726E+04
 0.00000000E+00  -.24153048E+04
 0.00000000E+00  -.24165480E+04
 0.00000000E+00  -.24193375E+04
 0.00000000E+00  -.24237067E+04
 0.00000000E+00  -.24296971E+04
 0.00000000E+00  -.24373648E+04
 0.00000000E+00  -.24467862E+04
 0.00000000E+00  -.24580637E+04
 0.00000000E+00  -.24713335E+04
 0.00000000E+00  -.24867746E+04
 0.00000000E+00  -.25046197E+04
 0.00000000E+00  -.25251632E+04
 0.00000000E+00  -.25487434E+04
 0.00000000E+00  -.25755935E+04
 0.00000000E+00  -.26050902E+04
 0.00000000E+00  -.26329270E+04
 0.00000000E+00  -.26493767E+04
 0.00000000E+00  -.26527540E+04
 0.00000000E+00  -.26500584E+04
 0.00000000E+00  -.26456632E+04
 0.00000000E+00  -.26412868E+04
 0.00000000E+00  -.26375964E+04
 0.00000000E+00  -.26348642E+04
 0.00000000E+00  -.26332042E+04
 0.00000000E+00  -.26326630E+04
 0.00000000E+00  -.26332574E+04
 0.00000000E+00  -.26349905E+04
 0.00000000E+00  -.26378589E+04
 0.00000000E+00  -.26418536E+04
 0.00000000E+00  -.26469582E+04
 0.00000000E+00  -.26531410E+04
 0.00000000E+00  -.26603423E+04
 0.00000000E+00  -.26684487E+04
 0.00000000E+00  -.26772491E+04
 0.00000000E+00  -.26863627E+04
 0.00000000E+00  -.26951415E+04
 0.00000000E+00  -.27026156E+04
 0.00000000E+00  -.27076718E+04
 0.00000000E+00  -.27096129E+04
 0.00000000E+00  -.27086575E+04
 0.00000000E+00  -.27057285E+04
 0.00000000E+00  -.27018448E+04
 0.00000000E+00  -.26977773E+04
 0.00000000E+00  -.26940177E+04
 0.00000000E+00  -.26908568E+04
 0.00000000E+00  -.26884609E+04
 0.00000000E+00  -.26869243E+04
 0.00000000E+00  -.26863002E+04
 0.00000000E+00  -.26866197E+04
 0.00000000E+00  -.26879020E+04
 0.00000000E+00  -.26901617E+04
 0.00000000E+00  -.26934122E+04
 0.00000000E+00  -.26976684E+04
 0.00000000E+00  -.27029490E+04
 0.00000000E+00  -.27092772E+04
 0.00000000E+00  -.27166824E+04
 0.00000000E+00  -.27252013E+04
 0.00000000E+00  -.27348788E+04
 0.00000000E+00  -.27457690E+04
 0.00000000E+00  -.27579365E+04
 0.00000000E+00  -.27714556E+04
 0.00000000E+00  -.27864085E+04
 0.00000000E+00  -.28028769E+04
 0.00000000E+00  -.28209196E+04
 0.00000000E+00  -.28405138E+04
 0.00000000E+00  -.28614053E+04
 0.00000000E+00  -.28827550E+04
 0.00000000E+00  -.29025153E+04
 0.00000000E+00  -.29173697E+04
 0.00000000E+00  -.29252134E+04
 0.00000000E+00  -.29274272E+04
 0.00000000E+00  -.29267451E+04
 0.00000000E+00  -.29251337E+04
 0.00000000E+00  -.29236661E+04
 0.00000000E+00  -.29228952E+04
 0.00000000E+00  -.29231142E+04
 0.00000000E+00  -.29244909E+04
 0.00000000E+00  -.29271349E+04
 0.00000000E+00  -.29311325E+04
 0.00000000E+00  -.29365669E+04
 0.00000000E+00  -.29435317E+04
 0.00000000E+00  -.29521425E+04
 0.00000000E+00  -.29625496E+04
 0.00000000E+00  -.29749563E+04
 0.00000000E+00  -.29896457E+04
 0.00000000E+00  -.30070296E+04
 0.00000000E+00  -.30277407E+04
 0.00000000E+00  -.30528377E+04
 0.00000000E+00  -.30843556E+04
 0.00000000E+00  -.31274115E+04
 0.00000000E+00  -.32204832E+04
