Mu-Hu               
 0.10000000E+06  0.84993194E+06
 0.99000000E+05  0.84983449E+06
 0.98000000E+05  0.84973572E+06
 0.97000000E+05  0.84963559E+06
 0.96000000E+05  0.84953408E+06
 0.95000000E+05  0.84943117E+06
 0.94000000E+05  0.84932682E+06
 0.93000000E+05  0.84922103E+06
 0.92000000E+05  0.84911374E+06
 0.91000000E+05  0.84900494E+06
 0.90000000E+05  0.84889460E+06
 0.89000000E+05  0.84878269E+06
 0.88000000E+05  0.84866918E+06
 0.87000000E+05  0.84855404E+06
 0.86000000E+05  0.84843723E+06
 0.85000000E+05  0.84831872E+06
 0.84000000E+05  0.84819848E+06
 0.83000000E+05  0.84807648E+06
 0.82000000E+05  0.84795267E+06
 0.81000000E+05  0.84782702E+06
 0.80000000E+05  0.84769950E+06
 0.79000000E+05  0.84757006E+06
 0.78000000E+05  0.84743866E+06
 0.77000000E+05  0.84730527E+06
 0.76000000E+05  0.84716984E+06
 0.75000000E+05  0.84703233E+06
 0.74000000E+05  0.84689270E+06
 0.73000000E+05  0.84675089E+06
 0.72000000E+05  0.84660686E+06
 0.71000000E+05  0.84646056E+06
 0.70000000E+05  0.84631194E+06
 0.69000000E+05  0.84616096E+06
 0.68000000E+05  0.84600754E+06
 0.67000000E+05  0.84585165E+06
 0.66000000E+05  0.84569322E+06
 0.65000000E+05  0.84553220E+06
 0.64000000E+05  0.84536851E+06
 0.63000000E+05  0.84520212E+06
 0.62000000E+05  0.84503293E+06
 0.61000000E+05  0.84486090E+06
 0.60000000E+05  0.84468595E+06
 0.59000000E+05  0.84450800E+06
 0.58000000E+05  0.84432699E+06
 0.57000000E+05  0.84414284E+06
 0.56000000E+05  0.84395547E+06
 0.55000000E+05  0.84376479E+06
 0.54000000E+05  0.84357073E+06
 0.53000000E+05  0.84337319E+06
 0.52000000E+05  0.84317208E+06
 0.51000000E+05  0.84296732E+06
 0.50000000E+05  0.84275879E+06
 0.49000000E+05  0.84254639E+06
 0.48000000E+05  0.84233003E+06
 0.47000000E+05  0.84210959E+06
 0.46000000E+05  0.84188496E+06
 0.45000000E+05  0.84165601E+06
 0.44000000E+05  0.84142262E+06
 0.43000000E+05  0.84118467E+06
 0.42000000E+05  0.84094202E+06
 0.41000000E+05  0.84069453E+06
 0.40000000E+05  0.84044205E+06
 0.39000000E+05  0.84018442E+06
 0.38000000E+05  0.83992150E+06
 0.37000000E+05  0.83965311E+06
 0.36000000E+05  0.83937908E+06
 0.35000000E+05  0.83909922E+06
 0.34000000E+05  0.83881335E+06
 0.33000000E+05  0.83852126E+06
 0.32000000E+05  0.83822274E+06
 0.31000000E+05  0.83791757E+06
 0.30000000E+05  0.83760552E+06
 0.29000000E+05  0.83728634E+06
 0.28000000E+05  0.83695977E+06
 0.27000000E+05  0.83662553E+06
 0.26000000E+05  0.83628335E+06
 0.25000000E+05  0.83593290E+06
 0.24000000E+05  0.83557385E+06
 0.23000000E+05  0.83520587E+06
 0.22000000E+05  0.83482855E+06
 0.21000000E+05  0.83444149E+06
 0.20000000E+05  0.83404422E+06
 0.19000000E+05  0.83363622E+06
 0.18000000E+05  0.83321690E+06
 0.17000000E+05  0.83278549E+06
 0.16000000E+05  0.83234101E+06
 0.15000000E+05  0.83188193E+06
 0.14000000E+05  0.83140551E+06
 0.13000000E+05  0.83090511E+06
 0.12000000E+05  0.83035034E+06
 0.11000000E+05  0.81905826E+06
 0.10000000E+05  0.71867692E+06
 0.90000000E+04  0.70595723E+06
 0.80000000E+04  0.69389140E+06
 0.70000000E+04  0.67880404E+06
 0.60000000E+04  0.16772476E+06
 0.50000000E+04  0.16115607E+06
 0.40000000E+04  0.15460707E+06
 0.30000000E+04  0.11558128E+06
 0.20000000E+04  0.92765117E+05
 0.10000000E+04  0.86050019E+05
 0.00000000E+00  0.42404201E+05
 -.10000000E+04  0.35482868E+05
 -.20000000E+04  -.81402679E+04
 -.30000000E+04  -.14921023E+05
 -.40000000E+04  -.21537973E+05
 -.50000000E+04  -.75781106E+05
 -.60000000E+04  -.11526215E+06
 -.70000000E+04  -.14266625E+06
 -.80000000E+04  -.14884248E+06
 -.90000000E+04  -.15495616E+06
 -.10000000E+05  -.16103792E+06
 -.11000000E+05  -.16713150E+06
 -.12000000E+05  -.17330787E+06
 -.13000000E+05  -.17971471E+06
 -.14000000E+05  -.18697854E+06
 -.15000000E+05  -.27475183E+06
 -.16000000E+05  -.28116410E+06
 -.17000000E+05  -.31146154E+06
 -.18000000E+05  -.31785260E+06
 -.19000000E+05  -.34847929E+06
 -.20000000E+05  -.35443624E+06
 -.21000000E+05  -.36062802E+06
 -.22000000E+05  -.39189340E+06
 -.23000000E+05  -.40336860E+06
 -.24000000E+05  -.40966557E+06
 -.25000000E+05  -.43777255E+06
 -.26000000E+05  -.44377545E+06
 -.27000000E+05  -.44983693E+06
 -.28000000E+05  -.47379838E+06
 -.29000000E+05  -.47895941E+06
 -.30000000E+05  -.48406828E+06
 -.31000000E+05  -.48923000E+06
 -.32000000E+05  -.51521876E+06
 -.33000000E+05  -.52008252E+06
 -.34000000E+05  -.52492629E+06
 -.35000000E+05  -.52985919E+06
 -.36000000E+05  -.55277305E+06
 -.37000000E+05  -.55705577E+06
 -.38000000E+05  -.56130881E+06
 -.39000000E+05  -.56556599E+06
 -.40000000E+05  -.56989645E+06
 -.41000000E+05  -.57464227E+06
 -.42000000E+05  -.59787830E+06
 -.43000000E+05  -.60202741E+06
 -.44000000E+05  -.65708536E+06
 -.45000000E+05  -.66063325E+06
 -.46000000E+05  -.66411845E+06
 -.47000000E+05  -.66754702E+06
 -.48000000E+05  -.67092535E+06
 -.49000000E+05  -.67425977E+06
 -.50000000E+05  -.67778206E+06
 -.51000000E+05  -.69681209E+06
 -.52000000E+05  -.69978016E+06
 -.53000000E+05  -.70271128E+06
 -.54000000E+05  -.70561725E+06
 -.55000000E+05  -.70851016E+06
 -.56000000E+05  -.71140151E+06
 -.57000000E+05  -.71430128E+06
 -.58000000E+05  -.71721701E+06
 -.59000000E+05  -.72015370E+06
 -.60000000E+05  -.72311613E+06
 -.61000000E+05  -.74155599E+06
 -.62000000E+05  -.74439285E+06
 -.63000000E+05  -.74740341E+06
 -.64000000E+05  -.75068007E+06
 -.65000000E+05  -.75435616E+06
 -.66000000E+05  -.75888549E+06
 -.67000000E+05  -.84585165E+06
 -.68000000E+05  -.84600754E+06
 -.69000000E+05  -.84616095E+06
 -.70000000E+05  -.84631194E+06
 -.71000000E+05  -.84646056E+06
 -.72000000E+05  -.84660686E+06
 -.73000000E+05  -.84675089E+06
 -.74000000E+05  -.84689270E+06
 -.75000000E+05  -.84703233E+06
 -.76000000E+05  -.84716984E+06
 -.77000000E+05  -.84730527E+06
 -.78000000E+05  -.84743866E+06
 -.79000000E+05  -.84757006E+06
 -.80000000E+05  -.84769950E+06
 -.81000000E+05  -.84782702E+06
 -.82000000E+05  -.84795267E+06
 -.83000000E+05  -.84807648E+06
 -.84000000E+05  -.84819848E+06
 -.85000000E+05  -.84831872E+06
 -.86000000E+05  -.84843723E+06
 -.87000000E+05  -.84855404E+06
 -.88000000E+05  -.84866918E+06
 -.89000000E+05  -.84878269E+06
 -.90000000E+05  -.84889460E+06
 -.91000000E+05  -.84900494E+06
 -.92000000E+05  -.84911374E+06
 -.93000000E+05  -.84922103E+06
 -.94000000E+05  -.84932682E+06
 -.95000000E+05  -.84943117E+06
 -.96000000E+05  -.84953408E+06
 -.97000000E+05  -.84963559E+06
 -.98000000E+05  -.84973572E+06
 -.99000000E+05  -.84983449E+06
 -.10000000E+06  -.84993194E+06
Mv-Hv               
 0.00000000E+00  -.10270045E+03
 0.00000000E+00  -.10446338E+03
 0.00000000E+00  -.10626998E+03
 0.00000000E+00  -.10812152E+03
 0.00000000E+00  -.11001950E+03
 0.00000000E+00  -.11196547E+03
 0.00000000E+00  -.11396103E+03
 0.00000000E+00  -.11600787E+03
 0.00000000E+00  -.11810776E+03
 0.00000000E+00  -.12026251E+03
 0.00000000E+00  -.12247405E+03
 0.00000000E+00  -.12474439E+03
 0.00000000E+00  -.12707560E+03
 0.00000000E+00  -.12946988E+03
 0.00000000E+00  -.13192951E+03
 0.00000000E+00  -.13445691E+03
 0.00000000E+00  -.13705456E+03
 0.00000000E+00  -.13972511E+03
 0.00000000E+00  -.14247130E+03
 0.00000000E+00  -.14529605E+03
 0.00000000E+00  -.14820237E+03
 0.00000000E+00  -.15119346E+03
 0.00000000E+00  -.15427266E+03
 0.00000000E+00  -.15744350E+03
 0.00000000E+00  -.16070967E+03
 0.00000000E+00  -.16407507E+03
 0.00000000E+00  -.16754381E+03
 0.00000000E+00  -.17112022E+03
 0.00000000E+00  -.17480884E+03
 0.00000000E+00  -.17861452E+03
 0.00000000E+00  -.18254232E+03
 0.00000000E+00  -.18659762E+03
 0.00000000E+00  -.19078610E+03
 0.00000000E+00  -.19511379E+03
 0.00000000E+00  -.19958705E+03
 0.00000000E+00  -.20421264E+03
 0.00000000E+00  -.20899772E+03
 0.00000000E+00  -.21394990E+03
 0.00000000E+00  -.21907726E+03
 0.00000000E+00  -.22438839E+03
 0.00000000E+00  -.22989245E+03
 0.00000000E+00  -.23559916E+03
 0.00000000E+00  -.24151898E+03
 0.00000000E+00  -.24766299E+03
 0.00000000E+00  -.25404303E+03
 0.00000000E+00  -.26067187E+03
 0.00000000E+00  -.26756306E+03
 0.00000000E+00  -.27473120E+03
 0.00000000E+00  -.28219193E+03
 0.00000000E+00  -.28996206E+03
 0.00000000E+00  -.29805966E+03
 0.00000000E+00  -.30650431E+03
 0.00000000E+00  -.31531702E+03
 0.00000000E+00  -.32452131E+03
 0.00000000E+00  -.33414135E+03
 0.00000000E+00  -.34420434E+03
 0.00000000E+00  -.35473892E+03
 0.00000000E+00  -.36577670E+03
 0.00000000E+00  -.37735201E+03
 0.00000000E+00  -.38950232E+03
 0.00000000E+00  -.40226854E+03
 0.00000000E+00  -.41569537E+03
 0.00000000E+00  -.42983201E+03
 0.00000000E+00  -.44473231E+03
 0.00000000E+00  -.46045546E+03
 0.00000000E+00  -.47706670E+03
 0.00000000E+00  -.49463815E+03
 0.00000000E+00  -.51324938E+03
 0.00000000E+00  -.53298839E+03
 0.00000000E+00  -.55395280E+03
 0.00000000E+00  -.57625089E+03
 0.00000000E+00  -.60000269E+03
 0.00000000E+00  -.62534159E+03
 0.00000000E+00  -.65241544E+03
 0.00000000E+00  -.68138751E+03
 0.00000000E+00  -.71243713E+03
 0.00000000E+00  -.74576000E+03
 0.00000000E+00  -.78156637E+03
 0.00000000E+00  -.82007637E+03
 0.00000000E+00  -.86150937E+03
 0.00000000E+00  -.90606319E+03
 0.00000000E+00  -.95387256E+03
 0.00000000E+00  -.10049277E+04
 0.00000000E+00  -.10589115E+04
 0.00000000E+00  -.11148606E+04
 0.00000000E+00  -.11704221E+04
 0.00000000E+00  -.12201058E+04
 0.00000000E+00  -.12509718E+04
 0.00000000E+00  -.12426696E+04
 0.00000000E+00  -.12966510E+04
 0.00000000E+00  0.32282392E+04
 0.00000000E+00  0.38915159E+04
 0.00000000E+00  0.74537998E+04
 0.00000000E+00  0.15874799E+05
 0.00000000E+00  0.77689450E+03
 0.00000000E+00  0.88605030E+03
 0.00000000E+00  0.11359258E+04
 0.00000000E+00  0.15823765E+04
 0.00000000E+00  0.15485433E+05
 0.00000000E+00  0.15489346E+05
 0.00000000E+00  0.15321696E+05
 0.00000000E+00  0.15721711E+05
 0.00000000E+00  0.14693230E+05
 0.00000000E+00  0.14821214E+05
 0.00000000E+00  0.15135832E+05
 0.00000000E+00  -.16513828E+04
 0.00000000E+00  -.34155932E+04
 0.00000000E+00  0.12324973E+05
 0.00000000E+00  0.12355859E+05
 0.00000000E+00  0.12438241E+05
 0.00000000E+00  0.12587888E+05
 0.00000000E+00  0.12825135E+05
 0.00000000E+00  0.13176656E+05
 0.00000000E+00  0.13683752E+05
 0.00000000E+00  0.14502720E+05
 0.00000000E+00  0.10294243E+05
 0.00000000E+00  0.10590625E+05
 0.00000000E+00  0.11904800E+05
 0.00000000E+00  0.12177189E+05
 0.00000000E+00  0.13982272E+05
 0.00000000E+00  0.14517269E+05
 0.00000000E+00  0.14412618E+05
 0.00000000E+00  0.17256939E+05
 0.00000000E+00  0.31407379E+05
 0.00000000E+00  0.31988632E+05
 0.00000000E+00  0.28588120E+05
 0.00000000E+00  0.29761229E+05
 0.00000000E+00  0.30447082E+05
 0.00000000E+00  0.15872893E+05
 0.00000000E+00  0.16420787E+05
 0.00000000E+00  0.16729071E+05
 0.00000000E+00  0.16754721E+05
 0.00000000E+00  0.11475887E+05
 0.00000000E+00  0.12325090E+05
 0.00000000E+00  0.12883662E+05
 0.00000000E+00  0.13217251E+05
 0.00000000E+00  -.31809506E+04
 0.00000000E+00  -.24356810E+04
 0.00000000E+00  -.18315041E+04
 0.00000000E+00  -.13543876E+04
 0.00000000E+00  -.10063610E+04
 0.00000000E+00  -.82495924E+03
 0.00000000E+00  0.55662307E+03
 0.00000000E+00  0.48542082E+03
 0.00000000E+00  -.11545922E+04
 0.00000000E+00  -.10461400E+04
 0.00000000E+00  -.94444097E+03
 0.00000000E+00  -.85193989E+03
 0.00000000E+00  -.77134700E+03
 0.00000000E+00  -.70590661E+03
 0.00000000E+00  -.45601642E+03
 0.00000000E+00  -.40757513E+03
 0.00000000E+00  -.26186555E+03
 0.00000000E+00  -.12748158E+03
 0.00000000E+00  -.20483715E+01
 0.00000000E+00  0.11557801E+03
 0.00000000E+00  0.22555398E+03
 0.00000000E+00  0.32717478E+03
 0.00000000E+00  0.41902965E+03
 0.00000000E+00  0.49921653E+03
 0.00000000E+00  0.56552273E+03
 0.00000000E+00  0.23720549E+04
 0.00000000E+00  0.25196590E+04
 0.00000000E+00  0.26763139E+04
 0.00000000E+00  0.28214895E+04
 0.00000000E+00  0.29187657E+04
 0.00000000E+00  0.28791902E+04
 0.00000000E+00  0.19511220E+03
 0.00000000E+00  0.19078680E+03
 0.00000000E+00  0.18659830E+03
 0.00000000E+00  0.18254296E+03
 0.00000000E+00  0.17861512E+03
 0.00000000E+00  0.17480939E+03
 0.00000000E+00  0.17112070E+03
 0.00000000E+00  0.16754423E+03
 0.00000000E+00  0.16407543E+03
 0.00000000E+00  0.16070997E+03
 0.00000000E+00  0.15744374E+03
 0.00000000E+00  0.15427284E+03
 0.00000000E+00  0.15119359E+03
 0.00000000E+00  0.14820243E+03
 0.00000000E+00  0.14529606E+03
 0.00000000E+00  0.14247127E+03
 0.00000000E+00  0.13972502E+03
 0.00000000E+00  0.13705442E+03
 0.00000000E+00  0.13445673E+03
 0.00000000E+00  0.13192930E+03
 0.00000000E+00  0.12946963E+03
 0.00000000E+00  0.12707533E+03
 0.00000000E+00  0.12474410E+03
 0.00000000E+00  0.12247376E+03
 0.00000000E+00  0.12026222E+03
 0.00000000E+00  0.11810747E+03
 0.00000000E+00  0.11600759E+03
 0.00000000E+00  0.11396076E+03
 0.00000000E+00  0.11196521E+03
 0.00000000E+00  0.11001926E+03
 0.00000000E+00  0.10812130E+03
 0.00000000E+00  0.10626978E+03
 0.00000000E+00  0.10446320E+03
 0.00000000E+00  0.10270016E+03
Mw-Hw               
 0.00000000E+00  -.41178134E-05
 0.00000000E+00  -.28534206E-04
 0.00000000E+00  -.28465318E-04
 0.00000000E+00  -.27399972E-04
 0.00000000E+00  -.26454097E-04
 0.00000000E+00  -.24947337E-04
 0.00000000E+00  -.22854664E-04
 0.00000000E+00  -.20460258E-04
 0.00000000E+00  -.17380599E-04
 0.00000000E+00  -.13695317E-04
 0.00000000E+00  -.94138188E-05
 0.00000000E+00  -.33242014E-05
 0.00000000E+00  0.83924861E-06
 0.00000000E+00  0.67276259E-05
 0.00000000E+00  0.13043234E-04
 0.00000000E+00  0.17716578E-04
 0.00000000E+00  0.24469163E-04
 0.00000000E+00  0.29163618E-04
 0.00000000E+00  0.36012500E-04
 0.00000000E+00  0.40438788E-04
 0.00000000E+00  0.44600384E-04
 0.00000000E+00  0.48426568E-04
 0.00000000E+00  0.51841821E-04
 0.00000000E+00  0.54765766E-04
 0.00000000E+00  0.57113637E-04
 0.00000000E+00  0.58797007E-04
 0.00000000E+00  0.61528482E-04
 0.00000000E+00  0.61414618E-04
 0.00000000E+00  0.61676168E-04
 0.00000000E+00  0.59269915E-04
 0.00000000E+00  0.56417622E-04
 0.00000000E+00  0.51585876E-04
 0.00000000E+00  0.44613082E-04
 0.00000000E+00  0.35376697E-04
 0.00000000E+00  0.22487256E-04
 0.00000000E+00  0.80116351E-05
 0.00000000E+00  -.11364088E-04
 0.00000000E+00  -.27472391E-04
 0.00000000E+00  -.44295423E-04
 0.00000000E+00  -.61433997E-04
 0.00000000E+00  -.78361169E-04
 0.00000000E+00  -.90254258E-04
 0.00000000E+00  -.10447962E-03
 0.00000000E+00  -.11599061E-03
 0.00000000E+00  -.11970825E-03
 0.00000000E+00  -.12522258E-03
 0.00000000E+00  -.11925836E-03
 0.00000000E+00  -.10475288E-03
 0.00000000E+00  -.74255559E-04
 0.00000000E+00  -.20963544E-04
 0.00000000E+00  0.56097243E-04
 0.00000000E+00  0.14833307E-03
 0.00000000E+00  0.27332279E-03
 0.00000000E+00  0.30691722E-03
 0.00000000E+00  0.35264773E-03
 0.00000000E+00  0.34427951E-03
 0.00000000E+00  0.34080797E-03
 0.00000000E+00  0.33517511E-03
 0.00000000E+00  0.32903096E-03
 0.00000000E+00  0.32300591E-03
 0.00000000E+00  0.31801147E-03
 0.00000000E+00  0.32035779E-03
 0.00000000E+00  0.31914018E-03
 0.00000000E+00  0.31587792E-03
 0.00000000E+00  0.31660254E-03
 0.00000000E+00  0.32179432E-03
 0.00000000E+00  0.32340883E-03
 0.00000000E+00  0.32322034E-03
 0.00000000E+00  0.32679167E-03
 0.00000000E+00  0.33152152E-03
 0.00000000E+00  0.33555261E-03
 0.00000000E+00  0.34446463E-03
 0.00000000E+00  0.35039451E-03
 0.00000000E+00  0.34456505E-03
 0.00000000E+00  0.32774504E-03
 0.00000000E+00  0.30979629E-03
 0.00000000E+00  0.29203057E-03
 0.00000000E+00  0.27490527E-03
 0.00000000E+00  0.25598855E-03
 0.00000000E+00  0.23780460E-03
 0.00000000E+00  0.21946949E-03
 0.00000000E+00  0.20137393E-03
 0.00000000E+00  0.18408667E-03
 0.00000000E+00  0.16779552E-03
 0.00000000E+00  0.15289641E-03
 0.00000000E+00  0.13988134E-03
 0.00000000E+00  0.12773382E-03
 0.00000000E+00  0.11638333E-03
 0.00000000E+00  0.10367467E-03
 0.00000000E+00  0.14826926E-03
 0.00000000E+00  -.46339088E-04
 0.00000000E+00  -.83614623E-04
 0.00000000E+00  -.90960126E-04
 0.00000000E+00  -.11323480E-03
 0.00000000E+00  0.10880443E-03
 0.00000000E+00  0.46577484E-04
 0.00000000E+00  0.77818891E-04
 0.00000000E+00  -.60022780E-04
 0.00000000E+00  -.42015801E-04
 0.00000000E+00  -.25616791E-04
 0.00000000E+00  -.26344857E-04
 0.00000000E+00  -.24903941E-04
 0.00000000E+00  -.18647603E-04
 0.00000000E+00  0.26138824E-04
 0.00000000E+00  -.68828337E-04
 0.00000000E+00  0.18404357E-04
 0.00000000E+00  0.18242570E-04
 0.00000000E+00  0.99996133E-04
 0.00000000E+00  -.50225335E-04
 0.00000000E+00  -.64195330E-04
 0.00000000E+00  -.34441134E-04
 0.00000000E+00  -.25656958E-05
 0.00000000E+00  -.10032967E-05
 0.00000000E+00  -.71345019E-05
 0.00000000E+00  0.15356940E-04
 0.00000000E+00  0.96853815E-05
 0.00000000E+00  -.21835124E-04
 0.00000000E+00  -.25984335E-04
 0.00000000E+00  -.23084906E-04
 0.00000000E+00  -.60854187E-04
 0.00000000E+00  -.51337650E-05
 0.00000000E+00  0.68991860E-05
 0.00000000E+00  -.35374495E-04
 0.00000000E+00  -.18879585E-04
 0.00000000E+00  0.76254126E-05
 0.00000000E+00  0.66187284E-05
 0.00000000E+00  0.93720173E-06
 0.00000000E+00  -.41770709E-05
 0.00000000E+00  0.60754591E-04
 0.00000000E+00  -.40855196E-04
 0.00000000E+00  0.18561384E-04
 0.00000000E+00  -.25004859E-04
 0.00000000E+00  -.30271071E-05
 0.00000000E+00  -.97949941E-05
 0.00000000E+00  0.59273488E-05
 0.00000000E+00  0.36635797E-04
 0.00000000E+00  -.34624875E-04
 0.00000000E+00  0.19073499E-04
 0.00000000E+00  0.79003480E-05
 0.00000000E+00  -.44064241E-04
 0.00000000E+00  0.25523862E-04
 0.00000000E+00  0.36254807E-06
 0.00000000E+00  -.19097378E-04
 0.00000000E+00  0.32256685E-04
 0.00000000E+00  -.40730444E-04
 0.00000000E+00  -.27687765E-04
 0.00000000E+00  -.48691611E-05
 0.00000000E+00  -.17921983E-04
 0.00000000E+00  -.18425371E-03
 0.00000000E+00  -.52719911E-03
 0.00000000E+00  -.22681389E+03
 0.00000000E+00  -.15127011E-04
 0.00000000E+00  0.57509436E-05
 0.00000000E+00  -.21122719E-04
 0.00000000E+00  0.35706065E-04
 0.00000000E+00  0.50231966E-04
 0.00000000E+00  -.91268787E-04
 0.00000000E+00  -.29052345E-04
 0.00000000E+00  0.11800203E-03
 0.00000000E+00  -.13412323E-03
 0.00000000E+00  -.44817097E-01
 0.00000000E+00  -.36794869E-04
 0.00000000E+00  0.59404987E-04
 0.00000000E+00  -.87190147E-04
 0.00000000E+00  0.11947775E-03
 0.00000000E+00  -.14870216E-03
 0.00000000E+00  0.22730759E-04
 0.00000000E+00  -.96423728E-04
 0.00000000E+00  -.45816434E-04
 0.00000000E+00  -.53047045E-04
 0.00000000E+00  -.57976270E-04
 0.00000000E+00  -.60867206E-04
 0.00000000E+00  -.61916915E-04
 0.00000000E+00  -.62991811E-04
 0.00000000E+00  -.61221691E-04
 0.00000000E+00  -.60236467E-04
 0.00000000E+00  -.58479759E-04
 0.00000000E+00  -.56045781E-04
 0.00000000E+00  -.53025867E-04
 0.00000000E+00  -.49507394E-04
 0.00000000E+00  -.43202860E-04
 0.00000000E+00  -.38940751E-04
 0.00000000E+00  -.34435307E-04
 0.00000000E+00  -.29751652E-04
 0.00000000E+00  -.22819054E-04
 0.00000000E+00  -.18049144E-04
 0.00000000E+00  -.11434118E-04
 0.00000000E+00  -.68337110E-05
 0.00000000E+00  -.83061675E-06
 0.00000000E+00  0.46666898E-05
 0.00000000E+00  0.96094281E-05
 0.00000000E+00  0.13963162E-04
 0.00000000E+00  0.17706941E-04
 0.00000000E+00  0.20832132E-04
 0.00000000E+00  0.23341193E-04
 0.00000000E+00  0.25246432E-04
 0.00000000E+00  0.26895619E-04
 0.00000000E+00  0.27845459E-04
 0.00000000E+00  0.28257729E-04
 0.00000000E+00  0.28983236E-04
 0.00000000E+00  0.28573962E-04
