Mu-Hu               
 0.15000000E+06  0.85458568E+06
 0.14925000E+06  0.85456241E+06
 0.14850000E+06  0.85453900E+06
 0.14775000E+06  0.85451544E+06
 0.14700000E+06  0.85449173E+06
 0.14625000E+06  0.85446789E+06
 0.14550000E+06  0.85444389E+06
 0.14475000E+06  0.85441974E+06
 0.14400000E+06  0.85439545E+06
 0.14325000E+06  0.85437100E+06
 0.14250000E+06  0.85434640E+06
 0.14175000E+06  0.85432165E+06
 0.14100000E+06  0.85429675E+06
 0.14025000E+06  0.85427168E+06
 0.13950000E+06  0.85424646E+06
 0.13875000E+06  0.85422108E+06
 0.13800000E+06  0.85419555E+06
 0.13725000E+06  0.85416985E+06
 0.13650000E+06  0.85414399E+06
 0.13575000E+06  0.85411796E+06
 0.13500000E+06  0.85409177E+06
 0.13425000E+06  0.85406541E+06
 0.13350000E+06  0.85403889E+06
 0.13275000E+06  0.85401220E+06
 0.13200000E+06  0.85398533E+06
 0.13125000E+06  0.85395830E+06
 0.13050000E+06  0.85393109E+06
 0.12975000E+06  0.85390371E+06
 0.12900000E+06  0.85387615E+06
 0.12825000E+06  0.85384841E+06
 0.12750000E+06  0.85382050E+06
 0.12675000E+06  0.85379240E+06
 0.12600000E+06  0.85376412E+06
 0.12525000E+06  0.85373566E+06
 0.12450000E+06  0.85370701E+06
 0.12375000E+06  0.85367818E+06
 0.12300000E+06  0.85364916E+06
 0.12225000E+06  0.85361995E+06
 0.12150000E+06  0.85359054E+06
 0.12075000E+06  0.85356095E+06
 0.12000000E+06  0.85353116E+06
 0.11925000E+06  0.85350117E+06
 0.11850000E+06  0.85347099E+06
 0.11775000E+06  0.85344061E+06
 0.11700000E+06  0.85341002E+06
 0.11625000E+06  0.85337923E+06
 0.11550000E+06  0.85334824E+06
 0.11475000E+06  0.85331704E+06
 0.11400000E+06  0.85328564E+06
 0.11325000E+06  0.85325402E+06
 0.11250000E+06  0.85322219E+06
 0.11175000E+06  0.85319015E+06
 0.11100000E+06  0.85315790E+06
 0.11025000E+06  0.85312542E+06
 0.10950000E+06  0.85309273E+06
 0.10875000E+06  0.85305981E+06
 0.10800000E+06  0.85302668E+06
 0.10725000E+06  0.85299331E+06
 0.10650000E+06  0.85295972E+06
 0.10575000E+06  0.85292591E+06
 0.10500000E+06  0.85289186E+06
 0.10425000E+06  0.85285758E+06
 0.10350000E+06  0.85282306E+06
 0.10275000E+06  0.85278831E+06
 0.10200000E+06  0.85275331E+06
 0.10125000E+06  0.85271808E+06
 0.10050000E+06  0.85268260E+06
 0.99750000E+05  0.85264688E+06
 0.99000000E+05  0.85261091E+06
 0.98250000E+05  0.85257469E+06
 0.97500000E+05  0.85253822E+06
 0.96750000E+05  0.85250149E+06
 0.96000000E+05  0.85246451E+06
 0.95250000E+05  0.85242726E+06
 0.94500000E+05  0.85238976E+06
 0.93750000E+05  0.85235199E+06
 0.93000000E+05  0.85231396E+06
 0.92250000E+05  0.85227566E+06
 0.91500000E+05  0.85223708E+06
 0.90750000E+05  0.85219824E+06
 0.90000000E+05  0.85215911E+06
 0.89250000E+05  0.85211971E+06
 0.88500000E+05  0.85208003E+06
 0.87750000E+05  0.85204006E+06
 0.87000000E+05  0.85199981E+06
 0.86250000E+05  0.85195927E+06
 0.85500000E+05  0.85191844E+06
 0.84750000E+05  0.85187731E+06
 0.84000000E+05  0.85183588E+06
 0.83250000E+05  0.85179416E+06
 0.82500000E+05  0.85175213E+06
 0.81750000E+05  0.85170980E+06
 0.81000000E+05  0.85166716E+06
 0.80250000E+05  0.85162420E+06
 0.79500000E+05  0.85158094E+06
 0.78750000E+05  0.85153735E+06
 0.78000000E+05  0.85149345E+06
 0.77250000E+05  0.85144922E+06
 0.76500000E+05  0.85140466E+06
 0.75750000E+05  0.85135978E+06
 0.75000000E+05  0.85131456E+06
 0.74250000E+05  0.85126900E+06
 0.73500000E+05  0.85122311E+06
 0.72750000E+05  0.85117687E+06
 0.72000000E+05  0.85113029E+06
 0.71250000E+05  0.85108335E+06
 0.70500000E+05  0.85103607E+06
 0.69750000E+05  0.85098842E+06
 0.69000000E+05  0.85094042E+06
 0.68250000E+05  0.85089205E+06
 0.67500000E+05  0.85084332E+06
 0.66750000E+05  0.85079421E+06
 0.66000000E+05  0.85074473E+06
 0.65250000E+05  0.85069488E+06
 0.64500000E+05  0.85064463E+06
 0.63750000E+05  0.85059400E+06
 0.63000000E+05  0.85054299E+06
 0.62250000E+05  0.85049157E+06
 0.61500000E+05  0.85043976E+06
 0.60750000E+05  0.85038754E+06
 0.60000000E+05  0.85033492E+06
 0.59250000E+05  0.85028189E+06
 0.58500000E+05  0.85022844E+06
 0.57750000E+05  0.85017457E+06
 0.57000000E+05  0.85012027E+06
 0.56250000E+05  0.85006555E+06
 0.55500000E+05  0.85001039E+06
 0.54750000E+05  0.84995479E+06
 0.54000000E+05  0.84989874E+06
 0.53250000E+05  0.84984225E+06
 0.52500000E+05  0.84978530E+06
 0.51750000E+05  0.84972790E+06
 0.51000000E+05  0.84967002E+06
 0.50250000E+05  0.84961168E+06
 0.49500000E+05  0.84955286E+06
 0.48750000E+05  0.84949356E+06
 0.48000000E+05  0.84943377E+06
 0.47250000E+05  0.84937348E+06
 0.46500000E+05  0.84931269E+06
 0.45750000E+05  0.84925140E+06
 0.45000000E+05  0.84918958E+06
 0.44250000E+05  0.84912725E+06
 0.43500000E+05  0.84906438E+06
 0.42750000E+05  0.84900098E+06
 0.42000000E+05  0.84893703E+06
 0.41250000E+05  0.84887252E+06
 0.40500000E+05  0.84880744E+06
 0.39750000E+05  0.84874179E+06
 0.39000000E+05  0.84867555E+06
 0.38250000E+05  0.84860871E+06
 0.37500000E+05  0.84854125E+06
 0.36750000E+05  0.84847316E+06
 0.36000000E+05  0.84840442E+06
 0.35250000E+05  0.84833501E+06
 0.34500000E+05  0.84826492E+06
 0.33750000E+05  0.84819410E+06
 0.33000000E+05  0.84812254E+06
 0.32250000E+05  0.84805020E+06
 0.31500000E+05  0.84797702E+06
 0.30750000E+05  0.84790296E+06
 0.30000000E+05  0.84782794E+06
 0.29250000E+05  0.84775188E+06
 0.28500000E+05  0.84767466E+06
 0.27750000E+05  0.84759612E+06
 0.27000000E+05  0.84751607E+06
 0.26250000E+05  0.84743421E+06
 0.25500000E+05  0.84735010E+06
 0.24750000E+05  0.84726313E+06
 0.24000000E+05  0.84717229E+06
 0.23250000E+05  0.84707592E+06
 0.22500000E+05  0.84697104E+06
 0.21750000E+05  0.84685165E+06
 0.21000000E+05  0.84670355E+06
 0.20250000E+05  0.84648219E+06
 0.19500000E+05  0.84593225E+06
 0.18750000E+05  0.12189661E+06
 0.18000000E+05  0.11689539E+06
 0.17250000E+05  0.11173309E+06
 0.16500000E+05  0.10641251E+06
 0.15750000E+05  0.10094637E+06
 0.15000000E+05  0.95358034E+05
 0.14250000E+05  0.89680502E+05
 0.13500000E+05  0.83953516E+05
 0.12750000E+05  0.78218876E+05
 0.12000000E+05  0.72515140E+05
 0.11250000E+05  0.66873381E+05
 0.10500000E+05  0.61315243E+05
 0.97500000E+04  0.55853529E+05
 0.90000000E+04  0.50494546E+05
 0.82500000E+04  0.45241098E+05
 0.75000000E+04  0.40095115E+05
 0.67500000E+04  0.35059341E+05
 0.60000000E+04  0.30137810E+05
 0.52500000E+04  0.25335247E+05
 0.45000000E+04  0.20655764E+05
 0.37500000E+04  0.16101402E+05
 0.30000000E+04  0.11670992E+05
 0.22500000E+04  0.73596101E+04
 0.15000000E+04  0.31586454E+04
 0.75000000E+03  -.94369849E+03
 0.00000000E+00  -.49616915E+04
 -.75000000E+03  -.89113431E+04
 -.15000000E+04  -.12809753E+05
 -.22500000E+04  -.16674583E+05
 -.30000000E+04  -.20523628E+05
 -.37500000E+04  -.24374444E+05
 -.45000000E+04  -.28243981E+05
 -.52500000E+04  -.32148150E+05
 -.60000000E+04  -.36101300E+05
 -.67500000E+04  -.40115578E+05
 -.75000000E+04  -.44200232E+05
 -.82500000E+04  -.48360951E+05
 -.90000000E+04  -.52599446E+05
 -.97500000E+04  -.56913471E+05
 -.10500000E+05  -.61297446E+05
 -.11250000E+05  -.65743626E+05
 -.12000000E+05  -.70243589E+05
 -.12750000E+05  -.74789608E+05
 -.13500000E+05  -.79375554E+05
 -.14250000E+05  -.83997096E+05
 -.15000000E+05  -.88651254E+05
 -.15750000E+05  -.93335486E+05
 -.16500000E+05  -.98046627E+05
 -.17250000E+05  -.10278000E+06
 -.18000000E+05  -.10752894E+06
 -.18750000E+05  -.11228501E+06
 -.19500000E+05  -.11703869E+06
 -.20250000E+05  -.12178056E+06
 -.21000000E+05  -.12650249E+06
 -.21750000E+05  -.13119857E+06
 -.22500000E+05  -.13586555E+06
 -.23250000E+05  -.14050272E+06
 -.24000000E+05  -.14511144E+06
 -.24750000E+05  -.14969437E+06
 -.25500000E+05  -.15425470E+06
 -.26250000E+05  -.15879548E+06
 -.27000000E+05  -.16331904E+06
 -.27750000E+05  -.16782673E+06
 -.28500000E+05  -.17231882E+06
 -.29250000E+05  -.17679468E+06
 -.30000000E+05  -.18125312E+06
 -.30750000E+05  -.18569284E+06
 -.31500000E+05  -.19011290E+06
 -.32250000E+05  -.19451321E+06
 -.33000000E+05  -.19889479E+06
 -.33750000E+05  -.20326001E+06
 -.34500000E+05  -.20761258E+06
 -.35250000E+05  -.21195740E+06
 -.36000000E+05  -.21630035E+06
 -.36750000E+05  -.22064790E+06
 -.37500000E+05  -.22500676E+06
 -.38250000E+05  -.22938339E+06
 -.39000000E+05  -.23378357E+06
 -.39750000E+05  -.23821188E+06
 -.40500000E+05  -.24267128E+06
 -.41250000E+05  -.24716267E+06
 -.42000000E+05  -.25168454E+06
 -.42750000E+05  -.25623281E+06
 -.43500000E+05  -.26080075E+06
 -.44250000E+05  -.26537926E+06
 -.45000000E+05  -.26995732E+06
 -.45750000E+05  -.27452284E+06
 -.46500000E+05  -.27906360E+06
 -.47250000E+05  -.28356840E+06
 -.48000000E+05  -.28802795E+06
 -.48750000E+05  -.29243557E+06
 -.49500000E+05  -.29678751E+06
 -.50250000E+05  -.30108283E+06
 -.51000000E+05  -.30532310E+06
 -.51750000E+05  -.30951178E+06
 -.52500000E+05  -.31365359E+06
 -.53250000E+05  -.31775390E+06
 -.54000000E+05  -.32181815E+06
 -.54750000E+05  -.32585134E+06
 -.55500000E+05  -.32985771E+06
 -.56250000E+05  -.33384046E+06
 -.57000000E+05  -.33780169E+06
 -.57750000E+05  -.34174241E+06
 -.58500000E+05  -.34566274E+06
 -.59250000E+05  -.34956217E+06
 -.60000000E+05  -.35343988E+06
 -.60750000E+05  -.35729506E+06
 -.61500000E+05  -.36112723E+06
 -.62250000E+05  -.36493635E+06
 -.63000000E+05  -.36872295E+06
 -.63750000E+05  -.37248807E+06
 -.64500000E+05  -.37623312E+06
 -.65250000E+05  -.37995969E+06
 -.66000000E+05  -.38366935E+06
 -.66750000E+05  -.38736339E+06
 -.67500000E+05  -.39104270E+06
 -.68250000E+05  -.39470760E+06
 -.69000000E+05  -.39835788E+06
 -.69750000E+05  -.40199279E+06
 -.70500000E+05  -.40561118E+06
 -.71250000E+05  -.40921171E+06
 -.72000000E+05  -.41279300E+06
 -.72750000E+05  -.41635385E+06
 -.73500000E+05  -.41989329E+06
 -.74250000E+05  -.42341071E+06
 -.75000000E+05  -.42690576E+06
 -.75750000E+05  -.43037824E+06
 -.76500000E+05  -.43382798E+06
 -.77250000E+05  -.43725457E+06
 -.78000000E+05  -.44065721E+06
 -.78750000E+05  -.44403452E+06
 -.79500000E+05  -.44738447E+06
 -.80250000E+05  -.45070433E+06
 -.81000000E+05  -.45399082E+06
 -.81750000E+05  -.45724029E+06
 -.82500000E+05  -.46044899E+06
 -.83250000E+05  -.46361342E+06
 -.84000000E+05  -.46673058E+06
 -.84750000E+05  -.46979828E+06
 -.85500000E+05  -.47281531E+06
 -.86250000E+05  -.47578148E+06
 -.87000000E+05  -.47869766E+06
 -.87750000E+05  -.48156572E+06
 -.88500000E+05  -.48438834E+06
 -.89250000E+05  -.48716899E+06
 -.90000000E+05  -.48991166E+06
 -.90750000E+05  -.49262084E+06
 -.91500000E+05  -.49530133E+06
 -.92250000E+05  -.49795821E+06
 -.93000000E+05  -.50059670E+06
 -.93750000E+05  -.50322218E+06
 -.94500000E+05  -.50584007E+06
 -.95250000E+05  -.50845588E+06
 -.96000000E+05  -.51107514E+06
 -.96750000E+05  -.51370341E+06
 -.97500000E+05  -.51634625E+06
 -.98250000E+05  -.51900919E+06
 -.99000000E+05  -.52169776E+06
 -.99750000E+05  -.52441738E+06
 -.10050000E+06  -.52717340E+06
 -.10125000E+06  -.52997099E+06
 -.10200000E+06  -.53281506E+06
 -.10275000E+06  -.53571026E+06
 -.10350000E+06  -.53866081E+06
 -.10425000E+06  -.54167047E+06
 -.10500000E+06  -.54474246E+06
 -.10575000E+06  -.54787941E+06
 -.10650000E+06  -.55108336E+06
 -.10725000E+06  -.55435585E+06
 -.10800000E+06  -.55769800E+06
 -.10875000E+06  -.56111079E+06
 -.10950000E+06  -.56459527E+06
 -.11025000E+06  -.56815299E+06
 -.11100000E+06  -.57178636E+06
 -.11175000E+06  -.57549921E+06
 -.11250000E+06  -.57929730E+06
 -.11325000E+06  -.58318909E+06
 -.11400000E+06  -.58718665E+06
 -.11475000E+06  -.59130701E+06
 -.11550000E+06  -.59557423E+06
 -.11625000E+06  -.60002278E+06
 -.11700000E+06  -.60470372E+06
 -.11775000E+06  -.60969669E+06
 -.11850000E+06  -.61513694E+06
 -.11925000E+06  -.62128969E+06
 -.12000000E+06  -.62884327E+06
 -.12075000E+06  -.85356095E+06
 -.12150000E+06  -.85359054E+06
 -.12225000E+06  -.85361995E+06
 -.12300000E+06  -.85364916E+06
 -.12375000E+06  -.85367818E+06
 -.12450000E+06  -.85370701E+06
 -.12525000E+06  -.85373566E+06
 -.12600000E+06  -.85376412E+06
 -.12675000E+06  -.85379240E+06
 -.12750000E+06  -.85382050E+06
 -.12825000E+06  -.85384841E+06
 -.12900000E+06  -.85387615E+06
 -.12975000E+06  -.85390371E+06
 -.13050000E+06  -.85393109E+06
 -.13125000E+06  -.85395830E+06
 -.13200000E+06  -.85398533E+06
 -.13275000E+06  -.85401220E+06
 -.13350000E+06  -.85403889E+06
 -.13425000E+06  -.85406542E+06
 -.13500000E+06  -.85409177E+06
 -.13575000E+06  -.85411796E+06
 -.13650000E+06  -.85414399E+06
 -.13725000E+06  -.85416985E+06
 -.13800000E+06  -.85419555E+06
 -.13875000E+06  -.85422109E+06
 -.13950000E+06  -.85424646E+06
 -.14025000E+06  -.85427168E+06
 -.14100000E+06  -.85429675E+06
 -.14175000E+06  -.85432165E+06
 -.14250000E+06  -.85434640E+06
 -.14325000E+06  -.85437100E+06
 -.14400000E+06  -.85439545E+06
 -.14475000E+06  -.85441974E+06
 -.14550000E+06  -.85444389E+06
 -.14625000E+06  -.85446789E+06
 -.14700000E+06  -.85449174E+06
 -.14775000E+06  -.85451544E+06
 -.14850000E+06  -.85453900E+06
 -.14925000E+06  -.85456241E+06
 -.15000000E+06  -.85458568E+06
Mv-Hv               
 0.00000000E+00  -.16181115E+03
 0.00000000E+00  -.16307105E+03
 0.00000000E+00  -.16434406E+03
 0.00000000E+00  -.16563183E+03
 0.00000000E+00  -.16693466E+03
 0.00000000E+00  -.16825272E+03
 0.00000000E+00  -.16958632E+03
 0.00000000E+00  -.17093563E+03
 0.00000000E+00  -.17230099E+03
 0.00000000E+00  -.17368256E+03
 0.00000000E+00  -.17508073E+03
 0.00000000E+00  -.17649563E+03
 0.00000000E+00  -.17792768E+03
 0.00000000E+00  -.17937700E+03
 0.00000000E+00  -.18084406E+03
 0.00000000E+00  -.18232896E+03
 0.00000000E+00  -.18383220E+03
 0.00000000E+00  -.18535387E+03
 0.00000000E+00  -.18689452E+03
 0.00000000E+00  -.18845421E+03
 0.00000000E+00  -.19003355E+03
 0.00000000E+00  -.19163273E+03
 0.00000000E+00  -.19325224E+03
 0.00000000E+00  -.19489214E+03
 0.00000000E+00  -.19655307E+03
 0.00000000E+00  -.19823525E+03
 0.00000000E+00  -.19993894E+03
 0.00000000E+00  -.20166476E+03
 0.00000000E+00  -.20341287E+03
 0.00000000E+00  -.20518389E+03
 0.00000000E+00  -.20697802E+03
 0.00000000E+00  -.20879589E+03
 0.00000000E+00  -.21063770E+03
 0.00000000E+00  -.21250402E+03
 0.00000000E+00  -.21439539E+03
 0.00000000E+00  -.21631206E+03
 0.00000000E+00  -.21825460E+03
 0.00000000E+00  -.22022350E+03
 0.00000000E+00  -.22221926E+03
 0.00000000E+00  -.22424249E+03
 0.00000000E+00  -.22629348E+03
 0.00000000E+00  -.22837287E+03
 0.00000000E+00  -.23048121E+03
 0.00000000E+00  -.23261906E+03
 0.00000000E+00  -.23478698E+03
 0.00000000E+00  -.23698556E+03
 0.00000000E+00  -.23921556E+03
 0.00000000E+00  -.24147729E+03
 0.00000000E+00  -.24377153E+03
 0.00000000E+00  -.24609893E+03
 0.00000000E+00  -.24846015E+03
 0.00000000E+00  -.25085605E+03
 0.00000000E+00  -.25328698E+03
 0.00000000E+00  -.25575384E+03
 0.00000000E+00  -.25825754E+03
 0.00000000E+00  -.26079849E+03
 0.00000000E+00  -.26337781E+03
 0.00000000E+00  -.26599613E+03
 0.00000000E+00  -.26865409E+03
 0.00000000E+00  -.27135290E+03
 0.00000000E+00  -.27409324E+03
 0.00000000E+00  -.27687599E+03
 0.00000000E+00  -.27970209E+03
 0.00000000E+00  -.28257228E+03
 0.00000000E+00  -.28548791E+03
 0.00000000E+00  -.28844977E+03
 0.00000000E+00  -.29145891E+03
 0.00000000E+00  -.29451637E+03
 0.00000000E+00  -.29762324E+03
 0.00000000E+00  -.30078064E+03
 0.00000000E+00  -.30398953E+03
 0.00000000E+00  -.30725146E+03
 0.00000000E+00  -.31056747E+03
 0.00000000E+00  -.31393882E+03
 0.00000000E+00  -.31736681E+03
 0.00000000E+00  -.32085276E+03
 0.00000000E+00  -.32439805E+03
 0.00000000E+00  -.32800411E+03
 0.00000000E+00  -.33167239E+03
 0.00000000E+00  -.33540440E+03
 0.00000000E+00  -.33920189E+03
 0.00000000E+00  -.34306609E+03
 0.00000000E+00  -.34699884E+03
 0.00000000E+00  -.35100186E+03
 0.00000000E+00  -.35507691E+03
 0.00000000E+00  -.35922602E+03
 0.00000000E+00  -.36345068E+03
 0.00000000E+00  -.36775303E+03
 0.00000000E+00  -.37213529E+03
 0.00000000E+00  -.37659915E+03
 0.00000000E+00  -.38114716E+03
 0.00000000E+00  -.38578115E+03
 0.00000000E+00  -.39050382E+03
 0.00000000E+00  -.39531717E+03
 0.00000000E+00  -.40022405E+03
 0.00000000E+00  -.40522664E+03
 0.00000000E+00  -.41032798E+03
 0.00000000E+00  -.41553041E+03
 0.00000000E+00  -.42083718E+03
 0.00000000E+00  -.42625085E+03
 0.00000000E+00  -.43177486E+03
 0.00000000E+00  -.43741220E+03
 0.00000000E+00  -.44316594E+03
 0.00000000E+00  -.44903992E+03
 0.00000000E+00  -.45503747E+03
 0.00000000E+00  -.46116206E+03
 0.00000000E+00  -.46741793E+03
 0.00000000E+00  -.47380886E+03
 0.00000000E+00  -.48033875E+03
 0.00000000E+00  -.48701210E+03
 0.00000000E+00  -.49383360E+03
 0.00000000E+00  -.50080745E+03
 0.00000000E+00  -.50793850E+03
 0.00000000E+00  -.51523157E+03
 0.00000000E+00  -.52268982E+03
 0.00000000E+00  -.53032457E+03
 0.00000000E+00  -.53813815E+03
 0.00000000E+00  -.54613652E+03
 0.00000000E+00  -.55432576E+03
 0.00000000E+00  -.56271229E+03
 0.00000000E+00  -.57130281E+03
 0.00000000E+00  -.58010428E+03
 0.00000000E+00  -.58912398E+03
 0.00000000E+00  -.59836949E+03
 0.00000000E+00  -.60784874E+03
 0.00000000E+00  -.61756999E+03
 0.00000000E+00  -.62754187E+03
 0.00000000E+00  -.63777330E+03
 0.00000000E+00  -.64827381E+03
 0.00000000E+00  -.65905304E+03
 0.00000000E+00  -.67012130E+03
 0.00000000E+00  -.68148924E+03
 0.00000000E+00  -.69316798E+03
 0.00000000E+00  -.70516913E+03
 0.00000000E+00  -.71750463E+03
 0.00000000E+00  -.73018730E+03
 0.00000000E+00  -.74322998E+03
 0.00000000E+00  -.75664639E+03
 0.00000000E+00  -.77045064E+03
 0.00000000E+00  -.78465723E+03
 0.00000000E+00  -.79928156E+03
 0.00000000E+00  -.81433896E+03
 0.00000000E+00  -.82984561E+03
 0.00000000E+00  -.84581815E+03
 0.00000000E+00  -.86227301E+03
 0.00000000E+00  -.87922732E+03
 0.00000000E+00  -.89669817E+03
 0.00000000E+00  -.91470271E+03
 0.00000000E+00  -.93325738E+03
 0.00000000E+00  -.95237833E+03
 0.00000000E+00  -.97208065E+03
 0.00000000E+00  -.99239103E+03
 0.00000000E+00  -.10132891E+04
 0.00000000E+00  -.10347994E+04
 0.00000000E+00  -.10569248E+04
 0.00000000E+00  -.10796623E+04
 0.00000000E+00  -.11030001E+04
 0.00000000E+00  -.11269152E+04
 0.00000000E+00  -.11513692E+04
 0.00000000E+00  -.11763026E+04
 0.00000000E+00  -.12016272E+04
 0.00000000E+00  -.12272158E+04
 0.00000000E+00  -.12528885E+04
 0.00000000E+00  -.12783923E+04
 0.00000000E+00  -.13033610E+04
 0.00000000E+00  -.13272748E+04
 0.00000000E+00  -.13493878E+04
 0.00000000E+00  -.13686056E+04
 0.00000000E+00  -.13832833E+04
 0.00000000E+00  -.13908657E+04
 0.00000000E+00  -.13871917E+04
 0.00000000E+00  -.13649976E+04
 0.00000000E+00  -.13101424E+04
 0.00000000E+00  -.11892841E+04
 0.00000000E+00  -.88141112E+03
 0.00000000E+00  -.59841934E+03
 0.00000000E+00  -.76088843E+03
 0.00000000E+00  -.89741884E+03
 0.00000000E+00  -.99839772E+03
 0.00000000E+00  -.10546319E+04
 0.00000000E+00  -.10585520E+04
 0.00000000E+00  -.10054358E+04
 0.00000000E+00  -.89425433E+03
 0.00000000E+00  -.72781706E+03
 0.00000000E+00  -.51215019E+03
 0.00000000E+00  -.25536133E+03
 0.00000000E+00  0.33586377E+02
 0.00000000E+00  0.34583440E+03
 0.00000000E+00  0.67317638E+03
 0.00000000E+00  0.10082371E+04
 0.00000000E+00  0.13444188E+04
 0.00000000E+00  0.16757586E+04
 0.00000000E+00  0.19968027E+04
 0.00000000E+00  0.23025507E+04
 0.00000000E+00  0.25884786E+04
 0.00000000E+00  0.28506047E+04
 0.00000000E+00  0.30855537E+04
 0.00000000E+00  0.32905786E+04
 0.00000000E+00  0.34635245E+04
 0.00000000E+00  0.36027485E+04
 0.00000000E+00  0.37070108E+04
 0.00000000E+00  0.37753655E+04
 0.00000000E+00  0.38070680E+04
 0.00000000E+00  0.38015150E+04
 0.00000000E+00  0.37582256E+04
 0.00000000E+00  0.36768713E+04
 0.00000000E+00  0.35573621E+04
 0.00000000E+00  0.33999929E+04
 0.00000000E+00  0.32056514E+04
 0.00000000E+00  0.29760738E+04
 0.00000000E+00  0.27141183E+04
 0.00000000E+00  0.24239929E+04
 0.00000000E+00  0.21113568E+04
 0.00000000E+00  0.17832057E+04
 0.00000000E+00  0.14474931E+04
 0.00000000E+00  0.11125248E+04
 0.00000000E+00  0.78624945E+03
 0.00000000E+00  0.47562433E+03
 0.00000000E+00  0.18620802E+03
 0.00000000E+00  -.77955531E+02
 0.00000000E+00  -.31418565E+03
 0.00000000E+00  -.52084241E+03
 0.00000000E+00  -.69693493E+03
 0.00000000E+00  -.84176051E+03
 0.00000000E+00  -.95465160E+03
 0.00000000E+00  -.10348662E+04
 0.00000000E+00  -.10816312E+04
 0.00000000E+00  -.10943012E+04
 0.00000000E+00  -.10725703E+04
 0.00000000E+00  -.10166654E+04
 0.00000000E+00  -.92747199E+03
 0.00000000E+00  -.80656981E+03
 0.00000000E+00  -.65618559E+03
 0.00000000E+00  -.47908316E+03
 0.00000000E+00  -.27841461E+03
 0.00000000E+00  -.57551412E+02
 0.00000000E+00  0.18008924E+03
 0.00000000E+00  0.43119957E+03
 0.00000000E+00  0.69270795E+03
 0.00000000E+00  0.96186032E+03
 0.00000000E+00  0.12362470E+04
 0.00000000E+00  0.15137816E+04
 0.00000000E+00  0.17926424E+04
 0.00000000E+00  0.20712007E+04
 0.00000000E+00  0.23479545E+04
 0.00000000E+00  0.26214852E+04
 0.00000000E+00  0.28904432E+04
 0.00000000E+00  0.31535589E+04
 0.00000000E+00  0.34096735E+04
 0.00000000E+00  0.36577796E+04
 0.00000000E+00  0.38970573E+04
 0.00000000E+00  0.41269012E+04
 0.00000000E+00  0.43469225E+04
 0.00000000E+00  0.45569180E+04
 0.00000000E+00  0.47567941E+04
 0.00000000E+00  0.49464451E+04
 0.00000000E+00  0.51255873E+04
 0.00000000E+00  0.52935758E+04
 0.00000000E+00  0.54492392E+04
 0.00000000E+00  0.55907891E+04
 0.00000000E+00  0.57158498E+04
 0.00000000E+00  0.58216332E+04
 0.00000000E+00  0.59052404E+04
 0.00000000E+00  0.59640281E+04
 0.00000000E+00  0.59959482E+04
 0.00000000E+00  0.59997873E+04
 0.00000000E+00  0.59752663E+04
 0.00000000E+00  0.59230027E+04
 0.00000000E+00  0.58443730E+04
 0.00000000E+00  0.57413241E+04
 0.00000000E+00  0.56161770E+04
 0.00000000E+00  0.54714538E+04
 0.00000000E+00  0.53097405E+04
 0.00000000E+00  0.51335871E+04
 0.00000000E+00  0.49454389E+04
 0.00000000E+00  0.47475962E+04
 0.00000000E+00  0.45421849E+04
 0.00000000E+00  0.43311406E+04
 0.00000000E+00  0.41161935E+04
 0.00000000E+00  0.38988584E+04
 0.00000000E+00  0.36804263E+04
 0.00000000E+00  0.34619600E+04
 0.00000000E+00  0.32442997E+04
 0.00000000E+00  0.30280745E+04
 0.00000000E+00  0.28137253E+04
 0.00000000E+00  0.26015376E+04
 0.00000000E+00  0.23916794E+04
 0.00000000E+00  0.21842464E+04
 0.00000000E+00  0.19793091E+04
 0.00000000E+00  0.17769578E+04
 0.00000000E+00  0.15773464E+04
 0.00000000E+00  0.13807280E+04
 0.00000000E+00  0.11874820E+04
 0.00000000E+00  0.99812818E+03
 0.00000000E+00  0.81332894E+03
 0.00000000E+00  0.63387653E+03
 0.00000000E+00  0.46067246E+03
 0.00000000E+00  0.29469745E+03
 0.00000000E+00  0.13697993E+03
 0.00000000E+00  -.11435229E+02
 0.00000000E+00  -.14951543E+03
 0.00000000E+00  -.27626505E+03
 0.00000000E+00  -.39074853E+03
 0.00000000E+00  -.49211294E+03
 0.00000000E+00  -.57961503E+03
 0.00000000E+00  -.65264910E+03
 0.00000000E+00  -.71078138E+03
 0.00000000E+00  -.75378386E+03
 0.00000000E+00  -.78166550E+03
 0.00000000E+00  -.79469319E+03
 0.00000000E+00  -.79339811E+03
 0.00000000E+00  -.77856233E+03
 0.00000000E+00  -.75118739E+03
 0.00000000E+00  -.71244599E+03
 0.00000000E+00  -.66362434E+03
 0.00000000E+00  -.60606308E+03
 0.00000000E+00  -.54110038E+03
 0.00000000E+00  -.47002687E+03
 0.00000000E+00  -.39404918E+03
 0.00000000E+00  -.31426787E+03
 0.00000000E+00  -.23166426E+03
 0.00000000E+00  -.14709638E+03
 0.00000000E+00  -.61302669E+02
 0.00000000E+00  0.25092358E+02
 0.00000000E+00  0.11156786E+03
 0.00000000E+00  0.19769615E+03
 0.00000000E+00  0.28313197E+03
 0.00000000E+00  0.36760116E+03
 0.00000000E+00  0.45089240E+03
 0.00000000E+00  0.53284736E+03
 0.00000000E+00  0.61335341E+03
 0.00000000E+00  0.69233759E+03
 0.00000000E+00  0.76976113E+03
 0.00000000E+00  0.84561489E+03
 0.00000000E+00  0.91991612E+03
 0.00000000E+00  0.99270542E+03
 0.00000000E+00  0.10640443E+04
 0.00000000E+00  0.11340121E+04
 0.00000000E+00  0.12027041E+04
 0.00000000E+00  0.12702274E+04
 0.00000000E+00  0.13366957E+04
 0.00000000E+00  0.14022224E+04
 0.00000000E+00  0.14669105E+04
 0.00000000E+00  0.15308383E+04
 0.00000000E+00  0.15940412E+04
 0.00000000E+00  0.16564905E+04
 0.00000000E+00  0.17180650E+04
 0.00000000E+00  0.17785235E+04
 0.00000000E+00  0.18374714E+04
 0.00000000E+00  0.18943296E+04
 0.00000000E+00  0.19483027E+04
 0.00000000E+00  0.19983485E+04
 0.00000000E+00  0.20431483E+04
 0.00000000E+00  0.20810719E+04
 0.00000000E+00  0.21101310E+04
 0.00000000E+00  0.21279003E+04
 0.00000000E+00  0.21313624E+04
 0.00000000E+00  0.21165840E+04
 0.00000000E+00  0.20779300E+04
 0.00000000E+00  0.20058861E+04
 0.00000000E+00  0.18785307E+04
 0.00000000E+00  0.22424113E+03
 0.00000000E+00  0.22221675E+03
 0.00000000E+00  0.22022091E+03
 0.00000000E+00  0.21825204E+03
 0.00000000E+00  0.21630942E+03
 0.00000000E+00  0.21439267E+03
 0.00000000E+00  0.21250134E+03
 0.00000000E+00  0.21063508E+03
 0.00000000E+00  0.20879320E+03
 0.00000000E+00  0.20697538E+03
 0.00000000E+00  0.20518131E+03
 0.00000000E+00  0.20341035E+03
 0.00000000E+00  0.20166231E+03
 0.00000000E+00  0.19993655E+03
 0.00000000E+00  0.19823293E+03
 0.00000000E+00  0.19655096E+03
 0.00000000E+00  0.19489011E+03
 0.00000000E+00  0.19325029E+03
 0.00000000E+00  0.19163087E+03
 0.00000000E+00  0.19003178E+03
 0.00000000E+00  0.18845240E+03
 0.00000000E+00  0.18689240E+03
 0.00000000E+00  0.18535172E+03
 0.00000000E+00  0.18382978E+03
 0.00000000E+00  0.18232652E+03
 0.00000000E+00  0.18084140E+03
 0.00000000E+00  0.17937432E+03
 0.00000000E+00  0.17792481E+03
 0.00000000E+00  0.17649276E+03
 0.00000000E+00  0.17507771E+03
 0.00000000E+00  0.17367954E+03
 0.00000000E+00  0.17229784E+03
 0.00000000E+00  0.17093248E+03
 0.00000000E+00  0.16958308E+03
 0.00000000E+00  0.16824949E+03
 0.00000000E+00  0.16693137E+03
 0.00000000E+00  0.16562855E+03
 0.00000000E+00  0.16434073E+03
 0.00000000E+00  0.16306773E+03
 0.00000000E+00  0.16180928E+03
Mw-Hw               
 0.00000000E+00  0.14669626E-02
 0.00000000E+00  0.39734796E-03
 0.00000000E+00  0.40462155E-03
 0.00000000E+00  0.49177553E-03
 0.00000000E+00  0.49918849E-03
 0.00000000E+00  0.59021067E-03
 0.00000000E+00  0.59929959E-03
 0.00000000E+00  0.69392436E-03
 0.00000000E+00  0.70476659E-03
 0.00000000E+00  0.80265803E-03
 0.00000000E+00  0.81531131E-03
 0.00000000E+00  0.91605417E-03
 0.00000000E+00  0.93055186E-03
 0.00000000E+00  0.10336436E-02
 0.00000000E+00  0.10499896E-02
 0.00000000E+00  0.11548320E-02
 0.00000000E+00  0.11729951E-02
 0.00000000E+00  0.12788863E-02
 0.00000000E+00  0.12987939E-02
 0.00000000E+00  0.14049200E-02
 0.00000000E+00  0.14264515E-02
 0.00000000E+00  0.14488722E-02
 0.00000000E+00  0.13876556E-02
 0.00000000E+00  0.14121469E-02
 0.00000000E+00  0.13520292E-02
 0.00000000E+00  0.12920503E-02
 0.00000000E+00  0.13198083E-02
 0.00000000E+00  0.12612733E-02
 0.00000000E+00  0.12911597E-02
 0.00000000E+00  0.12342591E-02
 0.00000000E+00  0.12663175E-02
 0.00000000E+00  0.12112285E-02
 0.00000000E+00  0.12455114E-02
 0.00000000E+00  0.12808098E-02
 0.00000000E+00  0.12289272E-02
 0.00000000E+00  0.12665941E-02
 0.00000000E+00  0.13053062E-02
 0.00000000E+00  0.13451005E-02
 0.00000000E+00  0.13859594E-02
 0.00000000E+00  0.13402956E-02
 0.00000000E+00  0.13836615E-02
 0.00000000E+00  0.14280556E-02
 0.00000000E+00  0.14734775E-02
 0.00000000E+00  0.15198869E-02
 0.00000000E+00  0.15672363E-02
 0.00000000E+00  0.16154704E-02
 0.00000000E+00  0.15801385E-02
 0.00000000E+00  0.16308835E-02
 0.00000000E+00  0.16824229E-02
 0.00000000E+00  0.17346646E-02
 0.00000000E+00  0.17875124E-02
 0.00000000E+00  0.17603490E-02
 0.00000000E+00  0.18154821E-02
 0.00000000E+00  0.18710534E-02
 0.00000000E+00  0.18488181E-02
 0.00000000E+00  0.19064486E-02
 0.00000000E+00  0.18874125E-02
 0.00000000E+00  0.18697534E-02
 0.00000000E+00  0.19311713E-02
 0.00000000E+00  0.19169210E-02
 0.00000000E+00  0.19041990E-02
 0.00000000E+00  0.18931397E-02
 0.00000000E+00  0.18838028E-02
 0.00000000E+00  0.19521916E-02
 0.00000000E+00  0.19463779E-02
 0.00000000E+00  0.19422870E-02
 0.00000000E+00  0.19400118E-02
 0.00000000E+00  0.19395769E-02
 0.00000000E+00  0.19409998E-02
 0.00000000E+00  0.19442910E-02
 0.00000000E+00  0.20214210E-02
 0.00000000E+00  0.20279774E-02
 0.00000000E+00  0.20362698E-02
 0.00000000E+00  0.20463432E-02
 0.00000000E+00  0.20581722E-02
 0.00000000E+00  0.20717237E-02
 0.00000000E+00  0.20869562E-02
 0.00000000E+00  0.21038188E-02
 0.00000000E+00  0.21222512E-02
 0.00000000E+00  0.21421823E-02
 0.00000000E+00  0.20998810E-02
 0.00000000E+00  0.21237314E-02
 0.00000000E+00  0.21489537E-02
 0.00000000E+00  0.21753653E-02
 0.00000000E+00  0.22028330E-02
 0.00000000E+00  0.21724764E-02
 0.00000000E+00  0.22032270E-02
 0.00000000E+00  0.22347163E-02
 0.00000000E+00  0.22110945E-02
 0.00000000E+00  0.22452417E-02
 0.00000000E+00  0.22258547E-02
 0.00000000E+00  0.22622202E-02
 0.00000000E+00  0.22469059E-02
 0.00000000E+00  0.22848315E-02
 0.00000000E+00  0.22732986E-02
 0.00000000E+00  0.23119465E-02
 0.00000000E+00  0.23037484E-02
 0.00000000E+00  0.23420619E-02
 0.00000000E+00  0.23365638E-02
 0.00000000E+00  0.23732210E-02
 0.00000000E+00  0.23695593E-02
 0.00000000E+00  0.23669175E-02
 0.00000000E+00  0.23998775E-02
 0.00000000E+00  0.23974721E-02
 0.00000000E+00  0.23953070E-02
 0.00000000E+00  0.24202185E-02
 0.00000000E+00  0.24158495E-02
 0.00000000E+00  0.24105414E-02
 0.00000000E+00  0.24215606E-02
 0.00000000E+00  0.24226813E-02
 0.00000000E+00  0.24063777E-02
 0.00000000E+00  0.23896494E-02
 0.00000000E+00  0.23521450E-02
 0.00000000E+00  0.22350338E-02
 0.00000000E+00  0.67195544E-03
 0.00000000E+00  0.40193069E-03
 0.00000000E+00  0.10934935E-03
 0.00000000E+00  -.63804648E-04
 0.00000000E+00  -.25169340E-03
 0.00000000E+00  -.45510497E-03
 0.00000000E+00  -.67463801E-03
 0.00000000E+00  -.76037682E-03
 0.00000000E+00  -.86132428E-03
 0.00000000E+00  -.97779985E-03
 0.00000000E+00  -.11099828E-02
 0.00000000E+00  -.12580554E-02
 0.00000000E+00  -.14221774E-02
 0.00000000E+00  -.14587420E-02
 0.00000000E+00  -.16552351E-02
 0.00000000E+00  -.17272974E-02
 0.00000000E+00  -.18179318E-02
 0.00000000E+00  -.19267712E-02
 0.00000000E+00  -.20532888E-02
 0.00000000E+00  -.21968654E-02
 0.00000000E+00  -.22299951E-02
 0.00000000E+00  -.24072774E-02
 0.00000000E+00  -.24781279E-02
 0.00000000E+00  -.25676336E-02
 0.00000000E+00  -.26741436E-02
 0.00000000E+00  -.26875224E-02
 0.00000000E+00  -.28254299E-02
 0.00000000E+00  -.28737957E-02
 0.00000000E+00  -.29376166E-02
 0.00000000E+00  -.31030404E-02
 0.00000000E+00  -.31813232E-02
 0.00000000E+00  -.32619648E-02
 0.00000000E+00  -.33387575E-02
 0.00000000E+00  -.34705154E-02
 0.00000000E+00  -.35665701E-02
 0.00000000E+00  -.36618947E-02
 0.00000000E+00  -.37412955E-02
 0.00000000E+00  -.72847991E-03
 0.00000000E+00  0.21956526E-03
 0.00000000E+00  0.10991749E-02
 0.00000000E+00  0.17398012E-02
 0.00000000E+00  0.23073457E-02
 0.00000000E+00  0.29476152E-02
 0.00000000E+00  0.32337466E-02
 0.00000000E+00  0.31263905E-02
 0.00000000E+00  0.30466531E-02
 0.00000000E+00  0.31167999E-02
 0.00000000E+00  0.34705152E-02
 0.00000000E+00  0.33602519E-02
 0.00000000E+00  0.17912405E-02
 0.00000000E+00  0.26784448E-03
 0.00000000E+00  -.54471549E-03
 0.00000000E+00  -.68599439E-03
 0.00000000E+00  -.71897660E-03
 0.00000000E+00  -.73766905E-03
 0.00000000E+00  -.75502044E-03
 0.00000000E+00  -.76464123E-03
 0.00000000E+00  -.77218087E-03
 0.00000000E+00  -.77186995E-03
 0.00000000E+00  -.76192004E-03
 0.00000000E+00  -.71690138E-03
 0.00000000E+00  0.10323607E+05
 0.00000000E+00  0.10353047E+05
 0.00000000E+00  0.10380518E+05
 0.00000000E+00  0.10404652E+05
 0.00000000E+00  0.10424110E+05
 0.00000000E+00  0.10437712E+05
 0.00000000E+00  0.10444589E+05
 0.00000000E+00  0.10444304E+05
 0.00000000E+00  0.10436905E+05
 0.00000000E+00  0.10422887E+05
 0.00000000E+00  0.10403057E+05
 0.00000000E+00  0.10378363E+05
 0.00000000E+00  0.10349731E+05
 0.00000000E+00  0.10317961E+05
 0.00000000E+00  0.10283690E+05
 0.00000000E+00  0.10247422E+05
 0.00000000E+00  0.10209584E+05
 0.00000000E+00  0.10170602E+05
 0.00000000E+00  0.10130967E+05
 0.00000000E+00  0.10091266E+05
 0.00000000E+00  0.10052175E+05
 0.00000000E+00  0.10014435E+05
 0.00000000E+00  0.99787970E+04
 0.00000000E+00  0.99459748E+04
 0.00000000E+00  0.99166064E+04
 0.00000000E+00  0.98912270E+04
 0.00000000E+00  0.98702552E+04
 0.00000000E+00  0.98539883E+04
 0.00000000E+00  0.98426018E+04
 0.00000000E+00  0.98361505E+04
 0.00000000E+00  0.98345691E+04
 0.00000000E+00  0.98376720E+04
 0.00000000E+00  0.98451531E+04
 0.00000000E+00  0.98565873E+04
 0.00000000E+00  0.98714386E+04
 0.00000000E+00  0.98890778E+04
 0.00000000E+00  0.99088155E+04
 0.00000000E+00  0.99299493E+04
 0.00000000E+00  0.99518219E+04
 0.00000000E+00  0.99738784E+04
 0.00000000E+00  0.99957077E+04
 0.00000000E+00  0.10017054E+05
 0.00000000E+00  0.10037798E+05
 0.00000000E+00  0.10057905E+05
 0.00000000E+00  0.10077374E+05
 0.00000000E+00  0.10096183E+05
 0.00000000E+00  0.10114259E+05
 0.00000000E+00  0.10131471E+05
 0.00000000E+00  0.10147656E+05
 0.00000000E+00  0.10162647E+05
 0.00000000E+00  0.10176330E+05
 0.00000000E+00  0.10188676E+05
 0.00000000E+00  0.10199762E+05
 0.00000000E+00  0.10209767E+05
 0.00000000E+00  0.10218942E+05
 0.00000000E+00  0.10227571E+05
 0.00000000E+00  0.10235925E+05
 0.00000000E+00  0.10244228E+05
 0.00000000E+00  0.10252636E+05
 0.00000000E+00  0.10261228E+05
 0.00000000E+00  0.10270013E+05
 0.00000000E+00  0.10278941E+05
 0.00000000E+00  0.10287932E+05
 0.00000000E+00  0.10296895E+05
 0.00000000E+00  0.10305754E+05
 0.00000000E+00  0.10314469E+05
 0.00000000E+00  0.10323045E+05
 0.00000000E+00  0.10331542E+05
 0.00000000E+00  0.10340066E+05
 0.00000000E+00  0.10348758E+05
 0.00000000E+00  0.10357780E+05
 0.00000000E+00  0.10367290E+05
 0.00000000E+00  0.10377426E+05
 0.00000000E+00  0.10388292E+05
 0.00000000E+00  0.10399938E+05
 0.00000000E+00  0.10412352E+05
 0.00000000E+00  0.10425458E+05
 0.00000000E+00  0.10439108E+05
 0.00000000E+00  0.10453091E+05
 0.00000000E+00  0.10467137E+05
 0.00000000E+00  0.10480934E+05
 0.00000000E+00  0.10494143E+05
 0.00000000E+00  0.10506429E+05
 0.00000000E+00  0.10517480E+05
 0.00000000E+00  0.10527044E+05
 0.00000000E+00  0.10534953E+05
 0.00000000E+00  0.10541147E+05
 0.00000000E+00  0.10545682E+05
 0.00000000E+00  0.10548729E+05
 0.00000000E+00  0.10550553E+05
 0.00000000E+00  0.10551484E+05
 0.00000000E+00  0.10551881E+05
 0.00000000E+00  0.10552098E+05
 0.00000000E+00  0.10552454E+05
 0.00000000E+00  0.10553212E+05
 0.00000000E+00  0.10554568E+05
 0.00000000E+00  0.10556644E+05
 0.00000000E+00  0.10559495E+05
 0.00000000E+00  0.10563114E+05
 0.00000000E+00  0.10567444E+05
 0.00000000E+00  0.10572398E+05
 0.00000000E+00  0.10577871E+05
 0.00000000E+00  0.10583757E+05
 0.00000000E+00  0.10589968E+05
 0.00000000E+00  0.10596444E+05
 0.00000000E+00  0.10603154E+05
 0.00000000E+00  0.10610104E+05
 0.00000000E+00  0.10617324E+05
 0.00000000E+00  0.10624863E+05
 0.00000000E+00  0.10632778E+05
 0.00000000E+00  0.10641119E+05
 0.00000000E+00  0.10649919E+05
 0.00000000E+00  0.10659191E+05
 0.00000000E+00  0.10668919E+05
 0.00000000E+00  0.10679064E+05
 0.00000000E+00  0.10689565E+05
 0.00000000E+00  0.10700348E+05
 0.00000000E+00  0.10711336E+05
 0.00000000E+00  0.10722454E+05
 0.00000000E+00  0.10733646E+05
 0.00000000E+00  0.10744869E+05
 0.00000000E+00  0.10756103E+05
 0.00000000E+00  0.10767346E+05
 0.00000000E+00  0.10778607E+05
 0.00000000E+00  0.10789900E+05
 0.00000000E+00  0.10801231E+05
 0.00000000E+00  0.10812596E+05
 0.00000000E+00  0.10823969E+05
 0.00000000E+00  0.10835306E+05
 0.00000000E+00  0.10846544E+05
 0.00000000E+00  0.10857609E+05
 0.00000000E+00  0.10868428E+05
 0.00000000E+00  0.10878940E+05
 0.00000000E+00  0.10889118E+05
 0.00000000E+00  0.10898975E+05
 0.00000000E+00  0.10908581E+05
 0.00000000E+00  0.10918065E+05
 0.00000000E+00  0.10927619E+05
 0.00000000E+00  0.10937486E+05
 0.00000000E+00  0.10947954E+05
 0.00000000E+00  0.10959342E+05
 0.00000000E+00  0.10971986E+05
 0.00000000E+00  0.10986225E+05
 0.00000000E+00  0.11002396E+05
 0.00000000E+00  0.11020818E+05
 0.00000000E+00  0.11041791E+05
 0.00000000E+00  0.11065594E+05
 0.00000000E+00  0.11092479E+05
 0.00000000E+00  0.11122672E+05
 0.00000000E+00  0.11156375E+05
 0.00000000E+00  0.11193765E+05
 0.00000000E+00  0.11234996E+05
 0.00000000E+00  0.11280197E+05
 0.00000000E+00  0.11329477E+05
 0.00000000E+00  0.11382920E+05
 0.00000000E+00  0.11440589E+05
 0.00000000E+00  0.11502523E+05
 0.00000000E+00  0.11568737E+05
 0.00000000E+00  0.11639220E+05
 0.00000000E+00  0.11713936E+05
 0.00000000E+00  0.11792819E+05
 0.00000000E+00  0.11875776E+05
 0.00000000E+00  0.11962689E+05
 0.00000000E+00  0.12053410E+05
 0.00000000E+00  0.12147776E+05
 0.00000000E+00  0.12245608E+05
 0.00000000E+00  0.12346723E+05
 0.00000000E+00  0.12450950E+05
 0.00000000E+00  0.12558146E+05
 0.00000000E+00  0.12668211E+05
 0.00000000E+00  0.12781112E+05
 0.00000000E+00  0.12896901E+05
 0.00000000E+00  0.13015736E+05
 0.00000000E+00  0.13137899E+05
 0.00000000E+00  0.13263820E+05
 0.00000000E+00  0.13394101E+05
 0.00000000E+00  0.13529545E+05
 0.00000000E+00  0.13671211E+05
 0.00000000E+00  0.13820486E+05
 0.00000000E+00  0.13979216E+05
 0.00000000E+00  0.14149925E+05
 0.00000000E+00  0.14336220E+05
 0.00000000E+00  0.14543597E+05
 0.00000000E+00  0.14781261E+05
 0.00000000E+00  0.15067140E+05
 0.00000000E+00  0.15447655E+05
 0.00000000E+00  0.27026433E-03
 0.00000000E+00  -.13174450E-02
 0.00000000E+00  -.12724024E-02
 0.00000000E+00  -.13214104E-02
 0.00000000E+00  -.12820066E-02
 0.00000000E+00  -.12437643E-02
 0.00000000E+00  -.12066524E-02
 0.00000000E+00  -.12604303E-02
 0.00000000E+00  -.12255900E-02
 0.00000000E+00  -.11918933E-02
 0.00000000E+00  -.12488553E-02
 0.00000000E+00  -.12173262E-02
 0.00000000E+00  -.12761082E-02
 0.00000000E+00  -.12467494E-02
 0.00000000E+00  -.13071783E-02
 0.00000000E+00  -.13679076E-02
 0.00000000E+00  -.13418258E-02
 0.00000000E+00  -.14038885E-02
 0.00000000E+00  -.13799120E-02
 0.00000000E+00  -.14430946E-02
 0.00000000E+00  -.14212134E-02
 0.00000000E+00  -.13135614E-02
 0.00000000E+00  -.12933166E-02
 0.00000000E+00  -.11859485E-02
 0.00000000E+00  -.11674895E-02
 0.00000000E+00  -.10612259E-02
 0.00000000E+00  -.10446243E-02
 0.00000000E+00  -.94017278E-03
 0.00000000E+00  -.92545816E-03
 0.00000000E+00  -.82342080E-03
 0.00000000E+00  -.81058718E-03
 0.00000000E+00  -.71146940E-03
 0.00000000E+00  -.70048103E-03
 0.00000000E+00  -.60469974E-03
 0.00000000E+00  -.59549636E-03
 0.00000000E+00  -.50338817E-03
 0.00000000E+00  -.49588974E-03
 0.00000000E+00  -.40771878E-03
 0.00000000E+00  -.40182972E-03
 0.00000000E+00  -.31779512E-03
