Mu-Hu               
 0.10000000E+06  0.85076640E+06
 0.99666667E+05  0.85074491E+06
 0.99333333E+05  0.85072334E+06
 0.99000000E+05  0.85070171E+06
 0.98666667E+05  0.85068001E+06
 0.98333333E+05  0.85065824E+06
 0.98000000E+05  0.85063639E+06
 0.97666667E+05  0.85061448E+06
 0.97333333E+05  0.85059249E+06
 0.97000000E+05  0.85057043E+06
 0.96666667E+05  0.85054830E+06
 0.96333333E+05  0.85052609E+06
 0.96000000E+05  0.85050381E+06
 0.95666667E+05  0.85048146E+06
 0.95333333E+05  0.85045904E+06
 0.95000000E+05  0.85043654E+06
 0.94666667E+05  0.85041396E+06
 0.94333333E+05  0.85039131E+06
 0.94000000E+05  0.85036859E+06
 0.93666667E+05  0.85034579E+06
 0.93333333E+05  0.85032291E+06
 0.93000000E+05  0.85029996E+06
 0.92666667E+05  0.85027694E+06
 0.92333333E+05  0.85025383E+06
 0.92000000E+05  0.85023065E+06
 0.91666667E+05  0.85020739E+06
 0.91333333E+05  0.85018405E+06
 0.91000000E+05  0.85016064E+06
 0.90666667E+05  0.85013715E+06
 0.90333333E+05  0.85011358E+06
 0.90000000E+05  0.85008993E+06
 0.89666667E+05  0.85006620E+06
 0.89333333E+05  0.85004239E+06
 0.89000000E+05  0.85001850E+06
 0.88666667E+05  0.84999453E+06
 0.88333333E+05  0.84997047E+06
 0.88000000E+05  0.84994634E+06
 0.87666667E+05  0.84992213E+06
 0.87333333E+05  0.84989783E+06
 0.87000000E+05  0.84987346E+06
 0.86666667E+05  0.84984900E+06
 0.86333333E+05  0.84982445E+06
 0.86000000E+05  0.84979983E+06
 0.85666667E+05  0.84977512E+06
 0.85333333E+05  0.84975032E+06
 0.85000000E+05  0.84972544E+06
 0.84666667E+05  0.84970048E+06
 0.84333333E+05  0.84967543E+06
 0.84000000E+05  0.84965030E+06
 0.83666667E+05  0.84962508E+06
 0.83333333E+05  0.84959977E+06
 0.83000000E+05  0.84957438E+06
 0.82666667E+05  0.84954890E+06
 0.82333333E+05  0.84952333E+06
 0.82000000E+05  0.84949767E+06
 0.81666667E+05  0.84947193E+06
 0.81333333E+05  0.84944610E+06
 0.81000000E+05  0.84942017E+06
 0.80666667E+05  0.84939416E+06
 0.80333333E+05  0.84936806E+06
 0.80000000E+05  0.84934187E+06
 0.79666667E+05  0.84931559E+06
 0.79333333E+05  0.84928922E+06
 0.79000000E+05  0.84926275E+06
 0.78666667E+05  0.84923619E+06
 0.78333333E+05  0.84920955E+06
 0.78000000E+05  0.84918280E+06
 0.77666667E+05  0.84915597E+06
 0.77333333E+05  0.84912904E+06
 0.77000000E+05  0.84910202E+06
 0.76666667E+05  0.84907490E+06
 0.76333333E+05  0.84904769E+06
 0.76000000E+05  0.84902038E+06
 0.75666667E+05  0.84899298E+06
 0.75333333E+05  0.84896548E+06
 0.75000000E+05  0.84893788E+06
 0.74666667E+05  0.84891019E+06
 0.74333333E+05  0.84888240E+06
 0.74000000E+05  0.84885451E+06
 0.73666667E+05  0.84882652E+06
 0.73333333E+05  0.84879843E+06
 0.73000000E+05  0.84877025E+06
 0.72666667E+05  0.84874196E+06
 0.72333333E+05  0.84871358E+06
 0.72000000E+05  0.84868509E+06
 0.71666667E+05  0.84865650E+06
 0.71333333E+05  0.84862781E+06
 0.71000000E+05  0.84859902E+06
 0.70666667E+05  0.84857012E+06
 0.70333333E+05  0.84854112E+06
 0.70000000E+05  0.84851202E+06
 0.69666667E+05  0.84848281E+06
 0.69333333E+05  0.84845350E+06
 0.69000000E+05  0.84842409E+06
 0.68666667E+05  0.84839456E+06
 0.68333333E+05  0.84836493E+06
 0.68000000E+05  0.84833520E+06
 0.67666667E+05  0.84830536E+06
 0.67333333E+05  0.84827541E+06
 0.67000000E+05  0.84824535E+06
 0.66666667E+05  0.84821518E+06
 0.66333333E+05  0.84818490E+06
 0.66000000E+05  0.84815451E+06
 0.65666667E+05  0.84812401E+06
 0.65333333E+05  0.84809341E+06
 0.65000000E+05  0.84806269E+06
 0.64666667E+05  0.84803185E+06
 0.64333333E+05  0.84800091E+06
 0.64000000E+05  0.84796985E+06
 0.63666667E+05  0.84793868E+06
 0.63333333E+05  0.84790739E+06
 0.63000000E+05  0.84787599E+06
 0.62666667E+05  0.84784447E+06
 0.62333333E+05  0.84781284E+06
 0.62000000E+05  0.84778109E+06
 0.61666667E+05  0.84774922E+06
 0.61333333E+05  0.84771723E+06
 0.61000000E+05  0.84768513E+06
 0.60666667E+05  0.84765291E+06
 0.60333333E+05  0.84762056E+06
 0.60000000E+05  0.84758810E+06
 0.59666667E+05  0.84755552E+06
 0.59333333E+05  0.84752281E+06
 0.59000000E+05  0.84748998E+06
 0.58666667E+05  0.84745703E+06
 0.58333333E+05  0.84742396E+06
 0.58000000E+05  0.84739076E+06
 0.57666667E+05  0.84735744E+06
 0.57333333E+05  0.84732399E+06
 0.57000000E+05  0.84729041E+06
 0.56666667E+05  0.84725671E+06
 0.56333333E+05  0.84722288E+06
 0.56000000E+05  0.84718892E+06
 0.55666667E+05  0.84715484E+06
 0.55333333E+05  0.84712062E+06
 0.55000000E+05  0.84708627E+06
 0.54666667E+05  0.84705180E+06
 0.54333333E+05  0.84701719E+06
 0.54000000E+05  0.84698245E+06
 0.53666667E+05  0.84694757E+06
 0.53333333E+05  0.84691256E+06
 0.53000000E+05  0.84687742E+06
 0.52666667E+05  0.84684214E+06
 0.52333333E+05  0.84680672E+06
 0.52000000E+05  0.84677117E+06
 0.51666667E+05  0.84673548E+06
 0.51333333E+05  0.84669965E+06
 0.51000000E+05  0.84666368E+06
 0.50666667E+05  0.84662757E+06
 0.50333333E+05  0.84659132E+06
 0.50000000E+05  0.84655493E+06
 0.49666667E+05  0.84651839E+06
 0.49333333E+05  0.84648171E+06
 0.49000000E+05  0.84644489E+06
 0.48666667E+05  0.84640792E+06
 0.48333333E+05  0.84637080E+06
 0.48000000E+05  0.84633353E+06
 0.47666667E+05  0.84629612E+06
 0.47333333E+05  0.84625856E+06
 0.47000000E+05  0.84622084E+06
 0.46666667E+05  0.84618298E+06
 0.46333333E+05  0.84614496E+06
 0.46000000E+05  0.84610678E+06
 0.45666667E+05  0.84606845E+06
 0.45333333E+05  0.84602997E+06
 0.45000000E+05  0.84599133E+06
 0.44666667E+05  0.84595253E+06
 0.44333333E+05  0.84591357E+06
 0.44000000E+05  0.84587444E+06
 0.43666667E+05  0.84583516E+06
 0.43333333E+05  0.84579571E+06
 0.43000000E+05  0.84575609E+06
 0.42666667E+05  0.84571631E+06
 0.42333333E+05  0.84567636E+06
 0.42000000E+05  0.84563624E+06
 0.41666667E+05  0.84559594E+06
 0.41333333E+05  0.84555547E+06
 0.41000000E+05  0.84551483E+06
 0.40666667E+05  0.84547400E+06
 0.40333333E+05  0.84543300E+06
 0.40000000E+05  0.84539182E+06
 0.39666667E+05  0.84535044E+06
 0.39333333E+05  0.84530889E+06
 0.39000000E+05  0.84526714E+06
 0.38666667E+05  0.84522519E+06
 0.38333333E+05  0.84518305E+06
 0.38000000E+05  0.84514071E+06
 0.37666667E+05  0.84509817E+06
 0.37333333E+05  0.84505542E+06
 0.37000000E+05  0.84501246E+06
 0.36666667E+05  0.84496927E+06
 0.36333333E+05  0.84492587E+06
 0.36000000E+05  0.84488224E+06
 0.35666667E+05  0.84483837E+06
 0.35333333E+05  0.84479426E+06
 0.35000000E+05  0.84474990E+06
 0.34666667E+05  0.84470528E+06
 0.34333333E+05  0.84466039E+06
 0.34000000E+05  0.84461522E+06
 0.33666667E+05  0.84456975E+06
 0.33333333E+05  0.84452398E+06
 0.33000000E+05  0.84447787E+06
 0.32666667E+05  0.84443142E+06
 0.32333333E+05  0.84438460E+06
 0.32000000E+05  0.84433738E+06
 0.31666667E+05  0.84428973E+06
 0.31333333E+05  0.84424161E+06
 0.31000000E+05  0.84419297E+06
 0.30666667E+05  0.84414377E+06
 0.30333333E+05  0.84409393E+06
 0.30000000E+05  0.84404338E+06
 0.29666667E+05  0.84399201E+06
 0.29333333E+05  0.84393970E+06
 0.29000000E+05  0.84388629E+06
 0.28666667E+05  0.84383158E+06
 0.28333333E+05  0.84377532E+06
 0.28000000E+05  0.84371718E+06
 0.27666667E+05  0.84365669E+06
 0.27333333E+05  0.84359327E+06
 0.27000000E+05  0.84352608E+06
 0.26666667E+05  0.84345394E+06
 0.26333333E+05  0.84337514E+06
 0.26000000E+05  0.84328715E+06
 0.25666667E+05  0.84318600E+06
 0.25333333E+05  0.84306528E+06
 0.25000000E+05  0.84291396E+06
 0.24666667E+05  0.84271165E+06
 0.24333333E+05  0.84241669E+06
 0.24000000E+05  0.84193010E+06
 0.23666667E+05  0.84094648E+06
 0.23333333E+05  0.83762049E+06
 0.23000000E+05  0.81951924E+06
 0.22666667E+05  0.81068192E+06
 0.22333333E+05  0.80469292E+06
 0.22000000E+05  0.79987828E+06
 0.21666667E+05  0.79573881E+06
 0.21333333E+05  0.79204636E+06
 0.21000000E+05  0.78867224E+06
 0.20666667E+05  0.78553024E+06
 0.20333333E+05  0.78254456E+06
 0.20000000E+05  0.77959078E+06
 0.19666667E+05  0.77586024E+06
 0.19333333E+05  0.14793424E+06
 0.19000000E+05  0.14539706E+06
 0.18666667E+05  0.14285398E+06
 0.18333333E+05  0.14030522E+06
 0.18000000E+05  0.13775077E+06
 0.17666667E+05  0.13519051E+06
 0.17333333E+05  0.13262434E+06
 0.17000000E+05  0.13005241E+06
 0.16666667E+05  0.12747524E+06
 0.16333333E+05  0.12489387E+06
 0.16000000E+05  0.12230990E+06
 0.15666667E+05  0.11972549E+06
 0.15333333E+05  0.11714323E+06
 0.15000000E+05  0.11456592E+06
 0.14666667E+05  0.11199637E+06
 0.14333333E+05  0.10943704E+06
 0.14000000E+05  0.10688985E+06
 0.13666667E+05  0.10435596E+06
 0.13333333E+05  0.10183568E+06
 0.13000000E+05  0.99328489E+05
 0.12666667E+05  0.96833095E+05
 0.12333333E+05  0.94347598E+05
 0.12000000E+05  0.91869676E+05
 0.11666667E+05  0.89396795E+05
 0.11333333E+05  0.86926415E+05
 0.11000000E+05  0.84456193E+05
 0.10666667E+05  0.81984158E+05
 0.10333333E+05  0.79508852E+05
 0.10000000E+05  0.77029421E+05
 0.96666667E+04  0.74545647E+05
 0.93333333E+04  0.72057910E+05
 0.90000000E+04  0.69567078E+05
 0.86666667E+04  0.67074333E+05
 0.83333333E+04  0.64580964E+05
 0.80000000E+04  0.62088136E+05
 0.76666667E+04  0.59596692E+05
 0.73333333E+04  0.57106995E+05
 0.70000000E+04  0.54618838E+05
 0.66666667E+04  0.52131424E+05
 0.63333333E+04  0.49643411E+05
 0.60000000E+04  0.47153012E+05
 0.56666667E+04  0.44658135E+05
 0.53333333E+04  0.42156547E+05
 0.50000000E+04  0.39646051E+05
 0.46666667E+04  0.37124661E+05
 0.43333333E+04  0.34590770E+05
 0.40000000E+04  0.32043285E+05
 0.36666667E+04  0.29481732E+05
 0.33333333E+04  0.26906301E+05
 0.30000000E+04  0.24317832E+05
 0.26666667E+04  0.21717742E+05
 0.23333333E+04  0.19107889E+05
 0.20000000E+04  0.16490390E+05
 0.16666667E+04  0.13867423E+05
 0.13333333E+04  0.11241021E+05
 0.10000000E+04  0.86128987E+04
 0.66666667E+03  0.59843150E+04
 0.33333333E+03  0.33559968E+04
 0.00000000E+00  0.72812197E+03
 -.33333333E+03  -.18996356E+04
 -.66666667E+03  -.45280065E+04
 -.10000000E+04  -.71579818E+04
 -.13333333E+04  -.97906388E+04
 -.16666667E+04  -.12426961E+05
 -.20000000E+04  -.15067666E+05
 -.23333333E+04  -.17713078E+05
 -.26666667E+04  -.20363057E+05
 -.30000000E+04  -.23017012E+05
 -.33333333E+04  -.25673999E+05
 -.36666667E+04  -.28332897E+05
 -.40000000E+04  -.30992625E+05
 -.43333333E+04  -.33652370E+05
 -.46666667E+04  -.36311762E+05
 -.50000000E+04  -.38970980E+05
 -.53333333E+04  -.41630754E+05
 -.56666667E+04  -.44292263E+05
 -.60000000E+04  -.46956946E+05
 -.63333333E+04  -.49626246E+05
 -.66666667E+04  -.52301316E+05
 -.70000000E+04  -.54982718E+05
 -.73333333E+04  -.57670181E+05
 -.76666667E+04  -.60362432E+05
 -.80000000E+04  -.63057178E+05
 -.83333333E+04  -.65751250E+05
 -.86666667E+04  -.68440916E+05
 -.90000000E+04  -.71122320E+05
 -.93333333E+04  -.73791963E+05
 -.96666667E+04  -.76447132E+05
 -.10000000E+05  -.79086203E+05
 -.10333333E+05  -.81708771E+05
 -.10666667E+05  -.84315610E+05
 -.11000000E+05  -.86908496E+05
 -.11333333E+05  -.89489932E+05
 -.11666667E+05  -.92062813E+05
 -.12000000E+05  -.94630070E+05
 -.12333333E+05  -.97194313E+05
 -.12666667E+05  -.99757497E+05
 -.13000000E+05  -.10232064E+06
 -.13333333E+05  -.10488363E+06
 -.13666667E+05  -.10744516E+06
 -.14000000E+05  -.11000281E+06
 -.14333333E+05  -.11255334E+06
 -.14666667E+05  -.11509308E+06
 -.15000000E+05  -.11761848E+06
 -.15333333E+05  -.12012653E+06
 -.15666667E+05  -.12261525E+06
 -.16000000E+05  -.12508387E+06
 -.16333333E+05  -.12753292E+06
 -.16666667E+05  -.12996419E+06
 -.17000000E+05  -.13238053E+06
 -.17333333E+05  -.13478560E+06
 -.17666667E+05  -.13718365E+06
 -.18000000E+05  -.13957916E+06
 -.18333333E+05  -.14197662E+06
 -.18666667E+05  -.14438020E+06
 -.19000000E+05  -.14679344E+06
 -.19333333E+05  -.14921897E+06
 -.19666667E+05  -.15165818E+06
 -.20000000E+05  -.15411101E+06
 -.20333333E+05  -.15657581E+06
 -.20666667E+05  -.15904940E+06
 -.21000000E+05  -.16152728E+06
 -.21333333E+05  -.16400413E+06
 -.21666667E+05  -.16647442E+06
 -.22000000E+05  -.16893307E+06
 -.22333333E+05  -.17137604E+06
 -.22666667E+05  -.17380070E+06
 -.23000000E+05  -.17620606E+06
 -.23333333E+05  -.17859272E+06
 -.23666667E+05  -.18096267E+06
 -.24000000E+05  -.18331904E+06
 -.24333333E+05  -.18566581E+06
 -.24666667E+05  -.18800745E+06
 -.25000000E+05  -.19034865E+06
 -.25333333E+05  -.19269399E+06
 -.25666667E+05  -.19504765E+06
 -.26000000E+05  -.19741308E+06
 -.26333333E+05  -.19979269E+06
 -.26666667E+05  -.20218758E+06
 -.27000000E+05  -.20459726E+06
 -.27333333E+05  -.20701957E+06
 -.27666667E+05  -.20945073E+06
 -.28000000E+05  -.21188560E+06
 -.28333333E+05  -.21431827E+06
 -.28666667E+05  -.21674261E+06
 -.29000000E+05  -.21915302E+06
 -.29333333E+05  -.22154501E+06
 -.29666667E+05  -.22391554E+06
 -.30000000E+05  -.22626323E+06
 -.30333333E+05  -.22858822E+06
 -.30666667E+05  -.23089204E+06
 -.31000000E+05  -.23317729E+06
 -.31333333E+05  -.23544735E+06
 -.31666667E+05  -.23770606E+06
 -.32000000E+05  -.23995746E+06
 -.32333333E+05  -.24220554E+06
 -.32666667E+05  -.24445399E+06
 -.33000000E+05  -.24670602E+06
 -.33333333E+05  -.24896409E+06
 -.33666667E+05  -.25122979E+06
 -.34000000E+05  -.25350363E+06
 -.34333333E+05  -.25578497E+06
 -.34666667E+05  -.25807200E+06
 -.35000000E+05  -.26036184E+06
 -.35333333E+05  -.26265080E+06
 -.35666667E+05  -.26493471E+06
 -.36000000E+05  -.26720934E+06
 -.36333333E+05  -.26947082E+06
 -.36666667E+05  -.27171597E+06
 -.37000000E+05  -.27394260E+06
 -.37333333E+05  -.27614956E+06
 -.37666667E+05  -.27833676E+06
 -.38000000E+05  -.28050508E+06
 -.38333333E+05  -.28265618E+06
 -.38666667E+05  -.28479237E+06
 -.39000000E+05  -.28691637E+06
 -.39333333E+05  -.28903121E+06
 -.39666667E+05  -.29113998E+06
 -.40000000E+05  -.29324577E+06
 -.40333333E+05  -.29535149E+06
 -.40666667E+05  -.29745974E+06
 -.41000000E+05  -.29957270E+06
 -.41333333E+05  -.30169199E+06
 -.41666667E+05  -.30381860E+06
 -.42000000E+05  -.30595276E+06
 -.42333333E+05  -.30809393E+06
 -.42666667E+05  -.31024078E+06
 -.43000000E+05  -.31239131E+06
 -.43333333E+05  -.31454297E+06
 -.43666667E+05  -.31669285E+06
 -.44000000E+05  -.31883800E+06
 -.44333333E+05  -.32097563E+06
 -.44666667E+05  -.32310335E+06
 -.45000000E+05  -.32521936E+06
 -.45333333E+05  -.32732256E+06
 -.45666667E+05  -.32941253E+06
 -.46000000E+05  -.33148955E+06
 -.46333333E+05  -.33355450E+06
 -.46666667E+05  -.33560873E+06
 -.47000000E+05  -.33765396E+06
 -.47333333E+05  -.33969216E+06
 -.47666667E+05  -.34172536E+06
 -.48000000E+05  -.34375562E+06
 -.48333333E+05  -.34578483E+06
 -.48666667E+05  -.34781465E+06
 -.49000000E+05  -.34984639E+06
 -.49333333E+05  -.35188092E+06
 -.49666667E+05  -.35391862E+06
 -.50000000E+05  -.35595932E+06
 -.50333333E+05  -.35800229E+06
 -.50666667E+05  -.36004626E+06
 -.51000000E+05  -.36208952E+06
 -.51333333E+05  -.36413001E+06
 -.51666667E+05  -.36616547E+06
 -.52000000E+05  -.36819364E+06
 -.52333333E+05  -.37021239E+06
 -.52666667E+05  -.37221988E+06
 -.53000000E+05  -.37421471E+06
 -.53333333E+05  -.37619596E+06
 -.53666667E+05  -.37816320E+06
 -.54000000E+05  -.38011654E+06
 -.54333333E+05  -.38205654E+06
 -.54666667E+05  -.38398414E+06
 -.55000000E+05  -.38590062E+06
 -.55333333E+05  -.38780745E+06
 -.55666667E+05  -.38970627E+06
 -.56000000E+05  -.39159876E+06
 -.56333333E+05  -.39348659E+06
 -.56666667E+05  -.39537131E+06
 -.57000000E+05  -.39725431E+06
 -.57333333E+05  -.39913674E+06
 -.57666667E+05  -.40101944E+06
 -.58000000E+05  -.40290291E+06
 -.58333333E+05  -.40478728E+06
 -.58666667E+05  -.40667224E+06
 -.59000000E+05  -.40855711E+06
 -.59333333E+05  -.41044079E+06
 -.59666667E+05  -.41232189E+06
 -.60000000E+05  -.41419875E+06
 -.60333333E+05  -.41606954E+06
 -.60666667E+05  -.41793240E+06
 -.61000000E+05  -.41978553E+06
 -.61333333E+05  -.42162731E+06
 -.61666667E+05  -.42345635E+06
 -.62000000E+05  -.42527161E+06
 -.62333333E+05  -.42707239E+06
 -.62666667E+05  -.42885837E+06
 -.63000000E+05  -.43062958E+06
 -.63333333E+05  -.43238641E+06
 -.63666667E+05  -.43412953E+06
 -.64000000E+05  -.43585987E+06
 -.64333333E+05  -.43757856E+06
 -.64666667E+05  -.43928690E+06
 -.65000000E+05  -.44098629E+06
 -.65333333E+05  -.44267821E+06
 -.65666667E+05  -.44436413E+06
 -.66000000E+05  -.44604555E+06
 -.66333333E+05  -.44772385E+06
 -.66666667E+05  -.44940035E+06
 -.67000000E+05  -.45107620E+06
 -.67333333E+05  -.45275239E+06
 -.67666667E+05  -.45442966E+06
 -.68000000E+05  -.45610851E+06
 -.68333333E+05  -.45778913E+06
 -.68666667E+05  -.45947140E+06
 -.69000000E+05  -.46115487E+06
 -.69333333E+05  -.46283878E+06
 -.69666667E+05  -.46452205E+06
 -.70000000E+05  -.46620336E+06
 -.70333333E+05  -.46788117E+06
 -.70666667E+05  -.46955384E+06
 -.71000000E+05  -.47121971E+06
 -.71333333E+05  -.47287716E+06
 -.71666667E+05  -.47452471E+06
 -.72000000E+05  -.47616112E+06
 -.72333333E+05  -.47778537E+06
 -.72666667E+05  -.47939679E+06
 -.73000000E+05  -.48099496E+06
 -.73333333E+05  -.48257980E+06
 -.73666667E+05  -.48415148E+06
 -.74000000E+05  -.48571044E+06
 -.74333333E+05  -.48725730E+06
 -.74666667E+05  -.48879288E+06
 -.75000000E+05  -.49031811E+06
 -.75333333E+05  -.49183402E+06
 -.75666667E+05  -.49334170E+06
 -.76000000E+05  -.49484227E+06
 -.76333333E+05  -.49633683E+06
 -.76666667E+05  -.49782647E+06
 -.77000000E+05  -.49931223E+06
 -.77333333E+05  -.50079504E+06
 -.77666667E+05  -.50227575E+06
 -.78000000E+05  -.50375511E+06
 -.78333333E+05  -.50523371E+06
 -.78666667E+05  -.50671199E+06
 -.79000000E+05  -.50819024E+06
 -.79333333E+05  -.50966857E+06
 -.79666667E+05  -.51114690E+06
 -.80000000E+05  -.51262500E+06
 -.80333333E+05  -.51410245E+06
 -.80666667E+05  -.51557868E+06
 -.81000000E+05  -.51705302E+06
 -.81333333E+05  -.51852465E+06
 -.81666667E+05  -.51999273E+06
 -.82000000E+05  -.52145637E+06
 -.82333333E+05  -.52291469E+06
 -.82666667E+05  -.52436687E+06
 -.83000000E+05  -.52581217E+06
 -.83333333E+05  -.52724997E+06
 -.83666667E+05  -.52867978E+06
 -.84000000E+05  -.53010126E+06
 -.84333333E+05  -.53151425E+06
 -.84666667E+05  -.53291874E+06
 -.85000000E+05  -.53431486E+06
 -.85333333E+05  -.53570293E+06
 -.85666667E+05  -.53708339E+06
 -.86000000E+05  -.53845678E+06
 -.86333333E+05  -.53982381E+06
 -.86666667E+05  -.54118522E+06
 -.87000000E+05  -.54254189E+06
 -.87333333E+05  -.54389473E+06
 -.87666667E+05  -.54524472E+06
 -.88000000E+05  -.54659290E+06
 -.88333333E+05  -.54794031E+06
 -.88666667E+05  -.54928803E+06
 -.89000000E+05  -.55063716E+06
 -.89333333E+05  -.55198879E+06
 -.89666667E+05  -.55334401E+06
 -.90000000E+05  -.55470387E+06
 -.90333333E+05  -.55606940E+06
 -.90666667E+05  -.55744160E+06
 -.91000000E+05  -.55882137E+06
 -.91333333E+05  -.56020955E+06
 -.91666667E+05  -.56160688E+06
 -.92000000E+05  -.56301398E+06
 -.92333333E+05  -.56443131E+06
 -.92666667E+05  -.56585920E+06
 -.93000000E+05  -.56729778E+06
 -.93333333E+05  -.56874698E+06
 -.93666667E+05  -.57020652E+06
 -.94000000E+05  -.57167594E+06
 -.94333333E+05  -.57315453E+06
 -.94666667E+05  -.57464143E+06
 -.95000000E+05  -.57613560E+06
 -.95333333E+05  -.57763587E+06
 -.95666667E+05  -.57914100E+06
 -.96000000E+05  -.58064972E+06
 -.96333333E+05  -.58216078E+06
 -.96666667E+05  -.58367301E+06
 -.97000000E+05  -.58518536E+06
 -.97333333E+05  -.58669693E+06
 -.97666667E+05  -.58820702E+06
 -.98000000E+05  -.58971511E+06
 -.98333333E+05  -.59122092E+06
 -.98666667E+05  -.59272436E+06
 -.99000000E+05  -.59422554E+06
 -.99333333E+05  -.59572475E+06
 -.99666667E+05  -.59722246E+06
 -.10000000E+06  -.59871927E+06
 -.10000000E+06  -.59871927E+06
 -.10100000E+06  -.60321204E+06
 -.10200000E+06  -.60772751E+06
 -.10300000E+06  -.61229220E+06
 -.10400000E+06  -.61693080E+06
 -.10500000E+06  -.62166271E+06
 -.10600000E+06  -.62650079E+06
 -.10700000E+06  -.63145413E+06
 -.10800000E+06  -.63653620E+06
 -.10900000E+06  -.64177763E+06
 -.11000000E+06  -.64724267E+06
 -.11100000E+06  -.65305328E+06
 -.11200000E+06  -.65944098E+06
 -.11300000E+06  -.66692214E+06
 -.11400000E+06  -.67761571E+06
 -.11500000E+06  -.85166536E+06
 -.11600000E+06  -.85172086E+06
 -.11700000E+06  -.85177584E+06
 -.11800000E+06  -.85183031E+06
 -.11900000E+06  -.85188428E+06
 -.12000000E+06  -.85193775E+06
 -.12100000E+06  -.85199073E+06
 -.12200000E+06  -.85204322E+06
 -.12300000E+06  -.85209522E+06
 -.12400000E+06  -.85214675E+06
 -.12500000E+06  -.85219782E+06
 -.12600000E+06  -.85224841E+06
 -.12700000E+06  -.85229855E+06
 -.12800000E+06  -.85234823E+06
 -.12900000E+06  -.85239747E+06
 -.13000000E+06  -.85244626E+06
 -.13100000E+06  -.85249461E+06
 -.13200000E+06  -.85254253E+06
 -.13300000E+06  -.85259002E+06
 -.13400000E+06  -.85263709E+06
 -.13500000E+06  -.85268374E+06
 -.13600000E+06  -.85272997E+06
 -.13700000E+06  -.85277579E+06
 -.13800000E+06  -.85282121E+06
 -.13900000E+06  -.85286623E+06
 -.14000000E+06  -.85291085E+06
 -.14100000E+06  -.85295508E+06
 -.14200000E+06  -.85299892E+06
 -.14300000E+06  -.85304238E+06
 -.14400000E+06  -.85308547E+06
 -.14500000E+06  -.85312817E+06
 -.14600000E+06  -.85317051E+06
 -.14700000E+06  -.85321248E+06
 -.14800000E+06  -.85325409E+06
 -.14900000E+06  -.85329534E+06
 -.15000000E+06  -.85333623E+06
Mv-Hv               
 0.00000000E+00  0.21757969E+03
 0.00000000E+00  0.21859846E+03
 0.00000000E+00  0.21962793E+03
 0.00000000E+00  0.22066456E+03
 0.00000000E+00  0.22170858E+03
 0.00000000E+00  0.22275988E+03
 0.00000000E+00  0.22381873E+03
 0.00000000E+00  0.22488500E+03
 0.00000000E+00  0.22595897E+03
 0.00000000E+00  0.22704051E+03
 0.00000000E+00  0.22812990E+03
 0.00000000E+00  0.22922701E+03
 0.00000000E+00  0.23033213E+03
 0.00000000E+00  0.23144513E+03
 0.00000000E+00  0.23256630E+03
 0.00000000E+00  0.23369550E+03
 0.00000000E+00  0.23483306E+03
 0.00000000E+00  0.23597879E+03
 0.00000000E+00  0.23713306E+03
 0.00000000E+00  0.23829567E+03
 0.00000000E+00  0.23946699E+03
 0.00000000E+00  0.24064683E+03
 0.00000000E+00  0.24183556E+03
 0.00000000E+00  0.24303298E+03
 0.00000000E+00  0.24423947E+03
 0.00000000E+00  0.24545484E+03
 0.00000000E+00  0.24667933E+03
 0.00000000E+00  0.24791318E+03
 0.00000000E+00  0.24915619E+03
 0.00000000E+00  0.25040876E+03
 0.00000000E+00  0.25167068E+03
 0.00000000E+00  0.25294221E+03
 0.00000000E+00  0.25422344E+03
 0.00000000E+00  0.25551466E+03
 0.00000000E+00  0.25681563E+03
 0.00000000E+00  0.25812663E+03
 0.00000000E+00  0.25944776E+03
 0.00000000E+00  0.26077913E+03
 0.00000000E+00  0.26212087E+03
 0.00000000E+00  0.26347307E+03
 0.00000000E+00  0.26483585E+03
 0.00000000E+00  0.26620934E+03
 0.00000000E+00  0.26759364E+03
 0.00000000E+00  0.26898888E+03
 0.00000000E+00  0.27039517E+03
 0.00000000E+00  0.27181265E+03
 0.00000000E+00  0.27324143E+03
 0.00000000E+00  0.27468165E+03
 0.00000000E+00  0.27613343E+03
 0.00000000E+00  0.27759690E+03
 0.00000000E+00  0.27907219E+03
 0.00000000E+00  0.28055944E+03
 0.00000000E+00  0.28205895E+03
 0.00000000E+00  0.28357053E+03
 0.00000000E+00  0.28509448E+03
 0.00000000E+00  0.28663095E+03
 0.00000000E+00  0.28818007E+03
 0.00000000E+00  0.28974201E+03
 0.00000000E+00  0.29131689E+03
 0.00000000E+00  0.29290489E+03
 0.00000000E+00  0.29450615E+03
 0.00000000E+00  0.29612082E+03
 0.00000000E+00  0.29774906E+03
 0.00000000E+00  0.29939104E+03
 0.00000000E+00  0.30104692E+03
 0.00000000E+00  0.30271686E+03
 0.00000000E+00  0.30440103E+03
 0.00000000E+00  0.30609960E+03
 0.00000000E+00  0.30781292E+03
 0.00000000E+00  0.30954082E+03
 0.00000000E+00  0.31128365E+03
 0.00000000E+00  0.31304159E+03
 0.00000000E+00  0.31481483E+03
 0.00000000E+00  0.31660355E+03
 0.00000000E+00  0.31840795E+03
 0.00000000E+00  0.32022821E+03
 0.00000000E+00  0.32206454E+03
 0.00000000E+00  0.32391712E+03
 0.00000000E+00  0.32578600E+03
 0.00000000E+00  0.32767173E+03
 0.00000000E+00  0.32957433E+03
 0.00000000E+00  0.33149403E+03
 0.00000000E+00  0.33343104E+03
 0.00000000E+00  0.33538558E+03
 0.00000000E+00  0.33735786E+03
 0.00000000E+00  0.33934813E+03
 0.00000000E+00  0.34135661E+03
 0.00000000E+00  0.34338353E+03
 0.00000000E+00  0.34542913E+03
 0.00000000E+00  0.34749347E+03
 0.00000000E+00  0.34957716E+03
 0.00000000E+00  0.35168027E+03
 0.00000000E+00  0.35380305E+03
 0.00000000E+00  0.35594576E+03
 0.00000000E+00  0.35810867E+03
 0.00000000E+00  0.36029203E+03
 0.00000000E+00  0.36249613E+03
 0.00000000E+00  0.36472123E+03
 0.00000000E+00  0.36696762E+03
 0.00000000E+00  0.36923558E+03
 0.00000000E+00  0.37152541E+03
 0.00000000E+00  0.37383739E+03
 0.00000000E+00  0.37617182E+03
 0.00000000E+00  0.37852902E+03
 0.00000000E+00  0.38090929E+03
 0.00000000E+00  0.38331294E+03
 0.00000000E+00  0.38574030E+03
 0.00000000E+00  0.38819169E+03
 0.00000000E+00  0.39066744E+03
 0.00000000E+00  0.39316806E+03
 0.00000000E+00  0.39569355E+03
 0.00000000E+00  0.39824459E+03
 0.00000000E+00  0.40082121E+03
 0.00000000E+00  0.40342409E+03
 0.00000000E+00  0.40605708E+03
 0.00000000E+00  0.40871301E+03
 0.00000000E+00  0.41139609E+03
 0.00000000E+00  0.41410675E+03
 0.00000000E+00  0.41684537E+03
 0.00000000E+00  0.41961241E+03
 0.00000000E+00  0.42240824E+03
 0.00000000E+00  0.42523326E+03
 0.00000000E+00  0.42808792E+03
 0.00000000E+00  0.43097263E+03
 0.00000000E+00  0.43388780E+03
 0.00000000E+00  0.43683391E+03
 0.00000000E+00  0.43981139E+03
 0.00000000E+00  0.44282068E+03
 0.00000000E+00  0.44586225E+03
 0.00000000E+00  0.44893653E+03
 0.00000000E+00  0.45204406E+03
 0.00000000E+00  0.45518530E+03
 0.00000000E+00  0.45836073E+03
 0.00000000E+00  0.46157084E+03
 0.00000000E+00  0.46481615E+03
 0.00000000E+00  0.46809716E+03
 0.00000000E+00  0.47141445E+03
 0.00000000E+00  0.47476844E+03
 0.00000000E+00  0.47815971E+03
 0.00000000E+00  0.48158880E+03
 0.00000000E+00  0.48505626E+03
 0.00000000E+00  0.48856272E+03
 0.00000000E+00  0.49210861E+03
 0.00000000E+00  0.49569455E+03
 0.00000000E+00  0.49932120E+03
 0.00000000E+00  0.50298900E+03
 0.00000000E+00  0.50669860E+03
 0.00000000E+00  0.51045068E+03
 0.00000000E+00  0.51424568E+03
 0.00000000E+00  0.51808437E+03
 0.00000000E+00  0.52196727E+03
 0.00000000E+00  0.52589491E+03
 0.00000000E+00  0.52986807E+03
 0.00000000E+00  0.53388730E+03
 0.00000000E+00  0.53795312E+03
 0.00000000E+00  0.54206632E+03
 0.00000000E+00  0.54622745E+03
 0.00000000E+00  0.55043703E+03
 0.00000000E+00  0.55469586E+03
 0.00000000E+00  0.55900447E+03
 0.00000000E+00  0.56336345E+03
 0.00000000E+00  0.56777342E+03
 0.00000000E+00  0.57223485E+03
 0.00000000E+00  0.57674854E+03
 0.00000000E+00  0.58131495E+03
 0.00000000E+00  0.58593462E+03
 0.00000000E+00  0.59060797E+03
 0.00000000E+00  0.59533574E+03
 0.00000000E+00  0.60011817E+03
 0.00000000E+00  0.60495582E+03
 0.00000000E+00  0.60984911E+03
 0.00000000E+00  0.61479839E+03
 0.00000000E+00  0.61980388E+03
 0.00000000E+00  0.62486595E+03
 0.00000000E+00  0.62998455E+03
 0.00000000E+00  0.63515949E+03
 0.00000000E+00  0.64038989E+03
 0.00000000E+00  0.64567857E+03
 0.00000000E+00  0.65102180E+03
 0.00000000E+00  0.65642621E+03
 0.00000000E+00  0.66188670E+03
 0.00000000E+00  0.66740280E+03
 0.00000000E+00  0.67297368E+03
 0.00000000E+00  0.67859842E+03
 0.00000000E+00  0.68427593E+03
 0.00000000E+00  0.69000476E+03
 0.00000000E+00  0.69578324E+03
 0.00000000E+00  0.70160938E+03
 0.00000000E+00  0.70748083E+03
 0.00000000E+00  0.71339481E+03
 0.00000000E+00  0.71934807E+03
 0.00000000E+00  0.72533686E+03
 0.00000000E+00  0.73135677E+03
 0.00000000E+00  0.73740268E+03
 0.00000000E+00  0.74346878E+03
 0.00000000E+00  0.74954825E+03
 0.00000000E+00  0.75563328E+03
 0.00000000E+00  0.76171555E+03
 0.00000000E+00  0.76778866E+03
 0.00000000E+00  0.77382207E+03
 0.00000000E+00  0.77981762E+03
 0.00000000E+00  0.78575767E+03
 0.00000000E+00  0.79162274E+03
 0.00000000E+00  0.79739012E+03
 0.00000000E+00  0.80303382E+03
 0.00000000E+00  0.80852351E+03
 0.00000000E+00  0.81382369E+03
 0.00000000E+00  0.81889264E+03
 0.00000000E+00  0.82368112E+03
 0.00000000E+00  0.82813048E+03
 0.00000000E+00  0.83217085E+03
 0.00000000E+00  0.83571836E+03
 0.00000000E+00  0.83867166E+03
 0.00000000E+00  0.84090749E+03
 0.00000000E+00  0.84227465E+03
 0.00000000E+00  0.84258606E+03
 0.00000000E+00  0.84160796E+03
 0.00000000E+00  0.83904481E+03
 0.00000000E+00  0.83451811E+03
 0.00000000E+00  0.82753581E+03
 0.00000000E+00  0.81744728E+03
 0.00000000E+00  0.80337469E+03
 0.00000000E+00  0.78410541E+03
 0.00000000E+00  0.75791637E+03
 0.00000000E+00  0.72227320E+03
 0.00000000E+00  0.67328373E+03
 0.00000000E+00  0.60462576E+03
 0.00000000E+00  0.50521006E+03
 0.00000000E+00  0.35322444E+03
 0.00000000E+00  0.96294451E+02
 0.00000000E+00  -.47276709E+03
 0.00000000E+00  -.15016157E+04
 0.00000000E+00  -.17822374E+04
 0.00000000E+00  -.20033795E+04
 0.00000000E+00  -.22130897E+04
 0.00000000E+00  -.24223892E+04
 0.00000000E+00  -.26366498E+04
 0.00000000E+00  -.28603944E+04
 0.00000000E+00  -.30994461E+04
 0.00000000E+00  -.33640000E+04
 0.00000000E+00  -.36772758E+04
 0.00000000E+00  -.41159672E+04
 0.00000000E+00  0.42380924E+03
 0.00000000E+00  0.27190344E+03
 0.00000000E+00  0.12245275E+03
 0.00000000E+00  -.22816428E+02
 0.00000000E+00  -.16195225E+03
 0.00000000E+00  -.29285688E+03
 0.00000000E+00  -.41336515E+03
 0.00000000E+00  -.52133806E+03
 0.00000000E+00  -.61477358E+03
 0.00000000E+00  -.69192511E+03
 0.00000000E+00  -.75141666E+03
 0.00000000E+00  -.79234083E+03
 0.00000000E+00  -.81432208E+03
 0.00000000E+00  -.81753378E+03
 0.00000000E+00  -.80265997E+03
 0.00000000E+00  -.77080919E+03
 0.00000000E+00  -.72339230E+03
 0.00000000E+00  -.66198827E+03
 0.00000000E+00  -.58821751E+03
 0.00000000E+00  -.50364106E+03
 0.00000000E+00  -.40969431E+03
 0.00000000E+00  -.30765723E+03
 0.00000000E+00  -.19865818E+03
 0.00000000E+00  -.83702568E+02
 0.00000000E+00  0.36279675E+02
 0.00000000E+00  0.16037970E+03
 0.00000000E+00  0.28765325E+03
 0.00000000E+00  0.41707126E+03
 0.00000000E+00  0.54748475E+03
 0.00000000E+00  0.67760858E+03
 0.00000000E+00  0.80602703E+03
 0.00000000E+00  0.93122160E+03
 0.00000000E+00  0.10516153E+04
 0.00000000E+00  0.11656273E+04
 0.00000000E+00  0.12717264E+04
 0.00000000E+00  0.13684745E+04
 0.00000000E+00  0.14545524E+04
 0.00000000E+00  0.15287648E+04
 0.00000000E+00  0.15900246E+04
 0.00000000E+00  0.16373234E+04
 0.00000000E+00  0.16696911E+04
 0.00000000E+00  0.16861561E+04
 0.00000000E+00  0.16857113E+04
 0.00000000E+00  0.16672942E+04
 0.00000000E+00  0.16297862E+04
 0.00000000E+00  0.15720399E+04
 0.00000000E+00  0.14929355E+04
 0.00000000E+00  0.13914700E+04
 0.00000000E+00  0.12668735E+04
 0.00000000E+00  0.11187430E+04
 0.00000000E+00  0.94718085E+03
 0.00000000E+00  0.75291769E+03
 0.00000000E+00  0.53740118E+03
 0.00000000E+00  0.30283327E+03
 0.00000000E+00  0.52146558E+02
 0.00000000E+00  -.21107906E+03
 0.00000000E+00  -.48275176E+03
 0.00000000E+00  -.75843591E+03
 0.00000000E+00  -.10335373E+04
 0.00000000E+00  -.13034851E+04
 0.00000000E+00  -.15639010E+04
 0.00000000E+00  -.18107484E+04
 0.00000000E+00  -.20404610E+04
 0.00000000E+00  -.22500468E+04
 0.00000000E+00  -.24371737E+04
 0.00000000E+00  -.26002289E+04
 0.00000000E+00  -.27383456E+04
 0.00000000E+00  -.28513885E+04
 0.00000000E+00  -.29398895E+04
 0.00000000E+00  -.30049327E+04
 0.00000000E+00  -.30479972E+04
 0.00000000E+00  -.30707774E+04
 0.00000000E+00  -.30750038E+04
 0.00000000E+00  -.30622911E+04
 0.00000000E+00  -.30340319E+04
 0.00000000E+00  -.29913474E+04
 0.00000000E+00  -.29350949E+04
 0.00000000E+00  -.28659251E+04
 0.00000000E+00  -.27843780E+04
 0.00000000E+00  -.26910011E+04
 0.00000000E+00  -.25864672E+04
 0.00000000E+00  -.24716726E+04
 0.00000000E+00  -.23477889E+04
 0.00000000E+00  -.22162573E+04
 0.00000000E+00  -.20787138E+04
 0.00000000E+00  -.19368595E+04
 0.00000000E+00  -.17923007E+04
 0.00000000E+00  -.16463933E+04
 0.00000000E+00  -.15001235E+04
 0.00000000E+00  -.13540445E+04
 0.00000000E+00  -.12082740E+04
 0.00000000E+00  -.10625453E+04
 0.00000000E+00  -.91629633E+03
 0.00000000E+00  -.76878530E+03
 0.00000000E+00  -.61921706E+03
 0.00000000E+00  -.46687541E+03
 0.00000000E+00  -.31124737E+03
 0.00000000E+00  -.15213380E+03
 0.00000000E+00  0.10268817E+02
 0.00000000E+00  0.17532640E+03
 0.00000000E+00  0.34198223E+03
 0.00000000E+00  0.50883398E+03
 0.00000000E+00  0.67426616E+03
 0.00000000E+00  0.83661935E+03
 0.00000000E+00  0.99436597E+03
 0.00000000E+00  0.11462605E+04
 0.00000000E+00  0.12914428E+04
 0.00000000E+00  0.14294852E+04
 0.00000000E+00  0.15603885E+04
 0.00000000E+00  0.16845396E+04
 0.00000000E+00  0.18026444E+04
 0.00000000E+00  0.19156498E+04
 0.00000000E+00  0.20246604E+04
 0.00000000E+00  0.21308544E+04
 0.00000000E+00  0.22354003E+04
 0.00000000E+00  0.23393708E+04
 0.00000000E+00  0.24436551E+04
 0.00000000E+00  0.25488727E+04
 0.00000000E+00  0.26552971E+04
 0.00000000E+00  0.27627998E+04
 0.00000000E+00  0.28708337E+04
 0.00000000E+00  0.29784683E+04
 0.00000000E+00  0.30844812E+04
 0.00000000E+00  0.31874977E+04
 0.00000000E+00  0.32861541E+04
 0.00000000E+00  0.33792514E+04
 0.00000000E+00  0.34658754E+04
 0.00000000E+00  0.35454663E+04
 0.00000000E+00  0.36178373E+04
 0.00000000E+00  0.36831547E+04
 0.00000000E+00  0.37418917E+04
 0.00000000E+00  0.37947708E+04
 0.00000000E+00  0.38427024E+04
 0.00000000E+00  0.38867229E+04
 0.00000000E+00  0.39279347E+04
 0.00000000E+00  0.39674461E+04
 0.00000000E+00  0.40063053E+04
 0.00000000E+00  0.40454311E+04
 0.00000000E+00  0.40855394E+04
 0.00000000E+00  0.41270720E+04
 0.00000000E+00  0.41701402E+04
 0.00000000E+00  0.42144974E+04
 0.00000000E+00  0.42595561E+04
 0.00000000E+00  0.43044541E+04
 0.00000000E+00  0.43481669E+04
 0.00000000E+00  0.43896436E+04
 0.00000000E+00  0.44279416E+04
 0.00000000E+00  0.44623358E+04
 0.00000000E+00  0.44923856E+04
 0.00000000E+00  0.45179627E+04
 0.00000000E+00  0.45392422E+04
 0.00000000E+00  0.45566719E+04
 0.00000000E+00  0.45709275E+04
 0.00000000E+00  0.45828622E+04
 0.00000000E+00  0.45934544E+04
 0.00000000E+00  0.46037523E+04
 0.00000000E+00  0.46148173E+04
 0.00000000E+00  0.46276624E+04
 0.00000000E+00  0.46431855E+04
 0.00000000E+00  0.46620994E+04
 0.00000000E+00  0.46848643E+04
 0.00000000E+00  0.47116279E+04
 0.00000000E+00  0.47421876E+04
 0.00000000E+00  0.47759850E+04
 0.00000000E+00  0.48121411E+04
 0.00000000E+00  0.48495341E+04
 0.00000000E+00  0.48869102E+04
 0.00000000E+00  0.49230113E+04
 0.00000000E+00  0.49566973E+04
 0.00000000E+00  0.49870449E+04
 0.00000000E+00  0.50134125E+04
 0.00000000E+00  0.50354682E+04
 0.00000000E+00  0.50531862E+04
 0.00000000E+00  0.50668197E+04
 0.00000000E+00  0.50768589E+04
 0.00000000E+00  0.50839822E+04
 0.00000000E+00  0.50890051E+04
 0.00000000E+00  0.50928279E+04
 0.00000000E+00  0.50963864E+04
 0.00000000E+00  0.51006017E+04
 0.00000000E+00  0.51063321E+04
 0.00000000E+00  0.51143244E+04
 0.00000000E+00  0.51251672E+04
 0.00000000E+00  0.51392469E+04
 0.00000000E+00  0.51567120E+04
 0.00000000E+00  0.51774480E+04
 0.00000000E+00  0.52010720E+04
 0.00000000E+00  0.52269485E+04
 0.00000000E+00  0.52542306E+04
 0.00000000E+00  0.52819249E+04
 0.00000000E+00  0.53089708E+04
 0.00000000E+00  0.53343274E+04
 0.00000000E+00  0.53570538E+04
 0.00000000E+00  0.53763740E+04
 0.00000000E+00  0.53917206E+04
 0.00000000E+00  0.54027554E+04
 0.00000000E+00  0.54093703E+04
 0.00000000E+00  0.54116722E+04
 0.00000000E+00  0.54099575E+04
 0.00000000E+00  0.54046820E+04
 0.00000000E+00  0.53964278E+04
 0.00000000E+00  0.53858700E+04
 0.00000000E+00  0.53737443E+04
 0.00000000E+00  0.53608139E+04
 0.00000000E+00  0.53478357E+04
 0.00000000E+00  0.53355269E+04
 0.00000000E+00  0.53245281E+04
 0.00000000E+00  0.53153676E+04
 0.00000000E+00  0.53084252E+04
 0.00000000E+00  0.53039021E+04
 0.00000000E+00  0.53017962E+04
 0.00000000E+00  0.53018926E+04
 0.00000000E+00  0.53037663E+04
 0.00000000E+00  0.53068036E+04
 0.00000000E+00  0.53102385E+04
 0.00000000E+00  0.53132010E+04
 0.00000000E+00  0.53147707E+04
 0.00000000E+00  0.53140314E+04
 0.00000000E+00  0.53101181E+04
 0.00000000E+00  0.53022549E+04
 0.00000000E+00  0.52897792E+04
 0.00000000E+00  0.52721563E+04
 0.00000000E+00  0.52489820E+04
 0.00000000E+00  0.52199772E+04
 0.00000000E+00  0.51849783E+04
 0.00000000E+00  0.51439231E+04
 0.00000000E+00  0.50968362E+04
 0.00000000E+00  0.50438130E+04
 0.00000000E+00  0.49850068E+04
 0.00000000E+00  0.49206140E+04
 0.00000000E+00  0.48508626E+04
 0.00000000E+00  0.47760021E+04
 0.00000000E+00  0.46962953E+04
 0.00000000E+00  0.46120117E+04
 0.00000000E+00  0.45234237E+04
 0.00000000E+00  0.44308046E+04
 0.00000000E+00  0.43344284E+04
 0.00000000E+00  0.42345736E+04
 0.00000000E+00  0.41315266E+04
 0.00000000E+00  0.40255879E+04
 0.00000000E+00  0.39170786E+04
 0.00000000E+00  0.38063465E+04
 0.00000000E+00  0.36937708E+04
 0.00000000E+00  0.35797657E+04
 0.00000000E+00  0.34647822E+04
 0.00000000E+00  0.33493068E+04
 0.00000000E+00  0.32338596E+04
 0.00000000E+00  0.31189903E+04
 0.00000000E+00  0.30052736E+04
 0.00000000E+00  0.28933044E+04
 0.00000000E+00  0.27836920E+04
 0.00000000E+00  0.26770561E+04
 0.00000000E+00  0.25740204E+04
 0.00000000E+00  0.24752095E+04
 0.00000000E+00  0.23812429E+04
 0.00000000E+00  0.22927307E+04
 0.00000000E+00  0.22102671E+04
 0.00000000E+00  0.21344233E+04
 0.00000000E+00  0.20657396E+04
 0.00000000E+00  0.20047151E+04
 0.00000000E+00  0.19517950E+04
 0.00000000E+00  0.19073570E+04
 0.00000000E+00  0.18716950E+04
 0.00000000E+00  0.18450026E+04
 0.00000000E+00  0.18273562E+04
 0.00000000E+00  0.18187002E+04
 0.00000000E+00  0.18188358E+04
 0.00000000E+00  0.18274144E+04
 0.00000000E+00  0.18439404E+04
 0.00000000E+00  0.18677792E+04
 0.00000000E+00  0.18981771E+04
 0.00000000E+00  0.19342864E+04
 0.00000000E+00  0.19751980E+04
 0.00000000E+00  0.20199753E+04
 0.00000000E+00  0.20676892E+04
 0.00000000E+00  0.21174499E+04
 0.00000000E+00  0.21684321E+04
 0.00000000E+00  0.22198958E+04
 0.00000000E+00  0.22711989E+04
 0.00000000E+00  0.23218036E+04
 0.00000000E+00  0.23712776E+04
 0.00000000E+00  0.24192912E+04
 0.00000000E+00  0.24656106E+04
 0.00000000E+00  0.25100904E+04
 0.00000000E+00  0.25526642E+04
 0.00000000E+00  0.25933348E+04
 0.00000000E+00  0.26321649E+04
 0.00000000E+00  0.26692684E+04
 0.00000000E+00  0.27048031E+04
 0.00000000E+00  0.27389604E+04
 0.00000000E+00  0.27719582E+04
 0.00000000E+00  0.28040325E+04
 0.00000000E+00  0.28354318E+04
 0.00000000E+00  0.28664085E+04
 0.00000000E+00  0.28972117E+04
 0.00000000E+00  0.29280812E+04
 0.00000000E+00  0.29592388E+04
 0.00000000E+00  0.29908828E+04
 0.00000000E+00  0.30231811E+04
 0.00000000E+00  0.30562661E+04
 0.00000000E+00  0.30902308E+04
 0.00000000E+00  0.31251255E+04
 0.00000000E+00  0.31609570E+04
 0.00000000E+00  0.31976884E+04
 0.00000000E+00  0.32352434E+04
 0.00000000E+00  0.32735095E+04
 0.00000000E+00  0.33123448E+04
 0.00000000E+00  0.33515829E+04
 0.00000000E+00  0.33910412E+04
 0.00000000E+00  0.34305271E+04
 0.00000000E+00  0.34698445E+04
 0.00000000E+00  0.35087996E+04
 0.00000000E+00  0.35472058E+04
 0.00000000E+00  0.35848873E+04
 0.00000000E+00  0.36216814E+04
 0.00000000E+00  0.36574410E+04
 0.00000000E+00  0.36920346E+04
 0.00000000E+00  0.37253470E+04
 0.00000000E+00  0.37572788E+04
 0.00000000E+00  0.37877458E+04
 0.00000000E+00  0.38166777E+04
 0.00000000E+00  0.38440173E+04
 0.00000000E+00  0.38697191E+04
 0.00000000E+00  0.38937483E+04
 0.00000000E+00  0.39160798E+04
 0.00000000E+00  0.39366970E+04
 0.00000000E+00  0.39555912E+04
 0.00000000E+00  0.39727604E+04
 0.00000000E+00  0.39882095E+04
 0.00000000E+00  0.40019495E+04
 0.00000000E+00  0.40139972E+04
 0.00000000E+00  0.40243754E+04
 0.00000000E+00  0.40331131E+04
 0.00000000E+00  0.40402457E+04
 0.00000000E+00  0.40458152E+04
 0.00000000E+00  0.40498713E+04
 0.00000000E+00  0.40524714E+04
 0.00000000E+00  0.40536813E+04
 0.00000000E+00  0.40535761E+04
 0.00000000E+00  0.40522397E+04
 0.00000000E+00  0.40497653E+04
 0.00000000E+00  0.40462547E+04
 0.00000000E+00  0.40418175E+04
 0.00000000E+00  0.40365693E+04
 0.00000000E+00  0.40306296E+04
 0.00000000E+00  0.40241197E+04
 0.00000000E+00  0.40171592E+04
 0.00000000E+00  0.40098629E+04
 0.00000000E+00  0.40023375E+04
 0.00000000E+00  0.39946788E+04
 0.00000000E+00  0.39869680E+04
 0.00000000E+00  0.39792704E+04
 0.00000000E+00  0.39716325E+04
 0.00000000E+00  0.39640811E+04
 0.00000000E+00  0.39566223E+04
 0.00000000E+00  0.39492407E+04
 0.00000000E+00  0.39418997E+04
 0.00000000E+00  0.39345415E+04
 0.00000000E+00  0.39270869E+04
 0.00000000E+00  0.39270870E+04
 0.00000000E+00  0.39030612E+04
 0.00000000E+00  0.38734137E+04
 0.00000000E+00  0.38330467E+04
 0.00000000E+00  0.37758543E+04
 0.00000000E+00  0.36954248E+04
 0.00000000E+00  0.35860533E+04
 0.00000000E+00  0.34438116E+04
 0.00000000E+00  0.32671102E+04
 0.00000000E+00  0.30562361E+04
 0.00000000E+00  0.28118030E+04
 0.00000000E+00  0.25323054E+04
 0.00000000E+00  0.22101925E+04
 0.00000000E+00  0.18215710E+04
 0.00000000E+00  0.12554777E+04
 0.00000000E+00  -.17800936E+03
 0.00000000E+00  -.17575677E+03
 0.00000000E+00  -.17354606E+03
 0.00000000E+00  -.17137585E+03
 0.00000000E+00  -.16924487E+03
 0.00000000E+00  -.16715230E+03
 0.00000000E+00  -.16509729E+03
 0.00000000E+00  -.16307872E+03
 0.00000000E+00  -.16109582E+03
 0.00000000E+00  -.15914775E+03
 0.00000000E+00  -.15723375E+03
 0.00000000E+00  -.15535285E+03
 0.00000000E+00  -.15350437E+03
 0.00000000E+00  -.15168762E+03
 0.00000000E+00  -.14990172E+03
 0.00000000E+00  -.14814610E+03
 0.00000000E+00  -.14642001E+03
 0.00000000E+00  -.14472271E+03
 0.00000000E+00  -.14305369E+03
 0.00000000E+00  -.14141225E+03
 0.00000000E+00  -.13979778E+03
 0.00000000E+00  -.13820968E+03
 0.00000000E+00  -.13664738E+03
 0.00000000E+00  -.13511031E+03
 0.00000000E+00  -.13359785E+03
 0.00000000E+00  -.13210963E+03
 0.00000000E+00  -.13064498E+03
 0.00000000E+00  -.12920347E+03
 0.00000000E+00  -.12778457E+03
 0.00000000E+00  -.12638790E+03
 0.00000000E+00  -.12501291E+03
 0.00000000E+00  -.12365924E+03
 0.00000000E+00  -.12232637E+03
 0.00000000E+00  -.12101392E+03
 0.00000000E+00  -.11972146E+03
 0.00000000E+00  -.11844858E+03
Mw-Hw               
 0.00000000E+00  0.16088432E-02
 0.00000000E+00  0.98714335E-03
 0.00000000E+00  0.10480050E-02
 0.00000000E+00  0.10326956E-02
 0.00000000E+00  0.10931877E-02
 0.00000000E+00  0.10784157E-02
 0.00000000E+00  0.11393806E-02
 0.00000000E+00  0.11251668E-02
 0.00000000E+00  0.11865558E-02
 0.00000000E+00  0.11729115E-02
 0.00000000E+00  0.12346704E-02
 0.00000000E+00  0.12216056E-02
 0.00000000E+00  0.12836738E-02
 0.00000000E+00  0.12711972E-02
 0.00000000E+00  0.13335079E-02
 0.00000000E+00  0.13216265E-02
 0.00000000E+00  0.13841057E-02
 0.00000000E+00  0.13728245E-02
 0.00000000E+00  0.14353910E-02
 0.00000000E+00  0.14247131E-02
 0.00000000E+00  0.14872779E-02
 0.00000000E+00  0.14772038E-02
 0.00000000E+00  0.15396697E-02
 0.00000000E+00  0.15301973E-02
 0.00000000E+00  0.15924581E-02
 0.00000000E+00  0.15835823E-02
 0.00000000E+00  0.15751307E-02
 0.00000000E+00  0.16372356E-02
 0.00000000E+00  0.16293801E-02
 0.00000000E+00  0.16910342E-02
 0.00000000E+00  0.16837471E-02
 0.00000000E+00  0.16768996E-02
 0.00000000E+00  0.16704785E-02
 0.00000000E+00  0.17318144E-02
 0.00000000E+00  0.17259131E-02
 0.00000000E+00  0.17204561E-02
 0.00000000E+00  0.17154163E-02
 0.00000000E+00  0.17107928E-02
 0.00000000E+00  0.17065846E-02
 0.00000000E+00  0.17027906E-02
 0.00000000E+00  0.16994090E-02
 0.00000000E+00  0.16964377E-02
 0.00000000E+00  0.16938742E-02
 0.00000000E+00  0.16917155E-02
 0.00000000E+00  0.16899585E-02
 0.00000000E+00  0.16885992E-02
 0.00000000E+00  0.16876337E-02
 0.00000000E+00  0.16870573E-02
 0.00000000E+00  0.16868652E-02
 0.00000000E+00  0.16870519E-02
 0.00000000E+00  0.16876117E-02
 0.00000000E+00  0.16885384E-02
 0.00000000E+00  0.17492628E-02
 0.00000000E+00  0.17503951E-02
 0.00000000E+00  0.17519040E-02
 0.00000000E+00  0.17537419E-02
 0.00000000E+00  0.17558996E-02
 0.00000000E+00  0.17583680E-02
 0.00000000E+00  0.17611374E-02
 0.00000000E+00  0.17641974E-02
 0.00000000E+00  0.17675373E-02
 0.00000000E+00  0.17711456E-02
 0.00000000E+00  0.17750102E-02
 0.00000000E+00  0.17791186E-02
 0.00000000E+00  0.17834573E-02
 0.00000000E+00  0.17880124E-02
 0.00000000E+00  0.17927691E-02
 0.00000000E+00  0.17977120E-02
 0.00000000E+00  0.18526749E-02
 0.00000000E+00  0.18572101E-02
 0.00000000E+00  0.18619337E-02
 0.00000000E+00  0.18667580E-02
 0.00000000E+00  0.18716626E-02
 0.00000000E+00  0.18766263E-02
 0.00000000E+00  0.18816268E-02
 0.00000000E+00  0.18866409E-02
 0.00000000E+00  0.18916443E-02
 0.00000000E+00  0.18966114E-02
 0.00000000E+00  0.18590233E-02
 0.00000000E+00  0.18647531E-02
 0.00000000E+00  0.18703068E-02
 0.00000000E+00  0.18757315E-02
 0.00000000E+00  0.18809963E-02
 0.00000000E+00  0.18860683E-02
 0.00000000E+00  0.18909133E-02
 0.00000000E+00  0.18954958E-02
 0.00000000E+00  0.18997782E-02
 0.00000000E+00  0.19037218E-02
 0.00000000E+00  0.19072858E-02
 0.00000000E+00  0.18770281E-02
 0.00000000E+00  0.18808696E-02
 0.00000000E+00  0.18841444E-02
 0.00000000E+00  0.18868877E-02
 0.00000000E+00  0.18890504E-02
 0.00000000E+00  0.18905811E-02
 0.00000000E+00  0.18914261E-02
 0.00000000E+00  0.18915297E-02
 0.00000000E+00  0.18908342E-02
 0.00000000E+00  0.18892793E-02
 0.00000000E+00  0.18868025E-02
 0.00000000E+00  0.18833392E-02
 0.00000000E+00  0.18788221E-02
 0.00000000E+00  0.18731818E-02
 0.00000000E+00  0.18663462E-02
 0.00000000E+00  0.18582410E-02
 0.00000000E+00  0.18487896E-02
 0.00000000E+00  0.18379125E-02
 0.00000000E+00  0.18255284E-02
 0.00000000E+00  0.18115531E-02
 0.00000000E+00  0.18015052E-02
 0.00000000E+00  0.17822457E-02
 0.00000000E+00  0.17612087E-02
 0.00000000E+00  0.17362154E-02
 0.00000000E+00  0.17033365E-02
 0.00000000E+00  0.10339824E-03
 0.00000000E+00  -.20644292E-03
 0.00000000E+00  -.42164440E-03
 0.00000000E+00  -.52416742E-03
 0.00000000E+00  -.75338473E-03
 0.00000000E+00  -.73777382E-03
 0.00000000E+00  -.72645193E-03
 0.00000000E+00  -.83926424E-03
 0.00000000E+00  -.83279824E-03
 0.00000000E+00  -.83014377E-03
 0.00000000E+00  -.94869196E-03
 0.00000000E+00  -.95075728E-03
 0.00000000E+00  -.95644043E-03
 0.00000000E+00  -.96542856E-03
 0.00000000E+00  -.97764222E-03
 0.00000000E+00  -.11048872E-02
 0.00000000E+00  -.11215174E-02
 0.00000000E+00  -.11413995E-02
 0.00000000E+00  -.11642606E-02
 0.00000000E+00  -.11900216E-02
 0.00000000E+00  -.12186022E-02
 0.00000000E+00  -.12499209E-02
 0.00000000E+00  -.11821088E-02
 0.00000000E+00  -.12200307E-02
 0.00000000E+00  -.12602561E-02
 0.00000000E+00  -.13028351E-02
 0.00000000E+00  -.13476727E-02
 0.00000000E+00  -.13009570E-02
 0.00000000E+00  -.13511532E-02
 0.00000000E+00  -.14031654E-02
 0.00000000E+00  -.13683302E-02
 0.00000000E+00  -.14248661E-02
 0.00000000E+00  -.14828452E-02
 0.00000000E+00  -.14582174E-02
 0.00000000E+00  -.15197942E-02
 0.00000000E+00  -.15018638E-02
 0.00000000E+00  -.14882335E-02
 0.00000000E+00  -.15541829E-02
 0.00000000E+00  -.15457744E-02
 0.00000000E+00  -.15408263E-02
 0.00000000E+00  -.16092865E-02
 0.00000000E+00  -.16080624E-02
 0.00000000E+00  -.16094166E-02
 0.00000000E+00  -.16781271E-02
 0.00000000E+00  -.16814891E-02
 0.00000000E+00  -.16864421E-02
 0.00000000E+00  -.16925875E-02
 0.00000000E+00  -.16995390E-02
 0.00000000E+00  -.17627528E-02
 0.00000000E+00  -.17680166E-02
 0.00000000E+00  -.17727942E-02
 0.00000000E+00  -.17765768E-02
 0.00000000E+00  -.18269292E-02
 0.00000000E+00  -.18248957E-02
 0.00000000E+00  -.18641473E-02
 0.00000000E+00  -.18955858E-02
 0.00000000E+00  -.19181303E-02
 0.00000000E+00  -.19306229E-02
 0.00000000E+00  -.19664389E-02
 0.00000000E+00  -.19836812E-02
 0.00000000E+00  -.20358328E-02
 0.00000000E+00  -.21359789E-02
 0.00000000E+00  -.22026830E-02
 0.00000000E+00  -.19282431E-02
 0.00000000E+00  -.51399549E-03
 0.00000000E+00  -.26049765E-03
 0.00000000E+00  -.27908142E-05
 0.00000000E+00  0.18724379E-03
 0.00000000E+00  0.38278626E-03
 0.00000000E+00  0.58149272E-03
 0.00000000E+00  0.71892382E-03
 0.00000000E+00  0.85984351E-03
 0.00000000E+00  0.10008825E-02
 0.00000000E+00  0.11386689E-02
 0.00000000E+00  0.12204532E-02
 0.00000000E+00  0.13430986E-02
 0.00000000E+00  0.14071317E-02
 0.00000000E+00  0.14964026E-02
 0.00000000E+00  0.15585775E-02
 0.00000000E+00  0.15853614E-02
 0.00000000E+00  0.16277747E-02
 0.00000000E+00  0.16478613E-02
 0.00000000E+00  0.16339453E-02
 0.00000000E+00  0.15759512E-02
 0.00000000E+00  -.10966106E-02
 0.00000000E+00  -.14739690E-02
 0.00000000E+00  -.18475372E-02
 0.00000000E+00  -.19924389E-02
 0.00000000E+00  -.19169054E-02
 0.00000000E+00  -.19111704E-02
 0.00000000E+00  -.18915168E-02
 0.00000000E+00  -.18774420E-02
 0.00000000E+00  -.18815048E-02
 0.00000000E+00  -.18917986E-02
 0.00000000E+00  -.18797052E-02
 0.00000000E+00  -.18782357E-02
 0.00000000E+00  -.18795527E-02
 0.00000000E+00  -.18788605E-02
 0.00000000E+00  -.18741993E-02
 0.00000000E+00  -.18663202E-02
 0.00000000E+00  -.18585318E-02
 0.00000000E+00  -.18565514E-02
 0.00000000E+00  -.18573348E-02
 0.00000000E+00  -.18530818E-02
 0.00000000E+00  -.18444368E-02
 0.00000000E+00  -.18400122E-02
 0.00000000E+00  -.18320984E-02
 0.00000000E+00  -.18219453E-02
 0.00000000E+00  -.18162102E-02
 0.00000000E+00  -.18104002E-02
 0.00000000E+00  -.18043767E-02
 0.00000000E+00  -.18001213E-02
 0.00000000E+00  -.17961224E-02
 0.00000000E+00  -.17853486E-02
 0.00000000E+00  -.17778522E-02
 0.00000000E+00  -.17818318E-02
 0.00000000E+00  -.18123848E-02
 0.00000000E+00  -.20636494E-02
 0.00000000E+00  -.19418749E-02
 0.00000000E+00  -.11482868E-02
 0.00000000E+00  0.22614498E-04
 0.00000000E+00  0.16463421E-04
 0.00000000E+00  0.75361477E-05
 0.00000000E+00  -.55330200E-05
 0.00000000E+00  -.25739451E-04
 0.00000000E+00  -.59679481E-04
 0.00000000E+00  -.12592458E-03
 0.00000000E+00  -.34028484E-03
 0.00000000E+00  -.56066155E+04
 0.00000000E+00  -.56082198E+04
 0.00000000E+00  -.56096606E+04
 0.00000000E+00  -.56109485E+04
 0.00000000E+00  -.56120891E+04
 0.00000000E+00  -.56130796E+04
 0.00000000E+00  -.56139083E+04
 0.00000000E+00  -.56145545E+04
 0.00000000E+00  -.56149909E+04
 0.00000000E+00  -.56151872E+04
 0.00000000E+00  -.56151145E+04
 0.00000000E+00  -.56147513E+04
 0.00000000E+00  -.56140884E+04
 0.00000000E+00  -.56131330E+04
 0.00000000E+00  -.56119107E+04
 0.00000000E+00  -.56104653E+04
 0.00000000E+00  -.56088557E+04
 0.00000000E+00  -.56071512E+04
 0.00000000E+00  -.56054257E+04
 0.00000000E+00  -.56037511E+04
 0.00000000E+00  -.56021924E+04
 0.00000000E+00  -.56008027E+04
 0.00000000E+00  -.55996204E+04
 0.00000000E+00  -.55986677E+04
 0.00000000E+00  -.55979501E+04
 0.00000000E+00  -.55974578E+04
 0.00000000E+00  -.55971682E+04
 0.00000000E+00  -.55970490E+04
 0.00000000E+00  -.55970628E+04
 0.00000000E+00  -.55971718E+04
 0.00000000E+00  -.55973426E+04
 0.00000000E+00  -.55975510E+04
 0.00000000E+00  -.55977848E+04
 0.00000000E+00  -.55980455E+04
 0.00000000E+00  -.55983482E+04
 0.00000000E+00  -.55987190E+04
 0.00000000E+00  -.55991918E+04
 0.00000000E+00  -.55998035E+04
 0.00000000E+00  -.56005897E+04
 0.00000000E+00  -.56015795E+04
 0.00000000E+00  -.56027924E+04
 0.00000000E+00  -.56042354E+04
 0.00000000E+00  -.56059009E+04
 0.00000000E+00  -.56077666E+04
 0.00000000E+00  -.56097959E+04
 0.00000000E+00  -.56119395E+04
 0.00000000E+00  -.56141385E+04
 0.00000000E+00  -.56163276E+04
 0.00000000E+00  -.56184396E+04
 0.00000000E+00  -.56204104E+04
 0.00000000E+00  -.56221828E+04
 0.00000000E+00  -.56237108E+04
 0.00000000E+00  -.56249621E+04
 0.00000000E+00  -.56259196E+04
 0.00000000E+00  -.56265811E+04
 0.00000000E+00  -.56269575E+04
 0.00000000E+00  -.56270704E+04
 0.00000000E+00  -.56269476E+04
 0.00000000E+00  -.56266197E+04
 0.00000000E+00  -.56261153E+04
 0.00000000E+00  -.56254576E+04
 0.00000000E+00  -.56246616E+04
 0.00000000E+00  -.56237329E+04
 0.00000000E+00  -.56226678E+04
 0.00000000E+00  -.56214545E+04
 0.00000000E+00  -.56200774E+04
 0.00000000E+00  -.56185201E+04
 0.00000000E+00  -.56167712E+04
 0.00000000E+00  -.56148276E+04
 0.00000000E+00  -.56126976E+04
 0.00000000E+00  -.56104013E+04
 0.00000000E+00  -.56079693E+04
 0.00000000E+00  -.56054382E+04
 0.00000000E+00  -.56028454E+04
 0.00000000E+00  -.56002233E+04
 0.00000000E+00  -.55975935E+04
 0.00000000E+00  -.55949632E+04
 0.00000000E+00  -.55923219E+04
 0.00000000E+00  -.55896426E+04
 0.00000000E+00  -.55868837E+04
 0.00000000E+00  -.55839945E+04
 0.00000000E+00  -.55809229E+04
 0.00000000E+00  -.55776240E+04
 0.00000000E+00  -.55740693E+04
 0.00000000E+00  -.55702535E+04
 0.00000000E+00  -.55661983E+04
 0.00000000E+00  -.55619514E+04
 0.00000000E+00  -.55575816E+04
 0.00000000E+00  -.55531704E+04
 0.00000000E+00  -.55488022E+04
 0.00000000E+00  -.55445546E+04
 0.00000000E+00  -.55404903E+04
 0.00000000E+00  -.55366509E+04
 0.00000000E+00  -.55330538E+04
 0.00000000E+00  -.55296908E+04
 0.00000000E+00  -.55265295E+04
 0.00000000E+00  -.55235171E+04
 0.00000000E+00  -.55205867E+04
 0.00000000E+00  -.55176656E+04
 0.00000000E+00  -.55146857E+04
 0.00000000E+00  -.55115936E+04
 0.00000000E+00  -.55083605E+04
 0.00000000E+00  -.55049880E+04
 0.00000000E+00  -.55015104E+04
 0.00000000E+00  -.54979915E+04
 0.00000000E+00  -.54945175E+04
 0.00000000E+00  -.54911868E+04
 0.00000000E+00  -.54881000E+04
 0.00000000E+00  -.54853497E+04
 0.00000000E+00  -.54830128E+04
 0.00000000E+00  -.54811445E+04
 0.00000000E+00  -.54797740E+04
 0.00000000E+00  -.54789026E+04
 0.00000000E+00  -.54785021E+04
 0.00000000E+00  -.54785155E+04
 0.00000000E+00  -.54788586E+04
 0.00000000E+00  -.54794240E+04
 0.00000000E+00  -.54800873E+04
 0.00000000E+00  -.54807161E+04
 0.00000000E+00  -.54811817E+04
 0.00000000E+00  -.54813729E+04
 0.00000000E+00  -.54812092E+04
 0.00000000E+00  -.54806512E+04
 0.00000000E+00  -.54797065E+04
 0.00000000E+00  -.54784280E+04
 0.00000000E+00  -.54769062E+04
 0.00000000E+00  -.54752567E+04
 0.00000000E+00  -.54736067E+04
 0.00000000E+00  -.54720808E+04
 0.00000000E+00  -.54707900E+04
 0.00000000E+00  -.54698237E+04
 0.00000000E+00  -.54692437E+04
 0.00000000E+00  -.54690809E+04
 0.00000000E+00  -.54693342E+04
 0.00000000E+00  -.54699701E+04
 0.00000000E+00  -.54709234E+04
 0.00000000E+00  -.54721006E+04
 0.00000000E+00  -.54733843E+04
 0.00000000E+00  -.54746402E+04
 0.00000000E+00  -.54757277E+04
 0.00000000E+00  -.54765127E+04
 0.00000000E+00  -.54768824E+04
 0.00000000E+00  -.54767589E+04
 0.00000000E+00  -.54761101E+04
 0.00000000E+00  -.54749539E+04
 0.00000000E+00  -.54733561E+04
 0.00000000E+00  -.54714208E+04
 0.00000000E+00  -.54692769E+04
 0.00000000E+00  -.54670633E+04
 0.00000000E+00  -.54649156E+04
 0.00000000E+00  -.54629548E+04
 0.00000000E+00  -.54612805E+04
 0.00000000E+00  -.54599660E+04
 0.00000000E+00  -.54590565E+04
 0.00000000E+00  -.54585685E+04
 0.00000000E+00  -.54584906E+04
 0.00000000E+00  -.54587853E+04
 0.00000000E+00  -.54593917E+04
 0.00000000E+00  -.54602289E+04
 0.00000000E+00  -.54612010E+04
 0.00000000E+00  -.54622034E+04
 0.00000000E+00  -.54631309E+04
 0.00000000E+00  -.54638865E+04
 0.00000000E+00  -.54643910E+04
 0.00000000E+00  -.54645911E+04
 0.00000000E+00  -.54644654E+04
 0.00000000E+00  -.54640267E+04
 0.00000000E+00  -.54633196E+04
 0.00000000E+00  -.54624155E+04
 0.00000000E+00  -.54614038E+04
 0.00000000E+00  -.54603836E+04
 0.00000000E+00  -.54594543E+04
 0.00000000E+00  -.54587086E+04
 0.00000000E+00  -.54582275E+04
 0.00000000E+00  -.54580758E+04
 0.00000000E+00  -.54583006E+04
 0.00000000E+00  -.54589299E+04
 0.00000000E+00  -.54599725E+04
 0.00000000E+00  -.54614184E+04
 0.00000000E+00  -.54632393E+04
 0.00000000E+00  -.54653900E+04
 0.00000000E+00  -.54678105E+04
 0.00000000E+00  -.54704280E+04
 0.00000000E+00  -.54731605E+04
 0.00000000E+00  -.54759211E+04
 0.00000000E+00  -.54786235E+04
 0.00000000E+00  -.54811877E+04
 0.00000000E+00  -.54835461E+04
 0.00000000E+00  -.54856492E+04
 0.00000000E+00  -.54874694E+04
 0.00000000E+00  -.54890032E+04
 0.00000000E+00  -.54902702E+04
 0.00000000E+00  -.54913104E+04
 0.00000000E+00  -.54921794E+04
 0.00000000E+00  -.54929423E+04
 0.00000000E+00  -.54936678E+04
 0.00000000E+00  -.54944225E+04
 0.00000000E+00  -.54952660E+04
 0.00000000E+00  -.54962476E+04
 0.00000000E+00  -.54974030E+04
 0.00000000E+00  -.54987535E+04
 0.00000000E+00  -.55003046E+04
 0.00000000E+00  -.55020459E+04
 0.00000000E+00  -.55039524E+04
 0.00000000E+00  -.55059847E+04
 0.00000000E+00  -.55080918E+04
 0.00000000E+00  -.55102132E+04
 0.00000000E+00  -.55122820E+04
 0.00000000E+00  -.55142296E+04
 0.00000000E+00  -.55159893E+04
 0.00000000E+00  -.55175015E+04
 0.00000000E+00  -.55187185E+04
 0.00000000E+00  -.55196076E+04
 0.00000000E+00  -.55201546E+04
 0.00000000E+00  -.55203642E+04
 0.00000000E+00  -.55202602E+04
 0.00000000E+00  -.55198828E+04
 0.00000000E+00  -.55192854E+04
 0.00000000E+00  -.55185304E+04
 0.00000000E+00  -.55176846E+04
 0.00000000E+00  -.55168150E+04
 0.00000000E+00  -.55159853E+04
 0.00000000E+00  -.55152523E+04
 0.00000000E+00  -.55146643E+04
 0.00000000E+00  -.55142591E+04
 0.00000000E+00  -.55140634E+04
 0.00000000E+00  -.55140923E+04
 0.00000000E+00  -.55143494E+04
 0.00000000E+00  -.55148271E+04
 0.00000000E+00  -.55155078E+04
 0.00000000E+00  -.55163649E+04
 0.00000000E+00  -.55173640E+04
 0.00000000E+00  -.55184650E+04
 0.00000000E+00  -.55196243E+04
 0.00000000E+00  -.55207971E+04
 0.00000000E+00  -.55219405E+04
 0.00000000E+00  -.55230157E+04
 0.00000000E+00  -.55239909E+04
 0.00000000E+00  -.55248437E+04
 0.00000000E+00  -.55255626E+04
 0.00000000E+00  -.55261480E+04
 0.00000000E+00  -.55266120E+04
 0.00000000E+00  -.55269780E+04
 0.00000000E+00  -.55272787E+04
 0.00000000E+00  -.55275543E+04
 0.00000000E+00  -.55278501E+04
 0.00000000E+00  -.55282141E+04
 0.00000000E+00  -.55286944E+04
 0.00000000E+00  -.55293378E+04
 0.00000000E+00  -.55301875E+04
 0.00000000E+00  -.55312820E+04
 0.00000000E+00  -.55326541E+04
 0.00000000E+00  -.55343300E+04
 0.00000000E+00  -.55363288E+04
 0.00000000E+00  -.55386624E+04
 0.00000000E+00  -.55413349E+04
 0.00000000E+00  -.55443428E+04
 0.00000000E+00  -.55476751E+04
 0.00000000E+00  -.55513131E+04
 0.00000000E+00  -.55552312E+04
 0.00000000E+00  -.55593970E+04
 0.00000000E+00  -.55637722E+04
 0.00000000E+00  -.55683137E+04
 0.00000000E+00  -.55729748E+04
 0.00000000E+00  -.55777068E+04
 0.00000000E+00  -.55824611E+04
 0.00000000E+00  -.55871915E+04
 0.00000000E+00  -.55918561E+04
 0.00000000E+00  -.55964201E+04
 0.00000000E+00  -.56008574E+04
 0.00000000E+00  -.56051522E+04
 0.00000000E+00  -.56092999E+04
 0.00000000E+00  -.56133070E+04
 0.00000000E+00  -.56171908E+04
 0.00000000E+00  -.56209779E+04
 0.00000000E+00  -.56247023E+04
 0.00000000E+00  -.56284034E+04
 0.00000000E+00  -.56321240E+04
 0.00000000E+00  -.56359077E+04
 0.00000000E+00  -.56397974E+04
 0.00000000E+00  -.56438337E+04
 0.00000000E+00  -.56480537E+04
 0.00000000E+00  -.56524895E+04
 0.00000000E+00  -.56571683E+04
 0.00000000E+00  -.56621117E+04
 0.00000000E+00  -.56673353E+04
 0.00000000E+00  -.56728488E+04
 0.00000000E+00  -.56786563E+04
 0.00000000E+00  -.56847559E+04
 0.00000000E+00  -.56911407E+04
 0.00000000E+00  -.56977985E+04
 0.00000000E+00  -.57047127E+04
 0.00000000E+00  -.57118624E+04
 0.00000000E+00  -.57192237E+04
 0.00000000E+00  -.57267696E+04
 0.00000000E+00  -.57344715E+04
 0.00000000E+00  -.57423000E+04
 0.00000000E+00  -.57502261E+04
 0.00000000E+00  -.57582221E+04
 0.00000000E+00  -.57662632E+04
 0.00000000E+00  -.57743283E+04
 0.00000000E+00  -.57824014E+04
 0.00000000E+00  -.57904727E+04
 0.00000000E+00  -.57985387E+04
 0.00000000E+00  -.58066033E+04
 0.00000000E+00  -.58146773E+04
 0.00000000E+00  -.58227787E+04
 0.00000000E+00  -.58309319E+04
 0.00000000E+00  -.58391669E+04
 0.00000000E+00  -.58475184E+04
 0.00000000E+00  -.58560248E+04
 0.00000000E+00  -.58647268E+04
 0.00000000E+00  -.58736668E+04
 0.00000000E+00  -.58828874E+04
 0.00000000E+00  -.58924305E+04
 0.00000000E+00  -.59023369E+04
 0.00000000E+00  -.59126455E+04
 0.00000000E+00  -.59233925E+04
 0.00000000E+00  -.59346113E+04
 0.00000000E+00  -.59463321E+04
 0.00000000E+00  -.59585816E+04
 0.00000000E+00  -.59713831E+04
 0.00000000E+00  -.59847558E+04
 0.00000000E+00  -.59987151E+04
 0.00000000E+00  -.60132724E+04
 0.00000000E+00  -.60284350E+04
 0.00000000E+00  -.60442057E+04
 0.00000000E+00  -.60605828E+04
 0.00000000E+00  -.60775600E+04
 0.00000000E+00  -.60951262E+04
 0.00000000E+00  -.61132651E+04
 0.00000000E+00  -.61319553E+04
 0.00000000E+00  -.61511699E+04
 0.00000000E+00  -.61708767E+04
 0.00000000E+00  -.61910383E+04
 0.00000000E+00  -.62116118E+04
 0.00000000E+00  -.62325500E+04
 0.00000000E+00  -.62538014E+04
 0.00000000E+00  -.62753113E+04
 0.00000000E+00  -.62970231E+04
 0.00000000E+00  -.63188797E+04
 0.00000000E+00  -.63408251E+04
 0.00000000E+00  -.63628063E+04
 0.00000000E+00  -.63847752E+04
 0.00000000E+00  -.64066904E+04
 0.00000000E+00  -.64285185E+04
 0.00000000E+00  -.64502357E+04
 0.00000000E+00  -.64718283E+04
 0.00000000E+00  -.64932929E+04
 0.00000000E+00  -.65146362E+04
 0.00000000E+00  -.65358743E+04
 0.00000000E+00  -.65570315E+04
 0.00000000E+00  -.65781390E+04
 0.00000000E+00  -.65992332E+04
 0.00000000E+00  -.66203547E+04
 0.00000000E+00  -.66415462E+04
 0.00000000E+00  -.66628516E+04
 0.00000000E+00  -.66843144E+04
 0.00000000E+00  -.67059771E+04
 0.00000000E+00  -.67059771E+04
 0.00000000E+00  -.67725551E+04
 0.00000000E+00  -.68422024E+04
 0.00000000E+00  -.69155464E+04
 0.00000000E+00  -.69929151E+04
 0.00000000E+00  -.70744217E+04
 0.00000000E+00  -.71601498E+04
 0.00000000E+00  -.72504349E+04
 0.00000000E+00  -.73461850E+04
 0.00000000E+00  -.74491715E+04
 0.00000000E+00  -.75623206E+04
 0.00000000E+00  -.76902775E+04
 0.00000000E+00  -.78411191E+04
 0.00000000E+00  -.80329992E+04
 0.00000000E+00  -.83457491E+04
 0.00000000E+00  -.92850607E-03
 0.00000000E+00  0.12971820E-02
 0.00000000E+00  0.12270673E-02
 0.00000000E+00  0.12202179E-02
 0.00000000E+00  0.11524051E-02
 0.00000000E+00  0.10843383E-02
 0.00000000E+00  0.10811708E-02
 0.00000000E+00  0.10143748E-02
 0.00000000E+00  0.94806445E-03
 0.00000000E+00  0.88249726E-03
 0.00000000E+00  0.88464339E-03
 0.00000000E+00  0.82126278E-03
 0.00000000E+00  0.75908057E-03
 0.00000000E+00  0.76537491E-03
 0.00000000E+00  0.70567909E-03
 0.00000000E+00  0.71481282E-03
 0.00000000E+00  0.72552028E-03
 0.00000000E+00  0.66954361E-03
 0.00000000E+00  0.68304629E-03
 0.00000000E+00  0.69809189E-03
 0.00000000E+00  0.71473130E-03
 0.00000000E+00  0.73296630E-03
 0.00000000E+00  0.75280328E-03
 0.00000000E+00  0.77425370E-03
 0.00000000E+00  0.72624728E-03
 0.00000000E+00  0.75051216E-03
 0.00000000E+00  0.70480209E-03
 0.00000000E+00  0.66036562E-03
 0.00000000E+00  0.54698186E-03
 0.00000000E+00  0.50556879E-03
 0.00000000E+00  0.39775909E-03
 0.00000000E+00  0.35975366E-03
 0.00000000E+00  0.25883990E-03
 0.00000000E+00  0.22451573E-03
 0.00000000E+00  0.13149022E-03
 0.00000000E+00  0.10097826E-03
