Mu-Hu               
 0.26147000E+05  0.38234688E+06
 0.26059843E+05  0.38135442E+06
 0.25972687E+05  0.38035388E+06
 0.25885530E+05  0.37934458E+06
 0.25798373E+05  0.37832595E+06
 0.25711217E+05  0.37729762E+06
 0.25624060E+05  0.37625940E+06
 0.25536903E+05  0.37521138E+06
 0.25449747E+05  0.37415399E+06
 0.25362590E+05  0.37308796E+06
 0.25275433E+05  0.37201435E+06
 0.25188277E+05  0.37093448E+06
 0.25101120E+05  0.36984986E+06
 0.25013963E+05  0.36876200E+06
 0.24926807E+05  0.36767233E+06
 0.24839650E+05  0.36658203E+06
 0.24752493E+05  0.36549192E+06
 0.24665337E+05  0.36440241E+06
 0.24578180E+05  0.36331347E+06
 0.24491023E+05  0.36222461E+06
 0.24403867E+05  0.36113499E+06
 0.24316710E+05  0.36004341E+06
 0.24229553E+05  0.35894847E+06
 0.24142397E+05  0.35784857E+06
 0.24055240E+05  0.35674207E+06
 0.23968083E+05  0.35562738E+06
 0.23880927E+05  0.35450306E+06
 0.23793770E+05  0.35336795E+06
 0.23706613E+05  0.35222133E+06
 0.23619457E+05  0.35106311E+06
 0.23532300E+05  0.34989390E+06
 0.23445143E+05  0.34871518E+06
 0.23357987E+05  0.34752927E+06
 0.23270830E+05  0.34633928E+06
 0.23183673E+05  0.34514878E+06
 0.23096517E+05  0.34396152E+06
 0.23009360E+05  0.34278094E+06
 0.22922203E+05  0.34160985E+06
 0.22835047E+05  0.34045017E+06
 0.22747890E+05  0.33930282E+06
 0.22660733E+05  0.33816778E+06
 0.22573577E+05  0.33704417E+06
 0.22486420E+05  0.33593047E+06
 0.22399263E+05  0.33482466E+06
 0.22312107E+05  0.33372436E+06
 0.22224950E+05  0.33262700E+06
 0.22137793E+05  0.33152991E+06
 0.22050637E+05  0.33043044E+06
 0.21963480E+05  0.32932604E+06
 0.21876323E+05  0.32821437E+06
 0.21789167E+05  0.32709340E+06
 0.21702010E+05  0.32596153E+06
 0.21614853E+05  0.32481776E+06
 0.21527697E+05  0.32366175E+06
 0.21440540E+05  0.32249403E+06
 0.21353383E+05  0.32131601E+06
 0.21266227E+05  0.32012997E+06
 0.21179070E+05  0.31893902E+06
 0.21091913E+05  0.31774678E+06
 0.21004757E+05  0.31655710E+06
 0.20917600E+05  0.31537365E+06
 0.20830443E+05  0.31419959E+06
 0.20743287E+05  0.31303728E+06
 0.20656130E+05  0.31188816E+06
 0.20568973E+05  0.31075276E+06
 0.20481817E+05  0.30963074E+06
 0.20394660E+05  0.30852105E+06
 0.20307503E+05  0.30742206E+06
 0.20220347E+05  0.30633168E+06
 0.20133190E+05  0.30524747E+06
 0.20046033E+05  0.30416674E+06
 0.19958877E+05  0.30308658E+06
 0.19871720E+05  0.30200393E+06
 0.19784563E+05  0.30091564E+06
 0.19697407E+05  0.29981850E+06
 0.19610250E+05  0.29870929E+06
 0.19523093E+05  0.29758490E+06
 0.19435937E+05  0.29644244E+06
 0.19348780E+05  0.29527937E+06
 0.19261623E+05  0.29409373E+06
 0.19174467E+05  0.29288432E+06
 0.19087310E+05  0.29165089E+06
 0.19000153E+05  0.29039431E+06
 0.18912997E+05  0.28911656E+06
 0.18825840E+05  0.28782061E+06
 0.18738683E+05  0.28651026E+06
 0.18651527E+05  0.28518989E+06
 0.18564370E+05  0.28386426E+06
 0.18477213E+05  0.28253837E+06
 0.18390057E+05  0.28121741E+06
 0.18302900E+05  0.27990655E+06
 0.18215743E+05  0.27861079E+06
 0.18128587E+05  0.27733461E+06
 0.18041430E+05  0.27608167E+06
 0.17954273E+05  0.27485458E+06
 0.17867117E+05  0.27365470E+06
 0.17779960E+05  0.27248223E+06
 0.17692803E+05  0.27133630E+06
 0.17605647E+05  0.27021516E+06
 0.17518490E+05  0.26911644E+06
 0.17431333E+05  0.26803727E+06
 0.17344177E+05  0.26697449E+06
 0.17257020E+05  0.26592473E+06
 0.17169863E+05  0.26488448E+06
 0.17082707E+05  0.26385012E+06
 0.16995550E+05  0.26281794E+06
 0.16908393E+05  0.26178416E+06
 0.16821237E+05  0.26074485E+06
 0.16734080E+05  0.25969595E+06
 0.16646923E+05  0.25863329E+06
 0.16559767E+05  0.25755251E+06
 0.16472610E+05  0.25644916E+06
 0.16385453E+05  0.25531877E+06
 0.16298297E+05  0.25415693E+06
 0.16211140E+05  0.25295959E+06
 0.16123983E+05  0.25172332E+06
 0.16036827E+05  0.25044567E+06
 0.15949670E+05  0.24912550E+06
 0.15862513E+05  0.24776327E+06
 0.15775357E+05  0.24636107E+06
 0.15688200E+05  0.24492258E+06
 0.15601043E+05  0.24345312E+06
 0.15513887E+05  0.24196020E+06
 0.15426730E+05  0.24045442E+06
 0.15339573E+05  0.23895001E+06
 0.15252417E+05  0.23746376E+06
 0.15165260E+05  0.23601217E+06
 0.15078103E+05  0.23460830E+06
 0.14990947E+05  0.23325980E+06
 0.14903790E+05  0.23196891E+06
 0.14816633E+05  0.23073370E+06
 0.14729477E+05  0.22954957E+06
 0.14642320E+05  0.22841063E+06
 0.14555163E+05  0.22731051E+06
 0.14468007E+05  0.22624285E+06
 0.14380850E+05  0.22520158E+06
 0.14293693E+05  0.22418096E+06
 0.14206537E+05  0.22317551E+06
 0.14119380E+05  0.22217999E+06
 0.14032223E+05  0.22118926E+06
 0.13945067E+05  0.22019815E+06
 0.13857910E+05  0.21920128E+06
 0.13770753E+05  0.21819294E+06
 0.13683597E+05  0.21716684E+06
 0.13596440E+05  0.21611592E+06
 0.13509283E+05  0.21503200E+06
 0.13422127E+05  0.21390554E+06
 0.13334970E+05  0.21272533E+06
 0.13247813E+05  0.21147823E+06
 0.13160657E+05  0.21014938E+06
 0.13073500E+05  0.20872307E+06
 0.12986343E+05  0.20718507E+06
 0.12899187E+05  0.20552680E+06
 0.12812030E+05  0.20375105E+06
 0.12724873E+05  0.20187771E+06
 0.12637717E+05  0.19994756E+06
 0.12550560E+05  0.19801891E+06
 0.12463403E+05  0.19615314E+06
 0.12376247E+05  0.19439707E+06
 0.12289090E+05  0.19277308E+06
 0.12201933E+05  0.19128114E+06
 0.12114777E+05  0.18990799E+06
 0.12027620E+05  0.18863574E+06
 0.11940463E+05  0.18744676E+06
 0.11853307E+05  0.18632552E+06
 0.11766150E+05  0.18525899E+06
 0.11678993E+05  0.18423636E+06
 0.11591837E+05  0.18324861E+06
 0.11504680E+05  0.18228813E+06
 0.11417523E+05  0.18134831E+06
 0.11330367E+05  0.18042324E+06
 0.11243210E+05  0.17950746E+06
 0.11156053E+05  0.17859568E+06
 0.11068897E+05  0.17768256E+06
 0.10981740E+05  0.17676241E+06
 0.10894583E+05  0.17582890E+06
 0.10807427E+05  0.17487455E+06
 0.10720270E+05  0.17389014E+06
 0.10633113E+05  0.17286363E+06
 0.10545957E+05  0.17177846E+06
 0.10458800E+05  0.17061023E+06
 0.10371643E+05  0.16931994E+06
 0.10284487E+05  0.16783659E+06
 0.10197330E+05  0.16599495E+06
 0.10110173E+05  0.16312599E+06
 0.10023017E+05  0.15997624E+06
 0.99358600E+04  0.15804556E+06
 0.98487033E+04  0.15626399E+06
 0.97615467E+04  0.15423038E+06
 0.96743900E+04  0.15171275E+06
 0.95872333E+04  0.14945189E+06
 0.95000767E+04  0.14767932E+06
 0.94129200E+04  0.14620886E+06
 0.93257633E+04  0.14492791E+06
 0.92386067E+04  0.14377520E+06
 0.91514500E+04  0.14271430E+06
 0.90642933E+04  0.14172175E+06
 0.89771367E+04  0.14078148E+06
 0.88899800E+04  0.13988191E+06
 0.88028233E+04  0.13901434E+06
 0.87156667E+04  0.13817195E+06
 0.86285100E+04  0.13734922E+06
 0.85413533E+04  0.13654151E+06
 0.84541967E+04  0.13574474E+06
 0.83670400E+04  0.13495521E+06
 0.82798833E+04  0.13416937E+06
 0.81927267E+04  0.13338372E+06
 0.81055700E+04  0.13259454E+06
 0.80184133E+04  0.13179778E+06
 0.79312567E+04  0.13098871E+06
 0.78441000E+04  0.13016160E+06
 0.77569433E+04  0.12930910E+06
 0.76697867E+04  0.12842130E+06
 0.75826300E+04  0.12748396E+06
 0.74954733E+04  0.12647516E+06
 0.74083167E+04  0.12535767E+06
 0.73211600E+04  0.12405833E+06
 0.72340033E+04  0.12238170E+06
 0.71468467E+04  0.11172240E+06
 0.70596900E+04  0.11086822E+06
 0.69725333E+04  0.11002273E+06
 0.68853767E+04  0.10917505E+06
 0.67982200E+04  0.10831230E+06
 0.67110633E+04  0.10741556E+06
 0.66239067E+04  0.10644853E+06
 0.65367500E+04  0.10530560E+06
 0.64495933E+04  0.96170116E+05
 0.63624367E+04  0.95111864E+05
 0.62752800E+04  0.94163950E+05
 0.61881233E+04  0.93288393E+05
 0.61009667E+04  0.92464662E+05
 0.60138100E+04  0.91680087E+05
 0.59266533E+04  0.90926163E+05
 0.58394967E+04  0.90196834E+05
 0.57523400E+04  0.89487598E+05
 0.56651833E+04  0.88794987E+05
 0.55780267E+04  0.88116255E+05
 0.54908700E+04  0.87449172E+05
 0.54037133E+04  0.86791887E+05
 0.53165567E+04  0.86142827E+05
 0.52294000E+04  0.85500629E+05
 0.51422433E+04  0.84864086E+05
 0.50550867E+04  0.84232097E+05
 0.49679300E+04  0.83603641E+05
 0.48807733E+04  0.82977732E+05
 0.47936167E+04  0.82353398E+05
 0.47064600E+04  0.81729638E+05
 0.46193033E+04  0.81105392E+05
 0.45321467E+04  0.80479488E+05
 0.44449900E+04  0.79850589E+05
 0.43578333E+04  0.79217100E+05
 0.42706767E+04  0.78577055E+05
 0.41835200E+04  0.77927920E+05
 0.40963633E+04  0.77266286E+05
 0.40092067E+04  0.76587318E+05
 0.39220500E+04  0.75883689E+05
 0.38348933E+04  0.75143255E+05
 0.37477367E+04  0.74342868E+05
 0.36605800E+04  0.73425568E+05
 0.35734233E+04  0.72068142E+05
 0.34862667E+04  0.60506362E+05
 0.33991100E+04  0.59881410E+05
 0.33119533E+04  0.59265722E+05
 0.32247967E+04  0.58657955E+05
 0.31376400E+04  0.58057024E+05
 0.30504833E+04  0.57462029E+05
 0.29633267E+04  0.56872208E+05
 0.28761700E+04  0.56286895E+05
 0.27890133E+04  0.55705490E+05
 0.27018567E+04  0.55127431E+05
 0.26147000E+04  0.54552169E+05
 0.25275433E+04  0.53979142E+05
 0.24403867E+04  0.53407740E+05
 0.23532300E+04  0.52837273E+05
 0.22660733E+04  0.52266910E+05
 0.21789167E+04  0.51695606E+05
 0.20917600E+04  0.51121973E+05
 0.20046033E+04  0.50544060E+05
 0.19174467E+04  0.49958964E+05
 0.18302900E+04  0.49361968E+05
 0.17431333E+04  0.48744520E+05
 0.16559767E+04  0.48087849E+05
 0.15688200E+04  0.47329250E+05
 0.14816633E+04  0.29683267E+05
 0.13945067E+04  0.29179640E+05
 0.13073500E+04  0.28679970E+05
 0.12201933E+04  0.28184217E+05
 0.11330367E+04  0.27692353E+05
 0.10458800E+04  0.27204353E+05
 0.95872333E+03  0.26720192E+05
 0.87156667E+03  0.26239828E+05
 0.78441000E+03  0.25763187E+05
 0.69725333E+03  0.25290142E+05
 0.61009667E+03  0.24820483E+05
 0.52294000E+03  0.24353863E+05
 0.43578333E+03  0.23889740E+05
 0.34862667E+03  0.23427273E+05
 0.26147000E+03  0.22965185E+05
 0.17431333E+03  0.22501564E+05
 0.87156667E+02  0.22033587E+05
 0.00000000E+00  0.21557127E+05
 -.87156667E+02  0.21066201E+05
 -.17431333E+03  0.20552076E+05
 -.26147000E+03  0.20001478E+05
 -.34862667E+03  0.19391933E+05
 -.43578333E+03  0.18675283E+05
 -.52294000E+03  0.17659335E+05
 -.61009667E+03  -.13205556E+05
 -.69725333E+03  -.13665081E+05
 -.78441000E+03  -.14129178E+05
 -.87156667E+03  -.14598362E+05
 -.95872333E+03  -.15073135E+05
 -.10458800E+04  -.15554008E+05
 -.11330367E+04  -.16041538E+05
 -.12201933E+04  -.16536345E+05
 -.13073500E+04  -.17039142E+05
 -.13945067E+04  -.17550771E+05
 -.14816633E+04  -.18072236E+05
 -.15688200E+04  -.18604760E+05
 -.16559767E+04  -.19149848E+05
 -.17431333E+04  -.19709387E+05
 -.18302900E+04  -.20285782E+05
 -.19174467E+04  -.20882171E+05
 -.20046033E+04  -.21502760E+05
 -.20917600E+04  -.22153387E+05
 -.21789167E+04  -.22842540E+05
 -.22660733E+04  -.23583361E+05
 -.23532300E+04  -.24398180E+05
 -.24403867E+04  -.25331025E+05
 -.25275433E+04  -.26498078E+05
 -.26147000E+04  -.53822813E+05
 -.27018567E+04  -.54331945E+05
 -.27890133E+04  -.54844322E+05
 -.28761700E+04  -.55360331E+05
 -.29633267E+04  -.55880393E+05
 -.30504833E+04  -.56404970E+05
 -.31376400E+04  -.56934574E+05
 -.32247967E+04  -.57469777E+05
 -.33119533E+04  -.58011232E+05
 -.33991100E+04  -.58559687E+05
 -.34862667E+04  -.59116010E+05
 -.35734233E+04  -.59681220E+05
 -.36605800E+04  -.60256528E+05
 -.37477367E+04  -.60843395E+05
 -.38348933E+04  -.61443609E+05
 -.39220500E+04  -.62059404E+05
 -.40092067E+04  -.62693635E+05
 -.40963633E+04  -.63350053E+05
 -.41835200E+04  -.64033773E+05
 -.42706767E+04  -.64752104E+05
 -.43578333E+04  -.65516217E+05
 -.44449900E+04  -.66344942E+05
 -.45321467E+04  -.67275632E+05
 -.46193033E+04  -.68411718E+05
 -.47064600E+04  -.81621993E+05
 -.47936167E+04  -.82282620E+05
 -.48807733E+04  -.82958146E+05
 -.49679300E+04  -.83653516E+05
 -.50550867E+04  -.84375583E+05
 -.51422433E+04  -.85134723E+05
 -.52294000E+04  -.85948619E+05
 -.53165567E+04  -.86853664E+05
 -.54037133E+04  -.87961505E+05
 -.54908700E+04  -.99181058E+05
 -.55780267E+04  -.99834149E+05
 -.56651833E+04  -.10048985E+06
 -.57523400E+04  -.10115141E+06
 -.58394967E+04  -.10182235E+06
 -.59266533E+04  -.10250683E+06
 -.60138100E+04  -.10321018E+06
 -.61009667E+04  -.10393977E+06
 -.61881233E+04  -.10470693E+06
 -.62752800E+04  -.10553136E+06
 -.63624367E+04  -.10645519E+06
 -.64495933E+04  -.10762039E+06
 -.65367500E+04  -.12618903E+06
 -.66239067E+04  -.12663811E+06
 -.67110633E+04  -.12708687E+06
 -.67982200E+04  -.12753534E+06
 -.68853767E+04  -.12798358E+06
 -.69725333E+04  -.12843164E+06
 -.70596900E+04  -.12887957E+06
 -.71468467E+04  -.12932742E+06
 -.72340033E+04  -.12977525E+06
 -.73211600E+04  -.13022311E+06
 -.74083167E+04  -.13067106E+06
 -.74954733E+04  -.13111915E+06
 -.75826300E+04  -.13156745E+06
 -.76697867E+04  -.13201601E+06
 -.77569433E+04  -.13246489E+06
 -.78441000E+04  -.13291417E+06
 -.79312567E+04  -.13336392E+06
 -.80184133E+04  -.13381419E+06
 -.81055700E+04  -.13426508E+06
 -.81927267E+04  -.13471666E+06
 -.82798833E+04  -.13516900E+06
 -.83670400E+04  -.13562221E+06
 -.84541967E+04  -.13607637E+06
 -.85413533E+04  -.13653158E+06
 -.86285100E+04  -.13698795E+06
 -.87156667E+04  -.13744558E+06
 -.88028233E+04  -.13790459E+06
 -.88899800E+04  -.13836512E+06
 -.89771367E+04  -.13882728E+06
 -.90642933E+04  -.13929124E+06
 -.91514500E+04  -.13975715E+06
 -.92386067E+04  -.14022517E+06
 -.93257633E+04  -.14069549E+06
 -.94129200E+04  -.14116831E+06
 -.95000767E+04  -.14164385E+06
 -.95872333E+04  -.14212234E+06
 -.96743900E+04  -.14260406E+06
 -.97615467E+04  -.14308929E+06
 -.98487033E+04  -.14357835E+06
 -.99358600E+04  -.14407161E+06
 -.10023017E+05  -.14456947E+06
 -.10110173E+05  -.14507240E+06
 -.10197330E+05  -.14558090E+06
 -.10284487E+05  -.14609559E+06
 -.10371643E+05  -.14661715E+06
 -.10458800E+05  -.14714639E+06
 -.10545957E+05  -.14768425E+06
 -.10633113E+05  -.14823188E+06
 -.10720270E+05  -.14879065E+06
 -.10807427E+05  -.14936224E+06
 -.10894583E+05  -.14994877E+06
 -.10981740E+05  -.15055294E+06
 -.11068897E+05  -.15117833E+06
 -.11156053E+05  -.15182979E+06
 -.11243210E+05  -.15251427E+06
 -.11330367E+05  -.15324220E+06
 -.11417523E+05  -.15403078E+06
 -.11504680E+05  -.15491205E+06
 -.11591837E+05  -.15596095E+06
 -.11678993E+05  -.15749633E+06
 -.11766150E+05  -.18166677E+06
 -.11853307E+05  -.18241499E+06
 -.11940463E+05  -.18318107E+06
 -.12027620E+05  -.18397205E+06
 -.12114777E+05  -.18479734E+06
 -.12201933E+05  -.18567065E+06
 -.12289090E+05  -.18661370E+06
 -.12376247E+05  -.18766581E+06
 -.12463403E+05  -.18891466E+06
 -.12550560E+05  -.19067666E+06
 -.12637717E+05  -.20436176E+06
 -.12724873E+05  -.20553140E+06
 -.12812030E+05  -.20655678E+06
 -.12899187E+05  -.20749546E+06
 -.12986343E+05  -.20837674E+06
 -.13073500E+05  -.20921812E+06
 -.13160657E+05  -.21003121E+06
 -.13247813E+05  -.21082442E+06
 -.13334970E+05  -.21160422E+06
 -.13422127E+05  -.21237600E+06
 -.13509283E+05  -.21314448E+06
 -.13596440E+05  -.21391414E+06
 -.13683597E+05  -.21468946E+06
 -.13770753E+05  -.21547526E+06
 -.13857910E+05  -.21627709E+06
 -.13945067E+05  -.21710166E+06
 -.14032223E+05  -.21795773E+06
 -.14119380E+05  -.21885741E+06
 -.14206537E+05  -.21981883E+06
 -.14293693E+05  -.22087180E+06
 -.14380850E+05  -.22207231E+06
 -.14468007E+05  -.22355145E+06
 -.14555163E+05  -.22580261E+06
 -.14642320E+05  -.23123621E+06
 -.14729477E+05  -.23385133E+06
 -.14816633E+05  -.23547922E+06
 -.14903790E+05  -.23678936E+06
 -.14990947E+05  -.23793802E+06
 -.15078103E+05  -.23898890E+06
 -.15165260E+05  -.23997500E+06
 -.15252417E+05  -.24091600E+06
 -.15339573E+05  -.24182487E+06
 -.15426730E+05  -.24271087E+06
 -.15513887E+05  -.24358106E+06
 -.15601043E+05  -.24444125E+06
 -.15688200E+05  -.24529651E+06
 -.15775357E+05  -.24615161E+06
 -.15862513E+05  -.24701134E+06
 -.15949670E+05  -.24788083E+06
 -.16036827E+05  -.24876593E+06
 -.16123983E+05  -.24967371E+06
 -.16211140E+05  -.25061319E+06
 -.16298297E+05  -.25159656E+06
 -.16385453E+05  -.25264133E+06
 -.16472610E+05  -.25377444E+06
 -.16559767E+05  -.25504103E+06
 -.16646923E+05  -.25652465E+06
 -.16734080E+05  -.25839286E+06
 -.16821237E+05  -.26087077E+06
 -.16908393E+05  -.26346461E+06
 -.16995550E+05  -.26545963E+06
 -.17082707E+05  -.26702056E+06
 -.17169863E+05  -.26833975E+06
 -.17257020E+05  -.26951379E+06
 -.17344177E+05  -.27059364E+06
 -.17431333E+05  -.27160913E+06
 -.17518490E+05  -.27257930E+06
 -.17605647E+05  -.27351724E+06
 -.17692803E+05  -.27443255E+06
 -.17779960E+05  -.27533270E+06
 -.17867117E+05  -.27622387E+06
 -.17954273E+05  -.27711147E+06
 -.18041430E+05  -.27800058E+06
 -.18128587E+05  -.27889626E+06
 -.18215743E+05  -.27980390E+06
 -.18302900E+05  -.28072957E+06
 -.18390057E+05  -.28168055E+06
 -.18477213E+05  -.28266598E+06
 -.18564370E+05  -.28369797E+06
 -.18651527E+05  -.28479328E+06
 -.18738683E+05  -.28597624E+06
 -.18825840E+05  -.28728346E+06
 -.18912997E+05  -.28876998E+06
 -.19000153E+05  -.29050485E+06
 -.19087310E+05  -.29249478E+06
 -.19174467E+05  -.29452074E+06
 -.19261623E+05  -.29631440E+06
 -.19348780E+05  -.29784136E+06
 -.19435937E+05  -.29916997E+06
 -.19523093E+05  -.30036163E+06
 -.19610250E+05  -.30145761E+06
 -.19697407E+05  -.30248505E+06
 -.19784563E+05  -.30346237E+06
 -.19871720E+05  -.30440261E+06
 -.19958877E+05  -.30531543E+06
 -.20046033E+05  -.30620830E+06
 -.20133190E+05  -.30708722E+06
 -.20220347E+05  -.30795726E+06
 -.20307503E+05  -.30882288E+06
 -.20394660E+05  -.30968821E+06
 -.20481817E+05  -.31055726E+06
 -.20568973E+05  -.31143411E+06
 -.20656130E+05  -.31232315E+06
 -.20743287E+05  -.31322926E+06
 -.20830443E+05  -.31415819E+06
 -.20917600E+05  -.31511691E+06
 -.21004757E+05  -.31611421E+06
 -.21091913E+05  -.31716148E+06
 -.21179070E+05  -.31827384E+06
 -.21266227E+05  -.31947156E+06
 -.21353383E+05  -.32078090E+06
 -.21440540E+05  -.32223118E+06
 -.21527697E+05  -.32383730E+06
 -.21614853E+05  -.32555745E+06
 -.21702010E+05  -.32727309E+06
 -.21789167E+05  -.32887074E+06
 -.21876323E+05  -.33031552E+06
 -.21963480E+05  -.33162478E+06
 -.22050637E+05  -.33282781E+06
 -.22137793E+05  -.33395039E+06
 -.22224950E+05  -.33501242E+06
 -.22312107E+05  -.33602885E+06
 -.22399263E+05  -.33701108E+06
 -.22486420E+05  -.33796800E+06
 -.22573577E+05  -.33890676E+06
 -.22660733E+05  -.33983336E+06
 -.22747890E+05  -.34075301E+06
 -.22835047E+05  -.34167046E+06
 -.22922203E+05  -.34259020E+06
 -.23009360E+05  -.34351672E+06
 -.23096517E+05  -.34445472E+06
 -.23183673E+05  -.34540931E+06
 -.23270830E+05  -.34638628E+06
 -.23357987E+05  -.34739244E+06
 -.23445143E+05  -.34843596E+06
 -.23532300E+05  -.34952676E+06
 -.23619457E+05  -.35067676E+06
 -.23706613E+05  -.35189945E+06
 -.23793770E+05  -.35320741E+06
 -.23880927E+05  -.35460519E+06
 -.23968083E+05  -.35607619E+06
 -.24055240E+05  -.35757313E+06
 -.24142397E+05  -.35903324E+06
 -.24229553E+05  -.36041147E+06
 -.24316710E+05  -.36169408E+06
 -.24403867E+05  -.36288783E+06
 -.24491023E+05  -.36400675E+06
 -.24578180E+05  -.36506516E+06
 -.24665337E+05  -.36607543E+06
 -.24752493E+05  -.36704767E+06
 -.24839650E+05  -.36799004E+06
 -.24926807E+05  -.36890916E+06
 -.25013963E+05  -.36981050E+06
 -.25101120E+05  -.37069863E+06
 -.25188277E+05  -.37157752E+06
 -.25275433E+05  -.37245067E+06
 -.25362590E+05  -.37332126E+06
 -.25449747E+05  -.37419229E+06
 -.25536903E+05  -.37506665E+06
 -.25624060E+05  -.37594724E+06
 -.25711217E+05  -.37683709E+06
 -.25798373E+05  -.37773941E+06
 -.25885530E+05  -.37865775E+06
 -.25972687E+05  -.37959614E+06
 -.26059843E+05  -.38055923E+06
 -.26147000E+05  -.38155249E+06
Mv-Hv               
 0.00000000E+00  -.43339706E+03
 0.00000000E+00  -.43002980E+03
 0.00000000E+00  -.42755574E+03
 0.00000000E+00  -.42641674E+03
 0.00000000E+00  -.42696407E+03
 0.00000000E+00  -.42941541E+03
 0.00000000E+00  -.43382195E+03
 0.00000000E+00  -.44004156E+03
 0.00000000E+00  -.44772458E+03
 0.00000000E+00  -.45631661E+03
 0.00000000E+00  -.46508337E+03
 0.00000000E+00  -.47315846E+03
 0.00000000E+00  -.47960958E+03
 0.00000000E+00  -.48351653E+03
 0.00000000E+00  -.48404796E+03
 0.00000000E+00  -.48052701E+03
 0.00000000E+00  -.47247718E+03
 0.00000000E+00  -.45964640E+03
 0.00000000E+00  -.44201086E+03
 0.00000000E+00  -.41976457E+03
 0.00000000E+00  -.39330029E+03
 0.00000000E+00  -.36318646E+03
 0.00000000E+00  -.33014315E+03
 0.00000000E+00  -.29502002E+03
 0.00000000E+00  -.25876944E+03
 0.00000000E+00  -.22241636E+03
 0.00000000E+00  -.18701757E+03
 0.00000000E+00  -.15360710E+03
 0.00000000E+00  -.12312512E+03
 0.00000000E+00  -.96330791E+02
 0.00000000E+00  -.73707566E+02
 0.00000000E+00  -.55375678E+02
 0.00000000E+00  -.41035155E+02
 0.00000000E+00  -.29963322E+02
 0.00000000E+00  -.21082226E+02
 0.00000000E+00  -.13089030E+02
 0.00000000E+00  -.46245064E+01
 0.00000000E+00  0.55636208E+01
 0.00000000E+00  0.18496551E+02
 0.00000000E+00  0.34897147E+02
 0.00000000E+00  0.55177774E+02
 0.00000000E+00  0.79464914E+02
 0.00000000E+00  0.10764233E+03
 0.00000000E+00  0.13939686E+03
 0.00000000E+00  0.17425590E+03
 0.00000000E+00  0.21161606E+03
 0.00000000E+00  0.25075836E+03
 0.00000000E+00  0.29085676E+03
 0.00000000E+00  0.33098258E+03
 0.00000000E+00  0.37011255E+03
 0.00000000E+00  0.40714535E+03
 0.00000000E+00  0.44093680E+03
 0.00000000E+00  0.47035957E+03
 0.00000000E+00  0.49439326E+03
 0.00000000E+00  0.51224129E+03
 0.00000000E+00  0.52346194E+03
 0.00000000E+00  0.52808641E+03
 0.00000000E+00  0.52668821E+03
 0.00000000E+00  0.52037120E+03
 0.00000000E+00  0.51066185E+03
 0.00000000E+00  0.49932365E+03
 0.00000000E+00  0.48813903E+03
 0.00000000E+00  0.47871303E+03
 0.00000000E+00  0.47233992E+03
 0.00000000E+00  0.46994622E+03
 0.00000000E+00  0.47209986E+03
 0.00000000E+00  0.47906267E+03
 0.00000000E+00  0.49086129E+03
 0.00000000E+00  0.50735855E+03
 0.00000000E+00  0.52831481E+03
 0.00000000E+00  0.55343414E+03
 0.00000000E+00  0.58239591E+03
 0.00000000E+00  0.61487053E+03
 0.00000000E+00  0.65052642E+03
 0.00000000E+00  0.68902088E+03
 0.00000000E+00  0.72998393E+03
 0.00000000E+00  0.77299076E+03
 0.00000000E+00  0.81752532E+03
 0.00000000E+00  0.86293528E+03
 0.00000000E+00  0.90838480E+03
 0.00000000E+00  0.95281334E+03
 0.00000000E+00  0.99491837E+03
 0.00000000E+00  0.10331833E+04
 0.00000000E+00  0.10659747E+04
 0.00000000E+00  0.10917174E+04
 0.00000000E+00  0.11091372E+04
 0.00000000E+00  0.11175197E+04
 0.00000000E+00  0.11169126E+04
 0.00000000E+00  0.11081960E+04
 0.00000000E+00  0.10929767E+04
 0.00000000E+00  0.10733252E+04
 0.00000000E+00  0.10514331E+04
 0.00000000E+00  0.10292928E+04
 0.00000000E+00  0.10084841E+04
 0.00000000E+00  0.99009388E+03
 0.00000000E+00  0.97474901E+03
 0.00000000E+00  0.96271384E+03
 0.00000000E+00  0.95400520E+03
 0.00000000E+00  0.94849625E+03
 0.00000000E+00  0.94599508E+03
 0.00000000E+00  0.94629782E+03
 0.00000000E+00  0.94922223E+03
 0.00000000E+00  0.95462524E+03
 0.00000000E+00  0.96241303E+03
 0.00000000E+00  0.97254598E+03
 0.00000000E+00  0.98503963E+03
 0.00000000E+00  0.99996676E+03
 0.00000000E+00  0.10174576E+04
 0.00000000E+00  0.10376994E+04
 0.00000000E+00  0.10609342E+04
 0.00000000E+00  0.10874501E+04
 0.00000000E+00  0.11175621E+04
 0.00000000E+00  0.11515728E+04
 0.00000000E+00  0.11896955E+04
 0.00000000E+00  0.12319213E+04
 0.00000000E+00  0.12778023E+04
 0.00000000E+00  0.13261356E+04
 0.00000000E+00  0.13745707E+04
 0.00000000E+00  0.14192580E+04
 0.00000000E+00  0.14547951E+04
 0.00000000E+00  0.14748383E+04
 0.00000000E+00  0.14736216E+04
 0.00000000E+00  0.14481049E+04
 0.00000000E+00  0.13997299E+04
 0.00000000E+00  0.13344826E+04
 0.00000000E+00  0.12608623E+04
 0.00000000E+00  0.11869570E+04
 0.00000000E+00  0.11184132E+04
 0.00000000E+00  0.10580419E+04
 0.00000000E+00  0.10065115E+04
 0.00000000E+00  0.96328264E+03
 0.00000000E+00  0.92731635E+03
 0.00000000E+00  0.89748117E+03
 0.00000000E+00  0.87273936E+03
 0.00000000E+00  0.85220991E+03
 0.00000000E+00  0.83517345E+03
 0.00000000E+00  0.82105391E+03
 0.00000000E+00  0.80939461E+03
 0.00000000E+00  0.79983523E+03
 0.00000000E+00  0.79209244E+03
 0.00000000E+00  0.78594466E+03
 0.00000000E+00  0.78121736E+03
 0.00000000E+00  0.77777281E+03
 0.00000000E+00  0.77549842E+03
 0.00000000E+00  0.77429323E+03
 0.00000000E+00  0.77404733E+03
 0.00000000E+00  0.77460510E+03
 0.00000000E+00  0.77569456E+03
 0.00000000E+00  0.77678500E+03
 0.00000000E+00  0.77680131E+03
 0.00000000E+00  0.77357152E+03
 0.00000000E+00  0.76288844E+03
 0.00000000E+00  0.73746852E+03
 0.00000000E+00  0.68773518E+03
 0.00000000E+00  0.60882210E+03
 0.00000000E+00  0.51271443E+03
 0.00000000E+00  0.42594563E+03
 0.00000000E+00  0.36651990E+03
 0.00000000E+00  0.33378725E+03
 0.00000000E+00  0.31880844E+03
 0.00000000E+00  0.31360359E+03
 0.00000000E+00  0.31324537E+03
 0.00000000E+00  0.31506849E+03
 0.00000000E+00  0.31768339E+03
 0.00000000E+00  0.32035630E+03
 0.00000000E+00  0.32267877E+03
 0.00000000E+00  0.32439972E+03
 0.00000000E+00  0.32533796E+03
 0.00000000E+00  0.32533427E+03
 0.00000000E+00  0.32422182E+03
 0.00000000E+00  0.32180337E+03
 0.00000000E+00  0.31782872E+03
 0.00000000E+00  0.31196816E+03
 0.00000000E+00  0.30377495E+03
 0.00000000E+00  0.29262916E+03
 0.00000000E+00  0.27764850E+03
 0.00000000E+00  0.25753817E+03
 0.00000000E+00  0.23032750E+03
 0.00000000E+00  0.19287794E+03
 0.00000000E+00  0.13989229E+03
 0.00000000E+00  0.61724502E+02
 0.00000000E+00  -.61128070E+02
 0.00000000E+00  -.27473256E+03
 0.00000000E+00  -.72130097E+03
 0.00000000E+00  -.21549340E+04
 0.00000000E+00  -.41305381E+04
 0.00000000E+00  -.46123410E+04
 0.00000000E+00  -.45215659E+04
 0.00000000E+00  -.38803595E+04
 0.00000000E+00  -.27020363E+04
 0.00000000E+00  -.18147357E+04
 0.00000000E+00  -.13186290E+04
 0.00000000E+00  -.10085948E+04
 0.00000000E+00  -.79267519E+03
 0.00000000E+00  -.63051471E+03
 0.00000000E+00  -.50203546E+03
 0.00000000E+00  -.39613301E+03
 0.00000000E+00  -.30614505E+03
 0.00000000E+00  -.22781276E+03
 0.00000000E+00  -.15827188E+03
 0.00000000E+00  -.95513718E+02
 0.00000000E+00  -.38078713E+02
 0.00000000E+00  0.15126747E+02
 0.00000000E+00  0.64944912E+02
 0.00000000E+00  0.11204074E+03
 0.00000000E+00  0.15695119E+03
 0.00000000E+00  0.20011841E+03
 0.00000000E+00  0.24191173E+03
 0.00000000E+00  0.28264053E+03
 0.00000000E+00  0.32255803E+03
 0.00000000E+00  0.36185170E+03
 0.00000000E+00  0.40060995E+03
 0.00000000E+00  0.43873628E+03
 0.00000000E+00  0.47573319E+03
 0.00000000E+00  0.51011485E+03
 0.00000000E+00  0.53756330E+03
 0.00000000E+00  0.54352073E+03
 0.00000000E+00  0.45393302E+03
 0.00000000E+00  -.10213727E+05
 0.00000000E+00  -.10213326E+05
 0.00000000E+00  -.10177722E+05
 0.00000000E+00  -.10105507E+05
 0.00000000E+00  -.99906368E+04
 0.00000000E+00  -.98192717E+04
 0.00000000E+00  -.95591191E+04
 0.00000000E+00  -.91074781E+04
 0.00000000E+00  -.14353883E+04
 0.00000000E+00  -.11674184E+04
 0.00000000E+00  -.96430309E+03
 0.00000000E+00  -.79989356E+03
 0.00000000E+00  -.66107906E+03
 0.00000000E+00  -.54030545E+03
 0.00000000E+00  -.43281165E+03
 0.00000000E+00  -.33539705E+03
 0.00000000E+00  -.24580108E+03
 0.00000000E+00  -.16236166E+03
 0.00000000E+00  -.83814181E+02
 0.00000000E+00  -.91666052E+01
 0.00000000E+00  0.62381924E+02
 0.00000000E+00  0.13149649E+03
 0.00000000E+00  0.19874530E+03
 0.00000000E+00  0.26462867E+03
 0.00000000E+00  0.32960152E+03
 0.00000000E+00  0.39409184E+03
 0.00000000E+00  0.45851700E+03
 0.00000000E+00  0.52329985E+03
 0.00000000E+00  0.58888541E+03
 0.00000000E+00  0.65576066E+03
 0.00000000E+00  0.72447900E+03
 0.00000000E+00  0.79569343E+03
 0.00000000E+00  0.87020359E+03
 0.00000000E+00  0.94902681E+03
 0.00000000E+00  0.10335108E+04
 0.00000000E+00  0.11255234E+04
 0.00000000E+00  0.12277964E+04
 0.00000000E+00  0.13446083E+04
 0.00000000E+00  0.14833141E+04
 0.00000000E+00  0.16585046E+04
 0.00000000E+00  0.19077993E+04
 0.00000000E+00  0.24578705E+04
 0.00000000E+00  0.12828240E+05
 0.00000000E+00  0.12931105E+05
 0.00000000E+00  0.13025280E+05
 0.00000000E+00  0.13111865E+05
 0.00000000E+00  0.13191713E+05
 0.00000000E+00  0.13265497E+05
 0.00000000E+00  0.13333745E+05
 0.00000000E+00  0.13396874E+05
 0.00000000E+00  0.13455200E+05
 0.00000000E+00  0.13508960E+05
 0.00000000E+00  0.13558313E+05
 0.00000000E+00  0.13603341E+05
 0.00000000E+00  0.13644049E+05
 0.00000000E+00  0.13680347E+05
 0.00000000E+00  0.13712037E+05
 0.00000000E+00  0.13738769E+05
 0.00000000E+00  0.13759980E+05
 0.00000000E+00  0.13774776E+05
 0.00000000E+00  0.13781703E+05
 0.00000000E+00  0.13778274E+05
 0.00000000E+00  0.13759776E+05
 0.00000000E+00  0.13715494E+05
 0.00000000E+00  0.13608373E+05
 0.00000000E+00  0.27103377E+03
 0.00000000E+00  0.29952027E+03
 0.00000000E+00  0.32821570E+03
 0.00000000E+00  0.35716800E+03
 0.00000000E+00  0.38642217E+03
 0.00000000E+00  0.41602377E+03
 0.00000000E+00  0.44601974E+03
 0.00000000E+00  0.47646111E+03
 0.00000000E+00  0.50740626E+03
 0.00000000E+00  0.53892616E+03
 0.00000000E+00  0.57111271E+03
 0.00000000E+00  0.60409070E+03
 0.00000000E+00  0.63803675E+03
 0.00000000E+00  0.67320802E+03
 0.00000000E+00  0.70998614E+03
 0.00000000E+00  0.74894365E+03
 0.00000000E+00  0.79094440E+03
 0.00000000E+00  0.83730226E+03
 0.00000000E+00  0.89003156E+03
 0.00000000E+00  0.95229793E+03
 0.00000000E+00  0.10293713E+04
 0.00000000E+00  0.11311226E+04
 0.00000000E+00  0.12809838E+04
 0.00000000E+00  0.15828559E+04
 0.00000000E+00  -.10783602E+04
 0.00000000E+00  -.10726754E+04
 0.00000000E+00  -.10667843E+04
 0.00000000E+00  -.10606583E+04
 0.00000000E+00  -.10542645E+04
 0.00000000E+00  -.10475664E+04
 0.00000000E+00  -.10405222E+04
 0.00000000E+00  -.10330824E+04
 0.00000000E+00  -.10251876E+04
 0.00000000E+00  -.10167657E+04
 0.00000000E+00  -.10077271E+04
 0.00000000E+00  -.99795920E+03
 0.00000000E+00  -.98731783E+03
 0.00000000E+00  -.97561442E+03
 0.00000000E+00  -.96259652E+03
 0.00000000E+00  -.94791605E+03
 0.00000000E+00  -.93107623E+03
 0.00000000E+00  -.91133597E+03
 0.00000000E+00  -.88752639E+03
 0.00000000E+00  -.85766104E+03
 0.00000000E+00  -.81796908E+03
 0.00000000E+00  -.75996370E+03
 0.00000000E+00  -.65709542E+03
 0.00000000E+00  -.18161946E+04
 0.00000000E+00  -.18152872E+04
 0.00000000E+00  -.18133422E+04
 0.00000000E+00  -.18102960E+04
 0.00000000E+00  -.18060711E+04
 0.00000000E+00  -.18005727E+04
 0.00000000E+00  -.17936853E+04
 0.00000000E+00  -.17852686E+04
 0.00000000E+00  -.17751520E+04
 0.00000000E+00  -.17631267E+04
 0.00000000E+00  -.17489361E+04
 0.00000000E+00  -.17322612E+04
 0.00000000E+00  -.17127009E+04
 0.00000000E+00  -.16897446E+04
 0.00000000E+00  -.16627297E+04
 0.00000000E+00  -.16307799E+04
 0.00000000E+00  -.15927074E+04
 0.00000000E+00  -.15468522E+04
 0.00000000E+00  -.14908032E+04
 0.00000000E+00  -.14208797E+04
 0.00000000E+00  -.13310652E+04
 0.00000000E+00  -.12104930E+04
 0.00000000E+00  -.10360704E+04
 0.00000000E+00  -.73936310E+03
 0.00000000E+00  0.93236908E+04
 0.00000000E+00  0.92605743E+04
 0.00000000E+00  0.91816648E+04
 0.00000000E+00  0.90837682E+04
 0.00000000E+00  0.89618504E+04
 0.00000000E+00  0.88075639E+04
 0.00000000E+00  0.86056823E+04
 0.00000000E+00  0.83231977E+04
 0.00000000E+00  0.78545070E+04
 0.00000000E+00  -.22590017E+04
 0.00000000E+00  -.22680377E+04
 0.00000000E+00  -.22663580E+04
 0.00000000E+00  -.22536942E+04
 0.00000000E+00  -.22292336E+04
 0.00000000E+00  -.21914891E+04
 0.00000000E+00  -.21380216E+04
 0.00000000E+00  -.20648746E+04
 0.00000000E+00  -.19653557E+04
 0.00000000E+00  -.18270148E+04
 0.00000000E+00  -.16220143E+04
 0.00000000E+00  -.12535077E+04
 0.00000000E+00  0.11501219E+05
 0.00000000E+00  0.11481771E+05
 0.00000000E+00  0.11461973E+05
 0.00000000E+00  0.11441816E+05
 0.00000000E+00  0.11421286E+05
 0.00000000E+00  0.11400370E+05
 0.00000000E+00  0.11379050E+05
 0.00000000E+00  0.11357311E+05
 0.00000000E+00  0.11335134E+05
 0.00000000E+00  0.11312501E+05
 0.00000000E+00  0.11289391E+05
 0.00000000E+00  0.11265782E+05
 0.00000000E+00  0.11241651E+05
 0.00000000E+00  0.11216973E+05
 0.00000000E+00  0.11191720E+05
 0.00000000E+00  0.11165865E+05
 0.00000000E+00  0.11139375E+05
 0.00000000E+00  0.11112218E+05
 0.00000000E+00  0.11084358E+05
 0.00000000E+00  0.11055757E+05
 0.00000000E+00  0.11026374E+05
 0.00000000E+00  0.10996164E+05
 0.00000000E+00  0.10965080E+05
 0.00000000E+00  0.10933070E+05
 0.00000000E+00  0.10900078E+05
 0.00000000E+00  0.10866043E+05
 0.00000000E+00  0.10830901E+05
 0.00000000E+00  0.10794580E+05
 0.00000000E+00  0.10757002E+05
 0.00000000E+00  0.10718082E+05
 0.00000000E+00  0.10677730E+05
 0.00000000E+00  0.10635842E+05
 0.00000000E+00  0.10592307E+05
 0.00000000E+00  0.10547003E+05
 0.00000000E+00  0.10499793E+05
 0.00000000E+00  0.10450526E+05
 0.00000000E+00  0.10399035E+05
 0.00000000E+00  0.10345131E+05
 0.00000000E+00  0.10288603E+05
 0.00000000E+00  0.10229211E+05
 0.00000000E+00  0.10166686E+05
 0.00000000E+00  0.10100717E+05
 0.00000000E+00  0.10030948E+05
 0.00000000E+00  0.99569666E+04
 0.00000000E+00  0.98782926E+04
 0.00000000E+00  0.97943583E+04
 0.00000000E+00  0.97044887E+04
 0.00000000E+00  0.96078704E+04
 0.00000000E+00  0.95035100E+04
 0.00000000E+00  0.93901752E+04
 0.00000000E+00  0.92663078E+04
 0.00000000E+00  0.91298970E+04
 0.00000000E+00  0.89782685E+04
 0.00000000E+00  0.88077484E+04
 0.00000000E+00  0.86130646E+04
 0.00000000E+00  0.83861974E+04
 0.00000000E+00  0.81139015E+04
 0.00000000E+00  0.77713516E+04
 0.00000000E+00  0.73002969E+04
 0.00000000E+00  0.64532833E+04
 0.00000000E+00  -.25914430E+04
 0.00000000E+00  -.26417582E+04
 0.00000000E+00  -.26985337E+04
 0.00000000E+00  -.27634496E+04
 0.00000000E+00  -.28388003E+04
 0.00000000E+00  -.29279243E+04
 0.00000000E+00  -.30360932E+04
 0.00000000E+00  -.31726812E+04
 0.00000000E+00  -.33580579E+04
 0.00000000E+00  -.36628077E+04
 0.00000000E+00  -.41611414E+04
 0.00000000E+00  -.39285724E+04
 0.00000000E+00  -.37240964E+04
 0.00000000E+00  -.35415546E+04
 0.00000000E+00  -.33772849E+04
 0.00000000E+00  -.32288410E+04
 0.00000000E+00  -.30945045E+04
 0.00000000E+00  -.29730485E+04
 0.00000000E+00  -.28636155E+04
 0.00000000E+00  -.27656512E+04
 0.00000000E+00  -.26788742E+04
 0.00000000E+00  -.26032681E+04
 0.00000000E+00  -.25390991E+04
 0.00000000E+00  -.24869592E+04
 0.00000000E+00  -.24478473E+04
 0.00000000E+00  -.24233082E+04
 0.00000000E+00  -.24156728E+04
 0.00000000E+00  -.24284894E+04
 0.00000000E+00  -.24673549E+04
 0.00000000E+00  -.25416948E+04
 0.00000000E+00  -.26692301E+04
 0.00000000E+00  -.28905068E+04
 0.00000000E+00  -.33489952E+04
 0.00000000E+00  -.44791355E+04
 0.00000000E+00  -.46445883E+04
 0.00000000E+00  -.45895345E+04
 0.00000000E+00  -.44707379E+04
 0.00000000E+00  -.43216506E+04
 0.00000000E+00  -.41556080E+04
 0.00000000E+00  -.39796773E+04
 0.00000000E+00  -.37983470E+04
 0.00000000E+00  -.36148540E+04
 0.00000000E+00  -.34317557E+04
 0.00000000E+00  -.32512083E+04
 0.00000000E+00  -.30751207E+04
 0.00000000E+00  -.29052517E+04
 0.00000000E+00  -.27432878E+04
 0.00000000E+00  -.25909183E+04
 0.00000000E+00  -.24499238E+04
 0.00000000E+00  -.23222919E+04
 0.00000000E+00  -.22103835E+04
 0.00000000E+00  -.21171852E+04
 0.00000000E+00  -.20467196E+04
 0.00000000E+00  -.20047601E+04
 0.00000000E+00  -.20001807E+04
 0.00000000E+00  -.20477389E+04
 0.00000000E+00  -.21742841E+04
 0.00000000E+00  -.24315098E+04
 0.00000000E+00  -.28776215E+04
 0.00000000E+00  -.33271395E+04
 0.00000000E+00  -.35649077E+04
 0.00000000E+00  -.36607862E+04
 0.00000000E+00  -.36795310E+04
 0.00000000E+00  -.36521202E+04
 0.00000000E+00  -.35945261E+04
 0.00000000E+00  -.35160128E+04
 0.00000000E+00  -.34225360E+04
 0.00000000E+00  -.33182811E+04
 0.00000000E+00  -.32064338E+04
 0.00000000E+00  -.30896018E+04
 0.00000000E+00  -.29700650E+04
 0.00000000E+00  -.28499391E+04
 0.00000000E+00  -.27312942E+04
 0.00000000E+00  -.26162554E+04
 0.00000000E+00  -.25071044E+04
 0.00000000E+00  -.24063986E+04
 0.00000000E+00  -.23171325E+04
 0.00000000E+00  -.22429738E+04
 0.00000000E+00  -.21886300E+04
 0.00000000E+00  -.21604421E+04
 0.00000000E+00  -.21673651E+04
 0.00000000E+00  -.22225286E+04
 0.00000000E+00  -.23450696E+04
 0.00000000E+00  -.25576870E+04
 0.00000000E+00  -.28583329E+04
 0.00000000E+00  -.31653783E+04
 0.00000000E+00  -.33861885E+04
 0.00000000E+00  -.35123651E+04
 0.00000000E+00  -.35692840E+04
 0.00000000E+00  -.35785180E+04
 0.00000000E+00  -.35542030E+04
 0.00000000E+00  -.35054795E+04
 0.00000000E+00  -.34384915E+04
 0.00000000E+00  -.33575835E+04
 0.00000000E+00  -.32659965E+04
 0.00000000E+00  -.31662828E+04
 0.00000000E+00  -.30605650E+04
 0.00000000E+00  -.29507067E+04
 0.00000000E+00  -.28384315E+04
 0.00000000E+00  -.27254139E+04
 0.00000000E+00  -.26133544E+04
 0.00000000E+00  -.25040506E+04
 0.00000000E+00  -.23994714E+04
 0.00000000E+00  -.23018465E+04
 0.00000000E+00  -.22137775E+04
 0.00000000E+00  -.21383907E+04
 0.00000000E+00  -.20795494E+04
 0.00000000E+00  -.20421536E+04
 0.00000000E+00  -.20325424E+04
 0.00000000E+00  -.20589510E+04
 0.00000000E+00  -.21316594E+04
 0.00000000E+00  -.22613520E+04
 0.00000000E+00  -.24515336E+04
 0.00000000E+00  -.26817106E+04
 0.00000000E+00  -.29020678E+04
 0.00000000E+00  -.30686251E+04
 0.00000000E+00  -.31704487E+04
 0.00000000E+00  -.32165564E+04
 0.00000000E+00  -.32195618E+04
 0.00000000E+00  -.31900282E+04
 0.00000000E+00  -.31358722E+04
 0.00000000E+00  -.30629454E+04
 0.00000000E+00  -.29756623E+04
 0.00000000E+00  -.28774755E+04
 0.00000000E+00  -.27712053E+04
 0.00000000E+00  -.26592721E+04
 0.00000000E+00  -.25438622E+04
 0.00000000E+00  -.24270552E+04
 0.00000000E+00  -.23109278E+04
 0.00000000E+00  -.21976468E+04
 0.00000000E+00  -.20895642E+04
 0.00000000E+00  -.19893171E+04
 0.00000000E+00  -.18999459E+04
 0.00000000E+00  -.18250346E+04
 0.00000000E+00  -.17688739E+04
 0.00000000E+00  -.17366200E+04
 0.00000000E+00  -.17343567E+04
 0.00000000E+00  -.17687737E+04
 0.00000000E+00  -.18457472E+04
 0.00000000E+00  -.19665301E+04
 0.00000000E+00  -.21210684E+04
 0.00000000E+00  -.22837262E+04
 0.00000000E+00  -.24219880E+04
 0.00000000E+00  -.25136063E+04
 0.00000000E+00  -.25527001E+04
 0.00000000E+00  -.25435980E+04
 0.00000000E+00  -.24939002E+04
 0.00000000E+00  -.24110464E+04
 0.00000000E+00  -.23012814E+04
 0.00000000E+00  -.21695886E+04
 0.00000000E+00  -.20199033E+04
 0.00000000E+00  -.18553579E+04
 0.00000000E+00  -.16784919E+04
 0.00000000E+00  -.14914165E+04
 0.00000000E+00  -.12959408E+04
 0.00000000E+00  -.10936685E+04
 0.00000000E+00  -.88607404E+03
 0.00000000E+00  -.67456393E+03
 0.00000000E+00  -.46052933E+03
 0.00000000E+00  -.24539290E+03
 0.00000000E+00  -.30654354E+02
 0.00000000E+00  0.18206250E+03
 0.00000000E+00  0.39095662E+03
 0.00000000E+00  0.59398692E+03
 0.00000000E+00  0.78879508E+03
 0.00000000E+00  0.97260904E+03
Mw-Hw               
 0.29885900E+06  0.36127871E+06
 0.29786280E+06  0.36008933E+06
 0.29686661E+06  0.35889971E+06
 0.29587041E+06  0.35770984E+06
 0.29487421E+06  0.35651970E+06
 0.29387802E+06  0.35532928E+06
 0.29288182E+06  0.35413858E+06
 0.29188562E+06  0.35294759E+06
 0.29088943E+06  0.35175631E+06
 0.28989323E+06  0.35056475E+06
 0.28889703E+06  0.34937292E+06
 0.28790084E+06  0.34818085E+06
 0.28690464E+06  0.34698855E+06
 0.28590844E+06  0.34579605E+06
 0.28491225E+06  0.34460339E+06
 0.28391605E+06  0.34341059E+06
 0.28291985E+06  0.34221766E+06
 0.28192366E+06  0.34102464E+06
 0.28092746E+06  0.33983152E+06
 0.27993126E+06  0.33863831E+06
 0.27893507E+06  0.33744502E+06
 0.27793887E+06  0.33625161E+06
 0.27694267E+06  0.33505810E+06
 0.27594648E+06  0.33386444E+06
 0.27495028E+06  0.33267062E+06
 0.27395408E+06  0.33147662E+06
 0.27295789E+06  0.33028241E+06
 0.27196169E+06  0.32908797E+06
 0.27096549E+06  0.32789327E+06
 0.26996930E+06  0.32669830E+06
 0.26897310E+06  0.32550307E+06
 0.26797690E+06  0.32430757E+06
 0.26698071E+06  0.32311183E+06
 0.26598451E+06  0.32191589E+06
 0.26498831E+06  0.32071977E+06
 0.26399212E+06  0.31952355E+06
 0.26299592E+06  0.31832727E+06
 0.26199972E+06  0.31713098E+06
 0.26100353E+06  0.31593472E+06
 0.26000733E+06  0.31473853E+06
 0.25901113E+06  0.31354242E+06
 0.25801494E+06  0.31234641E+06
 0.25701874E+06  0.31115047E+06
 0.25602254E+06  0.30995462E+06
 0.25502635E+06  0.30875881E+06
 0.25403015E+06  0.30756304E+06
 0.25303395E+06  0.30636727E+06
 0.25203776E+06  0.30517146E+06
 0.25104156E+06  0.30397560E+06
 0.25004536E+06  0.30277963E+06
 0.24904917E+06  0.30158354E+06
 0.24805297E+06  0.30038728E+06
 0.24705677E+06  0.29919084E+06
 0.24606058E+06  0.29799418E+06
 0.24506438E+06  0.29679730E+06
 0.24406818E+06  0.29560019E+06
 0.24307199E+06  0.29440285E+06
 0.24207579E+06  0.29320530E+06
 0.24107959E+06  0.29200756E+06
 0.24008340E+06  0.29080967E+06
 0.23908720E+06  0.28961168E+06
 0.23809100E+06  0.28841362E+06
 0.23709481E+06  0.28721553E+06
 0.23609861E+06  0.28601745E+06
 0.23510241E+06  0.28481939E+06
 0.23410622E+06  0.28362139E+06
 0.23311002E+06  0.28242344E+06
 0.23211382E+06  0.28122555E+06
 0.23111763E+06  0.28002771E+06
 0.23012143E+06  0.27882992E+06
 0.22912523E+06  0.27763216E+06
 0.22812904E+06  0.27643442E+06
 0.22713284E+06  0.27523667E+06
 0.22613664E+06  0.27403888E+06
 0.22514045E+06  0.27284104E+06
 0.22414425E+06  0.27164310E+06
 0.22314805E+06  0.27044504E+06
 0.22215186E+06  0.26924682E+06
 0.22115566E+06  0.26804840E+06
 0.22015946E+06  0.26684975E+06
 0.21916327E+06  0.26565083E+06
 0.21816707E+06  0.26445162E+06
 0.21717087E+06  0.26325209E+06
 0.21617468E+06  0.26205224E+06
 0.21517848E+06  0.26085205E+06
 0.21418228E+06  0.25965154E+06
 0.21318609E+06  0.25845073E+06
 0.21218989E+06  0.25724964E+06
 0.21119369E+06  0.25604829E+06
 0.21019750E+06  0.25484674E+06
 0.20920130E+06  0.25364503E+06
 0.20820510E+06  0.25244321E+06
 0.20720891E+06  0.25124134E+06
 0.20621271E+06  0.25003947E+06
 0.20521651E+06  0.24883765E+06
 0.20422032E+06  0.24763593E+06
 0.20322412E+06  0.24643435E+06
 0.20222792E+06  0.24523293E+06
 0.20123173E+06  0.24403167E+06
 0.20023553E+06  0.24283060E+06
 0.19923933E+06  0.24162971E+06
 0.19824314E+06  0.24042900E+06
 0.19724694E+06  0.23922845E+06
 0.19625074E+06  0.23802806E+06
 0.19525455E+06  0.23682780E+06
 0.19425835E+06  0.23562766E+06
 0.19326215E+06  0.23442762E+06
 0.19226596E+06  0.23322766E+06
 0.19126976E+06  0.23202775E+06
 0.19027356E+06  0.23082787E+06
 0.18927737E+06  0.22962797E+06
 0.18828117E+06  0.22842803E+06
 0.18728497E+06  0.22722801E+06
 0.18628878E+06  0.22602785E+06
 0.18529258E+06  0.22482751E+06
 0.18429638E+06  0.22362693E+06
 0.18330019E+06  0.22242605E+06
 0.18230399E+06  0.22122481E+06
 0.18130779E+06  0.22002315E+06
 0.18031160E+06  0.21882104E+06
 0.17931540E+06  0.21761843E+06
 0.17831920E+06  0.21641530E+06
 0.17732301E+06  0.21521164E+06
 0.17632681E+06  0.21400748E+06
 0.17533061E+06  0.21280286E+06
 0.17433442E+06  0.21159790E+06
 0.17333822E+06  0.21039272E+06
 0.17234202E+06  0.20918748E+06
 0.17134583E+06  0.20798232E+06
 0.17034963E+06  0.20677733E+06
 0.16935343E+06  0.20557259E+06
 0.16835724E+06  0.20436814E+06
 0.16736104E+06  0.20316399E+06
 0.16636484E+06  0.20196015E+06
 0.16536865E+06  0.20075660E+06
 0.16437245E+06  0.19955333E+06
 0.16337625E+06  0.19835034E+06
 0.16238006E+06  0.19714760E+06
 0.16138386E+06  0.19594509E+06
 0.16038766E+06  0.19474281E+06
 0.15939147E+06  0.19354074E+06
 0.15839527E+06  0.19233886E+06
 0.15739907E+06  0.19113715E+06
 0.15640288E+06  0.18993559E+06
 0.15540668E+06  0.18873418E+06
 0.15441048E+06  0.18753287E+06
 0.15341429E+06  0.18633162E+06
 0.15241809E+06  0.18513040E+06
 0.15142189E+06  0.18392913E+06
 0.15042570E+06  0.18272770E+06
 0.14942950E+06  0.18152597E+06
 0.14843330E+06  0.18032375E+06
 0.14743711E+06  0.17912080E+06
 0.14644091E+06  0.17791686E+06
 0.14544471E+06  0.17671171E+06
 0.14444852E+06  0.17550524E+06
 0.14345232E+06  0.17429757E+06
 0.14245612E+06  0.17308903E+06
 0.14145993E+06  0.17188006E+06
 0.14046373E+06  0.17067107E+06
 0.13946753E+06  0.16946236E+06
 0.13847134E+06  0.16825406E+06
 0.13747514E+06  0.16704625E+06
 0.13647894E+06  0.16583892E+06
 0.13548275E+06  0.16463207E+06
 0.13448655E+06  0.16342566E+06
 0.13349035E+06  0.16221967E+06
 0.13249416E+06  0.16101406E+06
 0.13149796E+06  0.15980881E+06
 0.13050176E+06  0.15860391E+06
 0.12950557E+06  0.15739933E+06
 0.12850937E+06  0.15619507E+06
 0.12751317E+06  0.15499112E+06
 0.12651698E+06  0.15378747E+06
 0.12552078E+06  0.15258412E+06
 0.12452458E+06  0.15138109E+06
 0.12352839E+06  0.15017836E+06
 0.12253219E+06  0.14897597E+06
 0.12153599E+06  0.14777392E+06
 0.12053980E+06  0.14657223E+06
 0.11954360E+06  0.14537093E+06
 0.11854740E+06  0.14417002E+06
 0.11755121E+06  0.14296947E+06
 0.11655501E+06  0.14176904E+06
 0.11555881E+06  0.14056627E+06
 0.11456262E+06  0.13935411E+06
 0.11356642E+06  0.13814482E+06
 0.11257022E+06  0.13693743E+06
 0.11157403E+06  0.13573035E+06
 0.11057783E+06  0.13452001E+06
 0.10958163E+06  0.13330629E+06
 0.10858544E+06  0.13209290E+06
 0.10758924E+06  0.13088055E+06
 0.10659304E+06  0.12966918E+06
 0.10559685E+06  0.12845863E+06
 0.10460065E+06  0.12724877E+06
 0.10360445E+06  0.12603951E+06
 0.10260826E+06  0.12483077E+06
 0.10161206E+06  0.12362250E+06
 0.10061586E+06  0.12241464E+06
 0.99619667E+05  0.12120718E+06
 0.98623470E+05  0.12000007E+06
 0.97627273E+05  0.11879331E+06
 0.96631077E+05  0.11758689E+06
 0.95634880E+05  0.11638079E+06
 0.94638683E+05  0.11517502E+06
 0.93642487E+05  0.11396958E+06
 0.92646290E+05  0.11276448E+06
 0.91650093E+05  0.11155975E+06
 0.90653897E+05  0.11035539E+06
 0.89657700E+05  0.10915146E+06
 0.88661503E+05  0.10794800E+06
 0.87665307E+05  0.10674508E+06
 0.86669110E+05  0.10554279E+06
 0.85672913E+05  0.10434130E+06
 0.84676717E+05  0.10314083E+06
 0.83680520E+05  0.10194182E+06
 0.82684323E+05  0.10074534E+06
 0.81688127E+05  0.99477341E+05
 0.80691930E+05  0.98268500E+05
 0.79695733E+05  0.97060305E+05
 0.78699537E+05  0.95852744E+05
 0.77703340E+05  0.94645852E+05
 0.76707143E+05  0.93439740E+05
 0.75710947E+05  0.92234669E+05
 0.74714750E+05  0.91031440E+05
 0.73718553E+05  0.89805201E+05
 0.72722357E+05  0.88590429E+05
 0.71726160E+05  0.87376788E+05
 0.70729963E+05  0.86163962E+05
 0.69733767E+05  0.84951772E+05
 0.68737570E+05  0.83740100E+05
 0.67741373E+05  0.82528867E+05
 0.66745177E+05  0.81318012E+05
 0.65748980E+05  0.80107490E+05
 0.64752783E+05  0.78897267E+05
 0.63756587E+05  0.77687316E+05
 0.62760390E+05  0.76477615E+05
 0.61764193E+05  0.75268148E+05
 0.60767997E+05  0.74058902E+05
 0.59771800E+05  0.72849868E+05
 0.58775603E+05  0.71641041E+05
 0.57779407E+05  0.70432417E+05
 0.56783210E+05  0.69223995E+05
 0.55787013E+05  0.68015778E+05
 0.54790817E+05  0.66807771E+05
 0.53794620E+05  0.65599983E+05
 0.52798423E+05  0.64392427E+05
 0.51802227E+05  0.63185118E+05
 0.50806030E+05  0.61978079E+05
 0.49809833E+05  0.60771339E+05
 0.48813637E+05  0.59564936E+05
 0.47817440E+05  0.58358921E+05
 0.46821243E+05  0.57153362E+05
 0.45825047E+05  0.55948356E+05
 0.44828850E+05  0.54744045E+05
 0.43832653E+05  0.53540655E+05
 0.42836457E+05  0.52338598E+05
 0.41840260E+05  0.51138823E+05
 0.40844063E+05  0.49946283E+05
 0.39847867E+05  0.48668720E+05
 0.38851670E+05  0.47457656E+05
 0.37855473E+05  0.46246803E+05
 0.36859277E+05  0.45036142E+05
 0.35863080E+05  0.43825661E+05
 0.34866883E+05  0.42615349E+05
 0.33870687E+05  0.41405204E+05
 0.32874490E+05  0.40195222E+05
 0.31878293E+05  0.38985406E+05
 0.30882097E+05  0.37775762E+05
 0.29885900E+05  0.36566299E+05
 0.28889703E+05  0.35357032E+05
 0.27893507E+05  0.34147979E+05
 0.26897310E+05  0.32939168E+05
 0.25901113E+05  0.31730634E+05
 0.24904917E+05  0.30522428E+05
 0.23908720E+05  0.29314617E+05
 0.22912523E+05  0.28107298E+05
 0.21916327E+05  0.26900618E+05
 0.20920130E+05  0.25694810E+05
 0.19923933E+05  0.24490286E+05
 0.18927737E+05  0.23287926E+05
 0.17931540E+05  0.22090547E+05
 0.16935343E+05  0.20754774E+05
 0.15939147E+05  0.19539537E+05
 0.14942950E+05  0.18324016E+05
 0.13946753E+05  0.17108164E+05
 0.12950557E+05  0.15891930E+05
 0.11954360E+05  0.14675255E+05
 0.10958163E+05  0.13458069E+05
 0.99619667E+04  0.12240294E+05
 0.89657700E+04  0.11021837E+05
 0.79695733E+04  0.98025895E+04
 0.69733767E+04  0.85824255E+04
 0.59771800E+04  0.73611964E+04
 0.49809833E+04  0.61387296E+04
 0.39847867E+04  0.49148259E+04
 0.29885900E+04  0.36892589E+04
 0.19923933E+04  0.24617783E+04
 0.99619667E+03  0.12321166E+04
 0.00000000E+00  0.15464475E-05
 -.99619667E+03  -.12348437E+04
 -.19923933E+04  -.24727011E+04
 -.29885900E+04  -.37139636E+04
 -.39847867E+04  -.49594173E+04
 -.49809833E+04  -.62112373E+04
 -.59771800E+04  -.74797614E+04
 -.69733767E+04  -.85929481E+04
 -.79695733E+04  -.98164688E+04
 -.89657700E+04  -.11039194E+05
 -.99619667E+04  -.12261219E+05
 -.10958163E+05  -.13482637E+05
 -.11954360E+05  -.14703533E+05
 -.12950557E+05  -.15923991E+05
 -.13946753E+05  -.17144086E+05
 -.14942950E+05  -.18363893E+05
 -.15939147E+05  -.19583482E+05
 -.16935343E+05  -.20802920E+05
 -.17931540E+05  -.22022278E+05
 -.18927737E+05  -.23241626E+05
 -.19923933E+05  -.24461040E+05
 -.20920130E+05  -.25680603E+05
 -.21916327E+05  -.26900412E+05
 -.22912523E+05  -.28120583E+05
 -.23908720E+05  -.29341264E+05
 -.24904917E+05  -.30562659E+05
 -.25901113E+05  -.31785064E+05
 -.26897310E+05  -.33008960E+05
 -.27893507E+05  -.34235269E+05
 -.28889703E+05  -.35466351E+05
 -.29885900E+05  -.36581617E+05
 -.30882097E+05  -.37791538E+05
 -.31878293E+05  -.39001586E+05
 -.32874490E+05  -.40211763E+05
 -.33870687E+05  -.41422069E+05
 -.34866883E+05  -.42632509E+05
 -.35863080E+05  -.43843086E+05
 -.36859277E+05  -.45053808E+05
 -.37855473E+05  -.46264682E+05
 -.38851670E+05  -.47475717E+05
 -.39847867E+05  -.48686925E+05
 -.40844063E+05  -.49898320E+05
 -.41840260E+05  -.51109919E+05
 -.42836457E+05  -.52321742E+05
 -.43832653E+05  -.53533814E+05
 -.44828850E+05  -.54746165E+05
 -.45825047E+05  -.55958837E+05
 -.46821243E+05  -.57171878E+05
 -.47817440E+05  -.58385358E+05
 -.48813637E+05  -.59599373E+05
 -.49809833E+05  -.60814067E+05
 -.50806030E+05  -.62029679E+05
 -.51802227E+05  -.63246673E+05
 -.52798423E+05  -.64466308E+05
 -.53794620E+05  -.65623077E+05
 -.54790817E+05  -.66833016E+05
 -.55787013E+05  -.68043414E+05
 -.56783210E+05  -.69254322E+05
 -.57779407E+05  -.70465821E+05
 -.58775603E+05  -.71678046E+05
 -.59771800E+05  -.72891231E+05
 -.60767997E+05  -.74105867E+05
 -.61764193E+05  -.75323447E+05
 -.62760390E+05  -.76495552E+05
 -.63756587E+05  -.77702799E+05
 -.64752783E+05  -.78910478E+05
 -.65748980E+05  -.80118585E+05
 -.66745177E+05  -.81327135E+05
 -.67741373E+05  -.82536157E+05
 -.68737570E+05  -.83745703E+05
 -.69733767E+05  -.84955859E+05
 -.70729963E+05  -.86166770E+05
 -.71726160E+05  -.87378703E+05
 -.72722357E+05  -.88592238E+05
 -.73718553E+05  -.89809333E+05
 -.74714750E+05  -.90813872E+05
 -.75710947E+05  -.92020383E+05
 -.76707143E+05  -.93226898E+05
 -.77703340E+05  -.94433416E+05
 -.78699537E+05  -.95639936E+05
 -.79695733E+05  -.96846458E+05
 -.80691930E+05  -.98052982E+05
 -.81688127E+05  -.99259507E+05
 -.82684323E+05  -.10046603E+06
 -.83680520E+05  -.10167256E+06
 -.84676717E+05  -.10287909E+06
 -.85672913E+05  -.10408562E+06
 -.86669110E+05  -.10529216E+06
 -.87665307E+05  -.10649870E+06
 -.88661503E+05  -.10770524E+06
 -.89657700E+05  -.10891178E+06
 -.90653897E+05  -.11011833E+06
 -.91650093E+05  -.11132489E+06
 -.92646290E+05  -.11253145E+06
 -.93642487E+05  -.11373803E+06
 -.94638683E+05  -.11494461E+06
 -.95634880E+05  -.11615120E+06
 -.96631077E+05  -.11735781E+06
 -.97627273E+05  -.11856442E+06
 -.98623470E+05  -.11977106E+06
 -.99619667E+05  -.12097771E+06
 -.10061586E+06  -.12218439E+06
 -.10161206E+06  -.12339108E+06
 -.10260826E+06  -.12459780E+06
 -.10360445E+06  -.12580455E+06
 -.10460065E+06  -.12701133E+06
 -.10559685E+06  -.12821814E+06
 -.10659304E+06  -.12942499E+06
 -.10758924E+06  -.13063189E+06
 -.10858544E+06  -.13183883E+06
 -.10958163E+06  -.13304582E+06
 -.11057783E+06  -.13425286E+06
 -.11157403E+06  -.13545997E+06
 -.11257022E+06  -.13666715E+06
 -.11356642E+06  -.13787440E+06
 -.11456262E+06  -.13908174E+06
 -.11555881E+06  -.14028917E+06
 -.11655501E+06  -.14149671E+06
 -.11755121E+06  -.14270436E+06
 -.11854740E+06  -.14391215E+06
 -.11954360E+06  -.14512008E+06
 -.12053980E+06  -.14632817E+06
 -.12153599E+06  -.14753645E+06
 -.12253219E+06  -.14874495E+06
 -.12352839E+06  -.14995370E+06
 -.12452458E+06  -.15116273E+06
 -.12552078E+06  -.15237211E+06
 -.12651698E+06  -.15358190E+06
 -.12751317E+06  -.15479219E+06
 -.12850937E+06  -.15600311E+06
 -.12950557E+06  -.15721485E+06
 -.13050176E+06  -.15842774E+06
 -.13149796E+06  -.15964233E+06
 -.13249416E+06  -.16085996E+06
 -.13349035E+06  -.16208610E+06
 -.13448655E+06  -.16336463E+06
 -.13548275E+06  -.16456944E+06
 -.13647894E+06  -.16577466E+06
 -.13747514E+06  -.16698033E+06
 -.13847134E+06  -.16818654E+06
 -.13946753E+06  -.16939343E+06
 -.14046373E+06  -.17060118E+06
 -.14145993E+06  -.17181019E+06
 -.14245612E+06  -.17302125E+06
 -.14345232E+06  -.17423720E+06
 -.14444852E+06  -.17548406E+06
 -.14544471E+06  -.17668385E+06
 -.14644091E+06  -.17788397E+06
 -.14743711E+06  -.17908438E+06
 -.14843330E+06  -.18028505E+06
 -.14942950E+06  -.18148596E+06
 -.15042570E+06  -.18268711E+06
 -.15142189E+06  -.18388848E+06
 -.15241809E+06  -.18509007E+06
 -.15341429E+06  -.18629189E+06
 -.15441048E+06  -.18749394E+06
 -.15540668E+06  -.18869624E+06
 -.15640288E+06  -.18989881E+06
 -.15739907E+06  -.19110166E+06
 -.15839527E+06  -.19230485E+06
 -.15939147E+06  -.19350841E+06
 -.16038766E+06  -.19471241E+06
 -.16138386E+06  -.19591695E+06
 -.16238006E+06  -.19712218E+06
 -.16337625E+06  -.19832832E+06
 -.16437245E+06  -.19953581E+06
 -.16536865E+06  -.20074555E+06
 -.16636484E+06  -.20196061E+06
 -.16736104E+06  -.20318599E+06
 -.16835724E+06  -.20438981E+06
 -.16935343E+06  -.20559050E+06
 -.17034963E+06  -.20679057E+06
 -.17134583E+06  -.20799047E+06
 -.17234202E+06  -.20919033E+06
 -.17333822E+06  -.21039023E+06
 -.17433442E+06  -.21159018E+06
 -.17533061E+06  -.21279022E+06
 -.17632681E+06  -.21399035E+06
 -.17732301E+06  -.21519059E+06
 -.17831920E+06  -.21639095E+06
 -.17931540E+06  -.21759146E+06
 -.18031160E+06  -.21879214E+06
 -.18130779E+06  -.21999300E+06
 -.18230399E+06  -.22119410E+06
 -.18330019E+06  -.22239546E+06
 -.18429638E+06  -.22359713E+06
 -.18529258E+06  -.22479920E+06
 -.18628878E+06  -.22600175E+06
 -.18728497E+06  -.22720492E+06
 -.18828117E+06  -.22840889E+06
 -.18927737E+06  -.22961397E+06
 -.19027356E+06  -.23082064E+06
 -.19126976E+06  -.23202966E+06
 -.19226596E+06  -.23324093E+06
 -.19326215E+06  -.23444913E+06
 -.19425835E+06  -.23565194E+06
 -.19525455E+06  -.23685217E+06
 -.19625074E+06  -.23805129E+06
 -.19724694E+06  -.23924990E+06
 -.19824314E+06  -.24044824E+06
 -.19923933E+06  -.24164646E+06
 -.20023553E+06  -.24284463E+06
 -.20123173E+06  -.24404281E+06
 -.20222792E+06  -.24524104E+06
 -.20322412E+06  -.24643933E+06
 -.20422032E+06  -.24763773E+06
 -.20521651E+06  -.24883626E+06
 -.20621271E+06  -.25003494E+06
 -.20720891E+06  -.25123381E+06
 -.20820510E+06  -.25243291E+06
 -.20920130E+06  -.25363229E+06
 -.21019750E+06  -.25483200E+06
 -.21119369E+06  -.25603212E+06
 -.21218989E+06  -.25723275E+06
 -.21318609E+06  -.25843402E+06
 -.21418228E+06  -.25963612E+06
 -.21517848E+06  -.26083929E+06
 -.21617468E+06  -.26204382E+06
 -.21717087E+06  -.26324988E+06
 -.21816707E+06  -.26445670E+06
 -.21916327E+06  -.26566187E+06
 -.22015946E+06  -.26686388E+06
 -.22115566E+06  -.26806339E+06
 -.22215186E+06  -.26926137E+06
 -.22314805E+06  -.27045844E+06
 -.22414425E+06  -.27165495E+06
 -.22514045E+06  -.27285111E+06
 -.22613664E+06  -.27404705E+06
 -.22713284E+06  -.27524286E+06
 -.22812904E+06  -.27643860E+06
 -.22912523E+06  -.27763431E+06
 -.23012143E+06  -.27883004E+06
 -.23111763E+06  -.28002582E+06
 -.23211382E+06  -.28122169E+06
 -.23311002E+06  -.28241766E+06
 -.23410622E+06  -.28361378E+06
 -.23510241E+06  -.28481009E+06
 -.23609861E+06  -.28600662E+06
 -.23709481E+06  -.28720343E+06
 -.23809100E+06  -.28840058E+06
 -.23908720E+06  -.28959813E+06
 -.24008340E+06  -.29079619E+06
 -.24107959E+06  -.29199487E+06
 -.24207579E+06  -.29319431E+06
 -.24307199E+06  -.29439470E+06
 -.24406818E+06  -.29559624E+06
 -.24506438E+06  -.29679906E+06
 -.24606058E+06  -.29800300E+06
 -.24705677E+06  -.29920717E+06
 -.24805297E+06  -.30041009E+06
 -.24904917E+06  -.30161083E+06
 -.25004536E+06  -.30280946E+06
 -.25104156E+06  -.30400646E+06
 -.25203776E+06  -.30520232E+06
 -.25303395E+06  -.30639738E+06
 -.25403015E+06  -.30759188E+06
 -.25502635E+06  -.30878599E+06
 -.25602254E+06  -.30997983E+06
 -.25701874E+06  -.31117350E+06
 -.25801494E+06  -.31236707E+06
 -.25901113E+06  -.31356060E+06
 -.26000733E+06  -.31475415E+06
 -.26100353E+06  -.31594776E+06
 -.26199972E+06  -.31714149E+06
 -.26299592E+06  -.31833538E+06
 -.26399212E+06  -.31952950E+06
 -.26498831E+06  -.32072391E+06
 -.26598451E+06  -.32191867E+06
 -.26698071E+06  -.32311387E+06
 -.26797690E+06  -.32430961E+06
 -.26897310E+06  -.32550600E+06
 -.26996930E+06  -.32670315E+06
 -.27096549E+06  -.32790119E+06
 -.27196169E+06  -.32910015E+06
 -.27295789E+06  -.33029990E+06
 -.27395408E+06  -.33149997E+06
 -.27495028E+06  -.33269952E+06
 -.27594648E+06  -.33389771E+06
 -.27694267E+06  -.33509412E+06
 -.27793887E+06  -.33628882E+06
 -.27893507E+06  -.33748209E+06
 -.27993126E+06  -.33867425E+06
 -.28092746E+06  -.33986554E+06
 -.28192366E+06  -.34105619E+06
 -.28291985E+06  -.34224634E+06
 -.28391605E+06  -.34343612E+06
 -.28491225E+06  -.34462562E+06
 -.28590844E+06  -.34581490E+06
 -.28690464E+06  -.34700405E+06
 -.28790084E+06  -.34819311E+06
 -.28889703E+06  -.34938212E+06
 -.28989323E+06  -.35057115E+06
 -.29088943E+06  -.35176022E+06
 -.29188562E+06  -.35294938E+06
 -.29288182E+06  -.35413868E+06
 -.29387802E+06  -.35532817E+06
 -.29487421E+06  -.35651789E+06
 -.29587041E+06  -.35770792E+06
 -.29686661E+06  -.35889831E+06
 -.29786280E+06  -.36008915E+06
 -.29885900E+06  -.36128053E+06
