Mu-Hu               
 0.26147000E+05  0.77961511E+06
 0.26059843E+05  0.77998552E+06
 0.25972687E+05  0.78035442E+06
 0.25885530E+05  0.78072180E+06
 0.25798373E+05  0.78108768E+06
 0.25711217E+05  0.78145203E+06
 0.25624060E+05  0.78181488E+06
 0.25536903E+05  0.78217622E+06
 0.25449747E+05  0.78253604E+06
 0.25362590E+05  0.78289436E+06
 0.25275433E+05  0.78325116E+06
 0.25188277E+05  0.78360646E+06
 0.25101120E+05  0.78396025E+06
 0.25013963E+05  0.78431253E+06
 0.24926807E+05  0.78466330E+06
 0.24839650E+05  0.78501257E+06
 0.24752493E+05  0.78536033E+06
 0.24665337E+05  0.78570659E+06
 0.24578180E+05  0.78605134E+06
 0.24491023E+05  0.78639459E+06
 0.24403867E+05  0.78673633E+06
 0.24316710E+05  0.78707657E+06
 0.24229553E+05  0.78741530E+06
 0.24142397E+05  0.78775254E+06
 0.24055240E+05  0.78808827E+06
 0.23968083E+05  0.78842250E+06
 0.23880927E+05  0.78875523E+06
 0.23793770E+05  0.78908646E+06
 0.23706613E+05  0.78941619E+06
 0.23619457E+05  0.78974442E+06
 0.23532300E+05  0.79007115E+06
 0.23445143E+05  0.79039638E+06
 0.23357987E+05  0.79072011E+06
 0.23270830E+05  0.79104235E+06
 0.23183673E+05  0.79136309E+06
 0.23096517E+05  0.79168233E+06
 0.23009360E+05  0.79200008E+06
 0.22922203E+05  0.79231633E+06
 0.22835047E+05  0.79263108E+06
 0.22747890E+05  0.79294434E+06
 0.22660733E+05  0.79325610E+06
 0.22573577E+05  0.79356637E+06
 0.22486420E+05  0.79387515E+06
 0.22399263E+05  0.79418243E+06
 0.22312107E+05  0.79448822E+06
 0.22224950E+05  0.79479251E+06
 0.22137793E+05  0.79509532E+06
 0.22050637E+05  0.79539663E+06
 0.21963480E+05  0.79569645E+06
 0.21876323E+05  0.79599477E+06
 0.21789167E+05  0.79629161E+06
 0.21702010E+05  0.79658696E+06
 0.21614853E+05  0.79688081E+06
 0.21527697E+05  0.79717318E+06
 0.21440540E+05  0.79746405E+06
 0.21353383E+05  0.79775344E+06
 0.21266227E+05  0.79804133E+06
 0.21179070E+05  0.79832774E+06
 0.21091913E+05  0.79861266E+06
 0.21004757E+05  0.79889609E+06
 0.20917600E+05  0.79917803E+06
 0.20830443E+05  0.79945848E+06
 0.20743287E+05  0.79973745E+06
 0.20656130E+05  0.80001493E+06
 0.20568973E+05  0.80029092E+06
 0.20481817E+05  0.80056542E+06
 0.20394660E+05  0.80083844E+06
 0.20307503E+05  0.80110997E+06
 0.20220347E+05  0.80138001E+06
 0.20133190E+05  0.80164857E+06
 0.20046033E+05  0.80191564E+06
 0.19958877E+05  0.80218123E+06
 0.19871720E+05  0.80244533E+06
 0.19784563E+05  0.80270795E+06
 0.19697407E+05  0.80296907E+06
 0.19610250E+05  0.80322872E+06
 0.19523093E+05  0.80348688E+06
 0.19435937E+05  0.80374355E+06
 0.19348780E+05  0.80399874E+06
 0.19261623E+05  0.80425245E+06
 0.19174467E+05  0.80450467E+06
 0.19087310E+05  0.80475541E+06
 0.19000153E+05  0.80500466E+06
 0.18912997E+05  0.80525242E+06
 0.18825840E+05  0.80549871E+06
 0.18738683E+05  0.80574351E+06
 0.18651527E+05  0.80598682E+06
 0.18564370E+05  0.80622865E+06
 0.18477213E+05  0.80646900E+06
 0.18390057E+05  0.80670786E+06
 0.18302900E+05  0.80694524E+06
 0.18215743E+05  0.80718114E+06
 0.18128587E+05  0.80741555E+06
 0.18041430E+05  0.80764848E+06
 0.17954273E+05  0.80787992E+06
 0.17867117E+05  0.80810988E+06
 0.17779960E+05  0.80833836E+06
 0.17692803E+05  0.80856535E+06
 0.17605647E+05  0.80879085E+06
 0.17518490E+05  0.80901488E+06
 0.17431333E+05  0.80923742E+06
 0.17344177E+05  0.80945847E+06
 0.17257020E+05  0.80967804E+06
 0.17169863E+05  0.80989613E+06
 0.17082707E+05  0.81011273E+06
 0.16995550E+05  0.81032785E+06
 0.16908393E+05  0.81054148E+06
 0.16821237E+05  0.81075363E+06
 0.16734080E+05  0.81096429E+06
 0.16646923E+05  0.81117347E+06
 0.16559767E+05  0.81138116E+06
 0.16472610E+05  0.81158737E+06
 0.16385453E+05  0.81179209E+06
 0.16298297E+05  0.81199532E+06
 0.16211140E+05  0.81219707E+06
 0.16123983E+05  0.81239733E+06
 0.16036827E+05  0.81259611E+06
 0.15949670E+05  0.81279340E+06
 0.15862513E+05  0.81298920E+06
 0.15775357E+05  0.81318351E+06
 0.15688200E+05  0.81337634E+06
 0.15601043E+05  0.81356768E+06
 0.15513887E+05  0.81375753E+06
 0.15426730E+05  0.81394590E+06
 0.15339573E+05  0.81413277E+06
 0.15252417E+05  0.81431816E+06
 0.15165260E+05  0.81450205E+06
 0.15078103E+05  0.81468446E+06
 0.14990947E+05  0.81486537E+06
 0.14903790E+05  0.81504480E+06
 0.14816633E+05  0.81522274E+06
 0.14729477E+05  0.81539918E+06
 0.14642320E+05  0.81557413E+06
 0.14555163E+05  0.81574759E+06
 0.14468007E+05  0.81591956E+06
 0.14380850E+05  0.81609004E+06
 0.14293693E+05  0.81625902E+06
 0.14206537E+05  0.81642651E+06
 0.14119380E+05  0.81659250E+06
 0.14032223E+05  0.81675700E+06
 0.13945067E+05  0.81692000E+06
 0.13857910E+05  0.81708151E+06
 0.13770753E+05  0.81724152E+06
 0.13683597E+05  0.81740004E+06
 0.13596440E+05  0.81755705E+06
 0.13509283E+05  0.81771257E+06
 0.13422127E+05  0.81786659E+06
 0.13334970E+05  0.81801912E+06
 0.13247813E+05  0.81817014E+06
 0.13160657E+05  0.81831966E+06
 0.13073500E+05  0.81846768E+06
 0.12986343E+05  0.81861420E+06
 0.12899187E+05  0.81875921E+06
 0.12812030E+05  0.81890273E+06
 0.12724873E+05  0.81904474E+06
 0.12637717E+05  0.81918524E+06
 0.12550560E+05  0.81932424E+06
 0.12463403E+05  0.81946173E+06
 0.12376247E+05  0.81959772E+06
 0.12289090E+05  0.81973220E+06
 0.12201933E+05  0.81986517E+06
 0.12114777E+05  0.81999663E+06
 0.12027620E+05  0.82012658E+06
 0.11940463E+05  0.82025501E+06
 0.11853307E+05  0.82038194E+06
 0.11766150E+05  0.82050735E+06
 0.11678993E+05  0.82063125E+06
 0.11591837E+05  0.82075364E+06
 0.11504680E+05  0.82087451E+06
 0.11417523E+05  0.82099386E+06
 0.11330367E+05  0.82111169E+06
 0.11243210E+05  0.82122801E+06
 0.11156053E+05  0.82134280E+06
 0.11068897E+05  0.82145608E+06
 0.10981740E+05  0.82156783E+06
 0.10894583E+05  0.82167805E+06
 0.10807427E+05  0.82178676E+06
 0.10720270E+05  0.82189393E+06
 0.10633113E+05  0.82199958E+06
 0.10545957E+05  0.82210370E+06
 0.10458800E+05  0.82220629E+06
 0.10371643E+05  0.82230735E+06
 0.10284487E+05  0.82240687E+06
 0.10197330E+05  0.82250487E+06
 0.10110173E+05  0.82260132E+06
 0.10023017E+05  0.82269624E+06
 0.99358600E+04  0.82278962E+06
 0.98487033E+04  0.82288146E+06
 0.97615467E+04  0.82297175E+06
 0.96743900E+04  0.82306050E+06
 0.95872333E+04  0.82314771E+06
 0.95000767E+04  0.82323337E+06
 0.94129200E+04  0.82331748E+06
 0.93257633E+04  0.82340003E+06
 0.92386067E+04  0.82348104E+06
 0.91514500E+04  0.82356048E+06
 0.90642933E+04  0.82363837E+06
 0.89771367E+04  0.82371470E+06
 0.88899800E+04  0.82378947E+06
 0.88028233E+04  0.82386267E+06
 0.87156667E+04  0.82393430E+06
 0.86285100E+04  0.82400437E+06
 0.85413533E+04  0.82407286E+06
 0.84541967E+04  0.82413977E+06
 0.83670400E+04  0.82420510E+06
 0.82798833E+04  0.82426886E+06
 0.81927267E+04  0.82433103E+06
 0.81055700E+04  0.82439160E+06
 0.80184133E+04  0.82445059E+06
 0.79312567E+04  0.82450798E+06
 0.78441000E+04  0.82456377E+06
 0.77569433E+04  0.82461796E+06
 0.76697867E+04  0.82467053E+06
 0.75826300E+04  0.82472150E+06
 0.74954733E+04  0.82477084E+06
 0.74083167E+04  0.82481856E+06
 0.73211600E+04  0.82486466E+06
 0.72340033E+04  0.82490911E+06
 0.71468467E+04  0.82495193E+06
 0.70596900E+04  0.82499310E+06
 0.69725333E+04  0.82503261E+06
 0.68853767E+04  0.82507046E+06
 0.67982200E+04  0.82510664E+06
 0.67110633E+04  0.82514114E+06
 0.66239067E+04  0.82517396E+06
 0.65367500E+04  0.82520507E+06
 0.64495933E+04  0.82523447E+06
 0.63624367E+04  0.82526215E+06
 0.62752800E+04  0.82528809E+06
 0.61881233E+04  0.82531229E+06
 0.61009667E+04  0.82533472E+06
 0.60138100E+04  0.82535537E+06
 0.59266533E+04  0.82537421E+06
 0.58394967E+04  0.82539124E+06
 0.57523400E+04  0.82540642E+06
 0.56651833E+04  0.82541973E+06
 0.55780267E+04  0.82543115E+06
 0.54908700E+04  0.82544064E+06
 0.54037133E+04  0.82544816E+06
 0.53165567E+04  0.82545368E+06
 0.52294000E+04  0.82545716E+06
 0.51422433E+04  0.82545854E+06
 0.50550867E+04  0.82545776E+06
 0.49679300E+04  0.82545477E+06
 0.48807733E+04  0.82544948E+06
 0.47936167E+04  0.82544182E+06
 0.47064600E+04  0.82543168E+06
 0.46193033E+04  0.82541894E+06
 0.45321467E+04  0.82540348E+06
 0.44449900E+04  0.82538513E+06
 0.43578333E+04  0.82536369E+06
 0.42706767E+04  0.82533895E+06
 0.41835200E+04  0.82531063E+06
 0.40963633E+04  0.82527839E+06
 0.40092067E+04  0.82524183E+06
 0.39220500E+04  0.82520043E+06
 0.38348933E+04  0.82515355E+06
 0.37477367E+04  0.82510036E+06
 0.36605800E+04  0.82503981E+06
 0.35734233E+04  0.82497047E+06
 0.34862667E+04  0.82489043E+06
 0.33991100E+04  0.82479703E+06
 0.33119533E+04  0.82468641E+06
 0.32247967E+04  0.82455281E+06
 0.31376400E+04  0.82438696E+06
 0.30504833E+04  0.82417284E+06
 0.29633267E+04  0.82387892E+06
 0.28761700E+04  0.82342902E+06
 0.27890133E+04  0.82254055E+06
 0.27018567E+04  0.81859887E+06
 0.26147000E+04  0.80803062E+06
 0.25275433E+04  0.14260197E+06
 0.24403867E+04  0.14168415E+06
 0.23532300E+04  0.14073953E+06
 0.22660733E+04  0.13975721E+06
 0.21789167E+04  0.13871589E+06
 0.20917600E+04  0.13756026E+06
 0.20046033E+04  0.11079754E+06
 0.19174467E+04  0.10997321E+06
 0.18302900E+04  0.10914302E+06
 0.17431333E+04  0.10830619E+06
 0.16559767E+04  0.10746181E+06
 0.15688200E+04  0.10660873E+06
 0.14816633E+04  0.10574550E+06
 0.13945067E+04  0.10487023E+06
 0.13073500E+04  0.10398036E+06
 0.12201933E+04  0.10307233E+06
 0.11330367E+04  0.10214080E+06
 0.10458800E+04  0.10117723E+06
 0.95872333E+03  0.10016609E+06
 0.87156667E+03  0.99072745E+05
 0.78441000E+03  0.97770080E+05
 0.69725333E+03  0.70970134E+05
 0.61009667E+03  0.70134892E+05
 0.52294000E+03  0.69292214E+05
 0.43578333E+03  0.68440958E+05
 0.34862667E+03  0.67579682E+05
 0.26147000E+03  0.66706508E+05
 0.17431333E+03  0.65818911E+05
 0.87156667E+02  0.64913352E+05
 0.00000000E+00  0.63984581E+05
 -.87156667E+02  0.63024177E+05
 -.17431333E+03  0.62016982E+05
 -.26147000E+03  0.60929559E+05
 -.34862667E+03  0.59643478E+05
 -.43578333E+03  0.32392129E+05
 -.52294000E+03  0.31551801E+05
 -.61009667E+03  0.30703151E+05
 -.69725333E+03  0.29844780E+05
 -.78441000E+03  0.28974870E+05
 -.87156667E+03  0.28091001E+05
 -.95872333E+03  0.27189805E+05
 -.10458800E+04  0.26266339E+05
 -.11330367E+04  0.25312810E+05
 -.12201933E+04  0.24315523E+05
 -.13073500E+04  0.23245655E+05
 -.13945067E+04  0.22013723E+05
 -.14816633E+04  -.54668749E+04
 -.15688200E+04  -.63108191E+04
 -.16559767E+04  -.71635419E+04
 -.17431333E+04  -.80266145E+04
 -.18302900E+04  -.89020860E+04
 -.19174467E+04  -.97927320E+04
 -.20046033E+04  -.10702483E+05
 -.20917600E+04  -.11637238E+05
 -.21789167E+04  -.12606635E+05
 -.22660733E+04  -.13628540E+05
 -.23532300E+04  -.14744599E+05
 -.24403867E+04  -.16133673E+05
 -.25275433E+04  -.43214399E+05
 -.26147000E+04  -.44054402E+05
 -.27018567E+04  -.44902742E+05
 -.27890133E+04  -.45760896E+05
 -.28761700E+04  -.46630776E+05
 -.29633267E+04  -.47514938E+05
 -.30504833E+04  -.48416947E+05
 -.31376400E+04  -.49342051E+05
 -.32247967E+04  -.50298561E+05
 -.33119533E+04  -.51301205E+05
 -.33991100E+04  -.52381341E+05
 -.34862667E+04  -.53639760E+05
 -.35734233E+04  -.80872180E+05
 -.36605800E+04  -.81700948E+05
 -.37477367E+04  -.82536593E+05
 -.38348933E+04  -.83380228E+05
 -.39220500E+04  -.84233251E+05
 -.40092067E+04  -.85097452E+05
 -.40963633E+04  -.85975198E+05
 -.41835200E+04  -.86869740E+05
 -.42706767E+04  -.87785768E+05
 -.43578333E+04  -.88730503E+05
 -.44449900E+04  -.89716178E+05
 -.45321467E+04  -.90766921E+05
 -.46193033E+04  -.91946678E+05
 -.47064600E+04  -.11894327E+06
 -.47936167E+04  -.11977079E+06
 -.48807733E+04  -.12060518E+06
 -.49679300E+04  -.12144757E+06
 -.50550867E+04  -.12229939E+06
 -.51422433E+04  -.12316246E+06
 -.52294000E+04  -.12403919E+06
 -.53165567E+04  -.12493287E+06
 -.54037133E+04  -.12584827E+06
 -.54908700E+04  -.12679267E+06
 -.55780267E+04  -.12777834E+06
 -.56651833E+04  -.12882932E+06
 -.57523400E+04  -.13000801E+06
 -.58394967E+04  -.15472594E+06
 -.59266533E+04  -.15551356E+06
 -.60138100E+04  -.15630426E+06
 -.61009667E+04  -.15709851E+06
 -.61881233E+04  -.15789683E+06
 -.62752800E+04  -.15869984E+06
 -.63624367E+04  -.15950826E+06
 -.64495933E+04  -.16032293E+06
 -.65367500E+04  -.16114489E+06
 -.66239067E+04  -.16197539E+06
 -.67110633E+04  -.16281602E+06
 -.67982200E+04  -.16366884E+06
 -.68853767E+04  -.16453657E+06
 -.69725333E+04  -.16542299E+06
 -.70596900E+04  -.16633362E+06
 -.71468467E+04  -.16727713E+06
 -.72340033E+04  -.16826859E+06
 -.73211600E+04  -.16933929E+06
 -.74083167E+04  -.17058247E+06
 -.74954733E+04  -.19206441E+06
 -.75826300E+04  -.19284012E+06
 -.76697867E+04  -.19361656E+06
 -.77569433E+04  -.19439421E+06
 -.78441000E+04  -.19517373E+06
 -.79312567E+04  -.19595602E+06
 -.80184133E+04  -.19674255E+06
 -.81055700E+04  -.19753598E+06
 -.81927267E+04  -.19834282E+06
 -.82798833E+04  -.19919889E+06
 -.83670400E+04  -.23466350E+06
 -.84541967E+04  -.23541716E+06
 -.85413533E+04  -.23617223E+06
 -.86285100E+04  -.23692922E+06
 -.87156667E+04  -.23768884E+06
 -.88028233E+04  -.23845208E+06
 -.88899800E+04  -.23922039E+06
 -.89771367E+04  -.23999607E+06
 -.90642933E+04  -.24078320E+06
 -.91514500E+04  -.24159022E+06
 -.92386067E+04  -.24244163E+06
 -.93257633E+04  -.27102718E+06
 -.94129200E+04  -.27178446E+06
 -.95000767E+04  -.27254335E+06
 -.95872333E+04  -.27330427E+06
 -.96743900E+04  -.27406770E+06
 -.97615467E+04  -.27483422E+06
 -.98487033E+04  -.27560449E+06
 -.99358600E+04  -.27637938E+06
 -.10023017E+05  -.27715997E+06
 -.10110173E+05  -.27794763E+06
 -.10197330E+05  -.27874426E+06
 -.10284487E+05  -.27955247E+06
 -.10371643E+05  -.28037613E+06
 -.10458800E+05  -.28122134E+06
 -.10545957E+05  -.28209881E+06
 -.10633113E+05  -.28303067E+06
 -.10720270E+05  -.28408119E+06
 -.10807427E+05  -.29594247E+06
 -.10894583E+05  -.29679060E+06
 -.10981740E+05  -.29763575E+06
 -.11068897E+05  -.29847933E+06
 -.11156053E+05  -.29932262E+06
 -.11243210E+05  -.30016685E+06
 -.11330367E+05  -.30101327E+06
 -.11417523E+05  -.30186315E+06
 -.11504680E+05  -.30271789E+06
 -.11591837E+05  -.30357908E+06
 -.11678993E+05  -.30444858E+06
 -.11766150E+05  -.30532867E+06
 -.11853307E+05  -.30622228E+06
 -.11940463E+05  -.30713334E+06
 -.12027620E+05  -.30806743E+06
 -.12114777E+05  -.30903308E+06
 -.12201933E+05  -.31004479E+06
 -.12289090E+05  -.31113167E+06
 -.12376247E+05  -.31237590E+06
 -.12463403E+05  -.38191574E+06
 -.12550560E+05  -.38258319E+06
 -.12637717E+05  -.38324903E+06
 -.12724873E+05  -.38391328E+06
 -.12812030E+05  -.38457598E+06
 -.12899187E+05  -.38523714E+06
 -.12986343E+05  -.38589681E+06
 -.13073500E+05  -.38655501E+06
 -.13160657E+05  -.38721177E+06
 -.13247813E+05  -.38786713E+06
 -.13334970E+05  -.38852113E+06
 -.13422127E+05  -.38917379E+06
 -.13509283E+05  -.38982516E+06
 -.13596440E+05  -.39047528E+06
 -.13683597E+05  -.39112419E+06
 -.13770753E+05  -.39177193E+06
 -.13857910E+05  -.39241854E+06
 -.13945067E+05  -.39306408E+06
 -.14032223E+05  -.39370858E+06
 -.14119380E+05  -.39435210E+06
 -.14206537E+05  -.39499470E+06
 -.14293693E+05  -.39563643E+06
 -.14380850E+05  -.39627734E+06
 -.14468007E+05  -.39691751E+06
 -.14555163E+05  -.39755699E+06
 -.14642320E+05  -.39819585E+06
 -.14729477E+05  -.39883417E+06
 -.14816633E+05  -.39947202E+06
 -.14903790E+05  -.40010948E+06
 -.14990947E+05  -.40074665E+06
 -.15078103E+05  -.40138362E+06
 -.15165260E+05  -.40202048E+06
 -.15252417E+05  -.40265734E+06
 -.15339573E+05  -.40329433E+06
 -.15426730E+05  -.40393155E+06
 -.15513887E+05  -.40456916E+06
 -.15601043E+05  -.40520729E+06
 -.15688200E+05  -.40584611E+06
 -.15775357E+05  -.40648579E+06
 -.15862513E+05  -.40712653E+06
 -.15949670E+05  -.40776855E+06
 -.16036827E+05  -.40841209E+06
 -.16123983E+05  -.40905741E+06
 -.16211140E+05  -.40970481E+06
 -.16298297E+05  -.41035465E+06
 -.16385453E+05  -.41100732E+06
 -.16472610E+05  -.41166327E+06
 -.16559767E+05  -.41232303E+06
 -.16646923E+05  -.41298724E+06
 -.16734080E+05  -.41365662E+06
 -.16821237E+05  -.41433209E+06
 -.16908393E+05  -.41501475E+06
 -.16995550E+05  -.41570600E+06
 -.17082707E+05  -.41640762E+06
 -.17169863E+05  -.41712197E+06
 -.17257020E+05  -.41785230E+06
 -.17344177E+05  -.41860324E+06
 -.17431333E+05  -.41938194E+06
 -.17518490E+05  -.42020033E+06
 -.17605647E+05  -.42108163E+06
 -.17692803E+05  -.42208510E+06
 -.17779960E+05  -.42366482E+06
 -.17867117E+05  -.47508078E+06
 -.17954273E+05  -.47723515E+06
 -.18041430E+05  -.47784498E+06
 -.18128587E+05  -.47845571E+06
 -.18215743E+05  -.47906754E+06
 -.18302900E+05  -.47968071E+06
 -.18390057E+05  -.48029545E+06
 -.18477213E+05  -.48091201E+06
 -.18564370E+05  -.48153070E+06
 -.18651527E+05  -.48215182E+06
 -.18738683E+05  -.48277573E+06
 -.18825840E+05  -.48340284E+06
 -.18912997E+05  -.48403360E+06
 -.19000153E+05  -.48466856E+06
 -.19087310E+05  -.48530831E+06
 -.19174467E+05  -.48595361E+06
 -.19261623E+05  -.48660534E+06
 -.19348780E+05  -.48726456E+06
 -.19435937E+05  -.48793263E+06
 -.19523093E+05  -.48861125E+06
 -.19610250E+05  -.48930268E+06
 -.19697407E+05  -.49000997E+06
 -.19784563E+05  -.49073747E+06
 -.19871720E+05  -.49149171E+06
 -.19958877E+05  -.49228343E+06
 -.20046033E+05  -.49313259E+06
 -.20133190E+05  -.49408597E+06
 -.20220347E+05  -.49534617E+06
 -.20307503E+05  -.51469669E+06
 -.20394660E+05  -.51525788E+06
 -.20481817E+05  -.51582002E+06
 -.20568973E+05  -.51638332E+06
 -.20656130E+05  -.51694805E+06
 -.20743287E+05  -.51751447E+06
 -.20830443E+05  -.51808289E+06
 -.20917600E+05  -.51865364E+06
 -.21004757E+05  -.51922707E+06
 -.21091913E+05  -.51980361E+06
 -.21179070E+05  -.52038370E+06
 -.21266227E+05  -.52096788E+06
 -.21353383E+05  -.52155675E+06
 -.21440540E+05  -.52215101E+06
 -.21527697E+05  -.52275149E+06
 -.21614853E+05  -.52335918E+06
 -.21702010E+05  -.52397529E+06
 -.21789167E+05  -.52460129E+06
 -.21876323E+05  -.52523906E+06
 -.21963480E+05  -.52589103E+06
 -.22050637E+05  -.52656047E+06
 -.22137793E+05  -.52725195E+06
 -.22224950E+05  -.52797223E+06
 -.22312107E+05  -.52873215E+06
 -.22399263E+05  -.52955130E+06
 -.22486420E+05  -.53047332E+06
 -.22573577E+05  -.53165993E+06
 -.22660733E+05  -.54955396E+06
 -.22747890E+05  -.55021768E+06
 -.22835047E+05  -.55089267E+06
 -.22922203E+05  -.55158132E+06
 -.23009360E+05  -.55228647E+06
 -.23096517E+05  -.55301161E+06
 -.23183673E+05  -.55376103E+06
 -.23270830E+05  -.55454020E+06
 -.23357987E+05  -.55535648E+06
 -.23445143E+05  -.55622088E+06
 -.23532300E+05  -.55715228E+06
 -.23619457E+05  -.55818988E+06
 -.23706613E+05  -.55944576E+06
 -.23793770E+05  -.57381064E+06
 -.23880927E+05  -.57456197E+06
 -.23968083E+05  -.57530067E+06
 -.24055240E+05  -.57603151E+06
 -.24142397E+05  -.57675841E+06
 -.24229553E+05  -.57748482E+06
 -.24316710E+05  -.57821402E+06
 -.24403867E+05  -.57894939E+06
 -.24491023E+05  -.57969457E+06
 -.24578180E+05  -.58045383E+06
 -.24665337E+05  -.58123245E+06
 -.24752493E+05  -.58203731E+06
 -.24839650E+05  -.58287813E+06
 -.24926807E+05  -.58376960E+06
 -.25013963E+05  -.58473640E+06
 -.25101120E+05  -.58582686E+06
 -.25188277E+05  -.58716648E+06
 -.25275433E+05  -.58966439E+06
 -.25362590E+05  -.59691242E+06
 -.25449747E+05  -.59808547E+06
 -.25536903E+05  -.59908220E+06
 -.25624060E+05  -.59998975E+06
 -.25711217E+05  -.60084469E+06
 -.25798373E+05  -.60166673E+06
 -.25885530E+05  -.60246834E+06
 -.25972687E+05  -.60325838E+06
 -.26059843E+05  -.60404386E+06
 -.26147000E+05  -.60483097E+06
Mv-Hv               
 0.00000000E+00  -.55189098E+03
 0.00000000E+00  -.55562101E+03
 0.00000000E+00  -.55937464E+03
 0.00000000E+00  -.56315234E+03
 0.00000000E+00  -.56695447E+03
 0.00000000E+00  -.57078141E+03
 0.00000000E+00  -.57463304E+03
 0.00000000E+00  -.57850973E+03
 0.00000000E+00  -.58241187E+03
 0.00000000E+00  -.58633934E+03
 0.00000000E+00  -.59029253E+03
 0.00000000E+00  -.59427183E+03
 0.00000000E+00  -.59827713E+03
 0.00000000E+00  -.60230883E+03
 0.00000000E+00  -.60636716E+03
 0.00000000E+00  -.61045235E+03
 0.00000000E+00  -.61456482E+03
 0.00000000E+00  -.61870447E+03
 0.00000000E+00  -.62287171E+03
 0.00000000E+00  -.62706679E+03
 0.00000000E+00  -.63128997E+03
 0.00000000E+00  -.63554149E+03
 0.00000000E+00  -.63982162E+03
 0.00000000E+00  -.64413062E+03
 0.00000000E+00  -.64846875E+03
 0.00000000E+00  -.65283629E+03
 0.00000000E+00  -.65723351E+03
 0.00000000E+00  -.66166068E+03
 0.00000000E+00  -.66611808E+03
 0.00000000E+00  -.67060600E+03
 0.00000000E+00  -.67512473E+03
 0.00000000E+00  -.67967455E+03
 0.00000000E+00  -.68425578E+03
 0.00000000E+00  -.68886870E+03
 0.00000000E+00  -.69351362E+03
 0.00000000E+00  -.69819085E+03
 0.00000000E+00  -.70290054E+03
 0.00000000E+00  -.70764333E+03
 0.00000000E+00  -.71241939E+03
 0.00000000E+00  -.71722904E+03
 0.00000000E+00  -.72207244E+03
 0.00000000E+00  -.72695027E+03
 0.00000000E+00  -.73186269E+03
 0.00000000E+00  -.73680990E+03
 0.00000000E+00  -.74179257E+03
 0.00000000E+00  -.74681073E+03
 0.00000000E+00  -.75186505E+03
 0.00000000E+00  -.75695576E+03
 0.00000000E+00  -.76208306E+03
 0.00000000E+00  -.76724748E+03
 0.00000000E+00  -.77244957E+03
 0.00000000E+00  -.77768941E+03
 0.00000000E+00  -.78296769E+03
 0.00000000E+00  -.78828451E+03
 0.00000000E+00  -.79364042E+03
 0.00000000E+00  -.79903600E+03
 0.00000000E+00  -.80447136E+03
 0.00000000E+00  -.80994706E+03
 0.00000000E+00  -.81546370E+03
 0.00000000E+00  -.82102141E+03
 0.00000000E+00  -.82662077E+03
 0.00000000E+00  -.83226225E+03
 0.00000000E+00  -.83794630E+03
 0.00000000E+00  -.84367339E+03
 0.00000000E+00  -.84944398E+03
 0.00000000E+00  -.85525856E+03
 0.00000000E+00  -.86111760E+03
 0.00000000E+00  -.86702161E+03
 0.00000000E+00  -.87297108E+03
 0.00000000E+00  -.87896653E+03
 0.00000000E+00  -.88500847E+03
 0.00000000E+00  -.89109743E+03
 0.00000000E+00  -.89723378E+03
 0.00000000E+00  -.90341837E+03
 0.00000000E+00  -.90965161E+03
 0.00000000E+00  -.91593405E+03
 0.00000000E+00  -.92226610E+03
 0.00000000E+00  -.92864865E+03
 0.00000000E+00  -.93508198E+03
 0.00000000E+00  -.94156699E+03
 0.00000000E+00  -.94810399E+03
 0.00000000E+00  -.95469388E+03
 0.00000000E+00  -.96133699E+03
 0.00000000E+00  -.96803412E+03
 0.00000000E+00  -.97478604E+03
 0.00000000E+00  -.98159314E+03
 0.00000000E+00  -.98845621E+03
 0.00000000E+00  -.99537594E+03
 0.00000000E+00  -.10023532E+04
 0.00000000E+00  -.10093883E+04
 0.00000000E+00  -.10164822E+04
 0.00000000E+00  -.10236355E+04
 0.00000000E+00  -.10308491E+04
 0.00000000E+00  -.10381237E+04
 0.00000000E+00  -.10454599E+04
 0.00000000E+00  -.10528587E+04
 0.00000000E+00  -.10603208E+04
 0.00000000E+00  -.10678470E+04
 0.00000000E+00  -.10754380E+04
 0.00000000E+00  -.10830949E+04
 0.00000000E+00  -.10908184E+04
 0.00000000E+00  -.10986092E+04
 0.00000000E+00  -.11064683E+04
 0.00000000E+00  -.11143968E+04
 0.00000000E+00  -.11223953E+04
 0.00000000E+00  -.11304648E+04
 0.00000000E+00  -.11386064E+04
 0.00000000E+00  -.11468209E+04
 0.00000000E+00  -.11551092E+04
 0.00000000E+00  -.11634724E+04
 0.00000000E+00  -.11719116E+04
 0.00000000E+00  -.11804277E+04
 0.00000000E+00  -.11890217E+04
 0.00000000E+00  -.11976948E+04
 0.00000000E+00  -.12064478E+04
 0.00000000E+00  -.12152822E+04
 0.00000000E+00  -.12241988E+04
 0.00000000E+00  -.12331991E+04
 0.00000000E+00  -.12422838E+04
 0.00000000E+00  -.12514545E+04
 0.00000000E+00  -.12607121E+04
 0.00000000E+00  -.12700580E+04
 0.00000000E+00  -.12794935E+04
 0.00000000E+00  -.12890197E+04
 0.00000000E+00  -.12986380E+04
 0.00000000E+00  -.13083497E+04
 0.00000000E+00  -.13181560E+04
 0.00000000E+00  -.13280587E+04
 0.00000000E+00  -.13380589E+04
 0.00000000E+00  -.13481579E+04
 0.00000000E+00  -.13583575E+04
 0.00000000E+00  -.13686589E+04
 0.00000000E+00  -.13790638E+04
 0.00000000E+00  -.13895736E+04
 0.00000000E+00  -.14001900E+04
 0.00000000E+00  -.14109145E+04
 0.00000000E+00  -.14217488E+04
 0.00000000E+00  -.14326946E+04
 0.00000000E+00  -.14437535E+04
 0.00000000E+00  -.14549272E+04
 0.00000000E+00  -.14662177E+04
 0.00000000E+00  -.14776265E+04
 0.00000000E+00  -.14891558E+04
 0.00000000E+00  -.15008071E+04
 0.00000000E+00  -.15125825E+04
 0.00000000E+00  -.15244840E+04
 0.00000000E+00  -.15365135E+04
 0.00000000E+00  -.15486731E+04
 0.00000000E+00  -.15609649E+04
 0.00000000E+00  -.15733907E+04
 0.00000000E+00  -.15859532E+04
 0.00000000E+00  -.15986541E+04
 0.00000000E+00  -.16114959E+04
 0.00000000E+00  -.16244809E+04
 0.00000000E+00  -.16376114E+04
 0.00000000E+00  -.16508898E+04
 0.00000000E+00  -.16643183E+04
 0.00000000E+00  -.16778999E+04
 0.00000000E+00  -.16916366E+04
 0.00000000E+00  -.17055314E+04
 0.00000000E+00  -.17195867E+04
 0.00000000E+00  -.17338053E+04
 0.00000000E+00  -.17481899E+04
 0.00000000E+00  -.17627433E+04
 0.00000000E+00  -.17774685E+04
 0.00000000E+00  -.17923683E+04
 0.00000000E+00  -.18074457E+04
 0.00000000E+00  -.18227038E+04
 0.00000000E+00  -.18381455E+04
 0.00000000E+00  -.18537744E+04
 0.00000000E+00  -.18695933E+04
 0.00000000E+00  -.18856058E+04
 0.00000000E+00  -.19018151E+04
 0.00000000E+00  -.19182248E+04
 0.00000000E+00  -.19348382E+04
 0.00000000E+00  -.19516591E+04
 0.00000000E+00  -.19686910E+04
 0.00000000E+00  -.19859376E+04
 0.00000000E+00  -.20034027E+04
 0.00000000E+00  -.20210902E+04
 0.00000000E+00  -.20390042E+04
 0.00000000E+00  -.20571483E+04
 0.00000000E+00  -.20755271E+04
 0.00000000E+00  -.20941444E+04
 0.00000000E+00  -.21130045E+04
 0.00000000E+00  -.21321118E+04
 0.00000000E+00  -.21514707E+04
 0.00000000E+00  -.21710855E+04
 0.00000000E+00  -.21909609E+04
 0.00000000E+00  -.22111015E+04
 0.00000000E+00  -.22315118E+04
 0.00000000E+00  -.22521967E+04
 0.00000000E+00  -.22731610E+04
 0.00000000E+00  -.22944096E+04
 0.00000000E+00  -.23159474E+04
 0.00000000E+00  -.23377793E+04
 0.00000000E+00  -.23599107E+04
 0.00000000E+00  -.23823464E+04
 0.00000000E+00  -.24050915E+04
 0.00000000E+00  -.24281514E+04
 0.00000000E+00  -.24515312E+04
 0.00000000E+00  -.24752362E+04
 0.00000000E+00  -.24992716E+04
 0.00000000E+00  -.25236427E+04
 0.00000000E+00  -.25483546E+04
 0.00000000E+00  -.25734128E+04
 0.00000000E+00  -.25988221E+04
 0.00000000E+00  -.26245877E+04
 0.00000000E+00  -.26507147E+04
 0.00000000E+00  -.26772079E+04
 0.00000000E+00  -.27040722E+04
 0.00000000E+00  -.27313122E+04
 0.00000000E+00  -.27589321E+04
 0.00000000E+00  -.27869362E+04
 0.00000000E+00  -.28153283E+04
 0.00000000E+00  -.28441119E+04
 0.00000000E+00  -.28732901E+04
 0.00000000E+00  -.29028658E+04
 0.00000000E+00  -.29328409E+04
 0.00000000E+00  -.29632171E+04
 0.00000000E+00  -.29939951E+04
 0.00000000E+00  -.30251750E+04
 0.00000000E+00  -.30567560E+04
 0.00000000E+00  -.30887360E+04
 0.00000000E+00  -.31211119E+04
 0.00000000E+00  -.31538793E+04
 0.00000000E+00  -.31870321E+04
 0.00000000E+00  -.32205623E+04
 0.00000000E+00  -.32544602E+04
 0.00000000E+00  -.32887136E+04
 0.00000000E+00  -.33233075E+04
 0.00000000E+00  -.33582244E+04
 0.00000000E+00  -.33934430E+04
 0.00000000E+00  -.34289383E+04
 0.00000000E+00  -.34646807E+04
 0.00000000E+00  -.35006359E+04
 0.00000000E+00  -.35367636E+04
 0.00000000E+00  -.35730171E+04
 0.00000000E+00  -.36093423E+04
 0.00000000E+00  -.36456763E+04
 0.00000000E+00  -.36819469E+04
 0.00000000E+00  -.37180704E+04
 0.00000000E+00  -.37539509E+04
 0.00000000E+00  -.37894785E+04
 0.00000000E+00  -.38245077E+04
 0.00000000E+00  -.38588983E+04
 0.00000000E+00  -.38924825E+04
 0.00000000E+00  -.39250658E+04
 0.00000000E+00  -.39564389E+04
 0.00000000E+00  -.39863320E+04
 0.00000000E+00  -.40144415E+04
 0.00000000E+00  -.40404206E+04
 0.00000000E+00  -.40638705E+04
 0.00000000E+00  -.40843326E+04
 0.00000000E+00  -.41012804E+04
 0.00000000E+00  -.41141111E+04
 0.00000000E+00  -.41221383E+04
 0.00000000E+00  -.41245875E+04
 0.00000000E+00  -.41205981E+04
 0.00000000E+00  -.41092385E+04
 0.00000000E+00  -.40895510E+04
 0.00000000E+00  -.40606539E+04
 0.00000000E+00  -.40219680E+04
 0.00000000E+00  -.39737121E+04
 0.00000000E+00  -.39180370E+04
 0.00000000E+00  -.38618166E+04
 0.00000000E+00  -.38244815E+04
 0.00000000E+00  -.38655205E+04
 0.00000000E+00  -.42347068E+04
 0.00000000E+00  -.68420453E+04
 0.00000000E+00  -.10981229E+05
 0.00000000E+00  -.11444158E+05
 0.00000000E+00  -.11398233E+05
 0.00000000E+00  -.11349374E+05
 0.00000000E+00  -.11296327E+05
 0.00000000E+00  -.11236603E+05
 0.00000000E+00  -.11163668E+05
 0.00000000E+00  -.92814052E+04
 0.00000000E+00  -.92603418E+04
 0.00000000E+00  -.92386888E+04
 0.00000000E+00  -.92163835E+04
 0.00000000E+00  -.91933468E+04
 0.00000000E+00  -.91694822E+04
 0.00000000E+00  -.91446620E+04
 0.00000000E+00  -.91187183E+04
 0.00000000E+00  -.90914226E+04
 0.00000000E+00  -.90624497E+04
 0.00000000E+00  -.90313118E+04
 0.00000000E+00  -.89972167E+04
 0.00000000E+00  -.89587195E+04
 0.00000000E+00  -.89125789E+04
 0.00000000E+00  -.88468345E+04
 0.00000000E+00  -.70747542E+04
 0.00000000E+00  -.70568374E+04
 0.00000000E+00  -.70381125E+04
 0.00000000E+00  -.70184722E+04
 0.00000000E+00  -.69977815E+04
 0.00000000E+00  -.69758632E+04
 0.00000000E+00  -.69524787E+04
 0.00000000E+00  -.69272926E+04
 0.00000000E+00  -.68998069E+04
 0.00000000E+00  -.68692222E+04
 0.00000000E+00  -.68340987E+04
 0.00000000E+00  -.67912599E+04
 0.00000000E+00  -.67294608E+04
 0.00000000E+00  -.54829462E+04
 0.00000000E+00  -.54757072E+04
 0.00000000E+00  -.54677531E+04
 0.00000000E+00  -.54589897E+04
 0.00000000E+00  -.54492950E+04
 0.00000000E+00  -.54385098E+04
 0.00000000E+00  -.54264142E+04
 0.00000000E+00  -.54126883E+04
 0.00000000E+00  -.53968318E+04
 0.00000000E+00  -.53779772E+04
 0.00000000E+00  -.53543079E+04
 0.00000000E+00  -.53202385E+04
 0.00000000E+00  -.49040247E+04
 0.00000000E+00  -.49075814E+04
 0.00000000E+00  -.49106621E+04
 0.00000000E+00  -.49132057E+04
 0.00000000E+00  -.49151357E+04
 0.00000000E+00  -.49163521E+04
 0.00000000E+00  -.49167180E+04
 0.00000000E+00  -.49160344E+04
 0.00000000E+00  -.49139857E+04
 0.00000000E+00  -.49100066E+04
 0.00000000E+00  -.49028106E+04
 0.00000000E+00  -.48870393E+04
 0.00000000E+00  -.47612000E+04
 0.00000000E+00  -.47700874E+04
 0.00000000E+00  -.47786312E+04
 0.00000000E+00  -.47867877E+04
 0.00000000E+00  -.47945057E+04
 0.00000000E+00  -.48017202E+04
 0.00000000E+00  -.48083466E+04
 0.00000000E+00  -.48142684E+04
 0.00000000E+00  -.48193105E+04
 0.00000000E+00  -.48231884E+04
 0.00000000E+00  -.48253185E+04
 0.00000000E+00  -.48239424E+04
 0.00000000E+00  -.49093883E+04
 0.00000000E+00  -.49257006E+04
 0.00000000E+00  -.49419098E+04
 0.00000000E+00  -.49580057E+04
 0.00000000E+00  -.49739738E+04
 0.00000000E+00  -.49898041E+04
 0.00000000E+00  -.50054878E+04
 0.00000000E+00  -.50210196E+04
 0.00000000E+00  -.50364009E+04
 0.00000000E+00  -.50516461E+04
 0.00000000E+00  -.50667972E+04
 0.00000000E+00  -.50819769E+04
 0.00000000E+00  -.50975786E+04
 0.00000000E+00  -.55221472E+04
 0.00000000E+00  -.55582216E+04
 0.00000000E+00  -.55953285E+04
 0.00000000E+00  -.56335784E+04
 0.00000000E+00  -.56731059E+04
 0.00000000E+00  -.57140895E+04
 0.00000000E+00  -.57567720E+04
 0.00000000E+00  -.58014943E+04
 0.00000000E+00  -.58487579E+04
 0.00000000E+00  -.58993466E+04
 0.00000000E+00  -.59546001E+04
 0.00000000E+00  -.60171822E+04
 0.00000000E+00  -.60940676E+04
 0.00000000E+00  -.66169012E+04
 0.00000000E+00  -.66460685E+04
 0.00000000E+00  -.66772313E+04
 0.00000000E+00  -.67105056E+04
 0.00000000E+00  -.67460227E+04
 0.00000000E+00  -.67839348E+04
 0.00000000E+00  -.68244199E+04
 0.00000000E+00  -.68676893E+04
 0.00000000E+00  -.69139981E+04
 0.00000000E+00  -.69636595E+04
 0.00000000E+00  -.70170667E+04
 0.00000000E+00  -.70747265E+04
 0.00000000E+00  -.71373120E+04
 0.00000000E+00  -.72057545E+04
 0.00000000E+00  -.72814115E+04
 0.00000000E+00  -.73664000E+04
 0.00000000E+00  -.74644077E+04
 0.00000000E+00  -.75830437E+04
 0.00000000E+00  -.77448978E+04
 0.00000000E+00  -.63651538E+04
 0.00000000E+00  -.62544551E+04
 0.00000000E+00  -.61372446E+04
 0.00000000E+00  -.60119628E+04
 0.00000000E+00  -.58763589E+04
 0.00000000E+00  -.57269869E+04
 0.00000000E+00  -.55580969E+04
 0.00000000E+00  -.53586698E+04
 0.00000000E+00  -.51015025E+04
 0.00000000E+00  -.46382873E+04
 0.00000000E+00  0.87867908E+04
 0.00000000E+00  0.87204621E+04
 0.00000000E+00  0.86479435E+04
 0.00000000E+00  0.85678473E+04
 0.00000000E+00  0.84783142E+04
 0.00000000E+00  0.83767598E+04
 0.00000000E+00  0.82594168E+04
 0.00000000E+00  0.81204183E+04
 0.00000000E+00  0.79496875E+04
 0.00000000E+00  0.77269349E+04
 0.00000000E+00  0.73954711E+04
 0.00000000E+00  0.47163731E+04
 0.00000000E+00  0.48018452E+04
 0.00000000E+00  0.48901265E+04
 0.00000000E+00  0.49818052E+04
 0.00000000E+00  0.50775632E+04
 0.00000000E+00  0.51782068E+04
 0.00000000E+00  0.52847051E+04
 0.00000000E+00  0.53982461E+04
 0.00000000E+00  0.55203181E+04
 0.00000000E+00  0.56528341E+04
 0.00000000E+00  0.57983305E+04
 0.00000000E+00  0.59603037E+04
 0.00000000E+00  0.61438226E+04
 0.00000000E+00  0.63567635E+04
 0.00000000E+00  0.66126790E+04
 0.00000000E+00  0.69390873E+04
 0.00000000E+00  0.74144059E+04
 0.00000000E+00  0.17250477E+05
 0.00000000E+00  0.17321357E+05
 0.00000000E+00  0.17385001E+05
 0.00000000E+00  0.17442162E+05
 0.00000000E+00  0.17493436E+05
 0.00000000E+00  0.17539291E+05
 0.00000000E+00  0.17580091E+05
 0.00000000E+00  0.17616110E+05
 0.00000000E+00  0.17647542E+05
 0.00000000E+00  0.17674498E+05
 0.00000000E+00  0.17697000E+05
 0.00000000E+00  0.17714962E+05
 0.00000000E+00  0.17728150E+05
 0.00000000E+00  0.17736118E+05
 0.00000000E+00  0.17738063E+05
 0.00000000E+00  0.17732532E+05
 0.00000000E+00  0.17716691E+05
 0.00000000E+00  0.17684061E+05
 0.00000000E+00  0.17613602E+05
 0.00000000E+00  -.27954179E+05
 0.00000000E+00  -.27887255E+05
 0.00000000E+00  -.27819834E+05
 0.00000000E+00  -.27751928E+05
 0.00000000E+00  -.27683547E+05
 0.00000000E+00  -.27614699E+05
 0.00000000E+00  -.27545393E+05
 0.00000000E+00  -.27475636E+05
 0.00000000E+00  -.27405436E+05
 0.00000000E+00  -.27334801E+05
 0.00000000E+00  -.27263738E+05
 0.00000000E+00  -.27192254E+05
 0.00000000E+00  -.27120356E+05
 0.00000000E+00  -.27048050E+05
 0.00000000E+00  -.26975342E+05
 0.00000000E+00  -.26902238E+05
 0.00000000E+00  -.26828743E+05
 0.00000000E+00  -.26754864E+05
 0.00000000E+00  -.26680604E+05
 0.00000000E+00  -.26605969E+05
 0.00000000E+00  -.26530963E+05
 0.00000000E+00  -.26455590E+05
 0.00000000E+00  -.26379853E+05
 0.00000000E+00  -.26303757E+05
 0.00000000E+00  -.26227303E+05
 0.00000000E+00  -.26150495E+05
 0.00000000E+00  -.26073335E+05
 0.00000000E+00  -.25995825E+05
 0.00000000E+00  -.25917965E+05
 0.00000000E+00  -.25839757E+05
 0.00000000E+00  -.25761200E+05
 0.00000000E+00  -.25682295E+05
 0.00000000E+00  -.25603040E+05
 0.00000000E+00  -.25523433E+05
 0.00000000E+00  -.25443472E+05
 0.00000000E+00  -.25363152E+05
 0.00000000E+00  -.25282471E+05
 0.00000000E+00  -.25201421E+05
 0.00000000E+00  -.25119995E+05
 0.00000000E+00  -.25038184E+05
 0.00000000E+00  -.24955979E+05
 0.00000000E+00  -.24873365E+05
 0.00000000E+00  -.24790327E+05
 0.00000000E+00  -.24706846E+05
 0.00000000E+00  -.24622900E+05
 0.00000000E+00  -.24538462E+05
 0.00000000E+00  -.24453497E+05
 0.00000000E+00  -.24367965E+05
 0.00000000E+00  -.24281816E+05
 0.00000000E+00  -.24194988E+05
 0.00000000E+00  -.24107401E+05
 0.00000000E+00  -.24018955E+05
 0.00000000E+00  -.23929520E+05
 0.00000000E+00  -.23838921E+05
 0.00000000E+00  -.23746919E+05
 0.00000000E+00  -.23653179E+05
 0.00000000E+00  -.23557200E+05
 0.00000000E+00  -.23458196E+05
 0.00000000E+00  -.23354806E+05
 0.00000000E+00  -.23244323E+05
 0.00000000E+00  -.23119645E+05
 0.00000000E+00  -.22924668E+05
 0.00000000E+00  -.13002437E+05
 0.00000000E+00  0.79921809E+03
 0.00000000E+00  0.85987577E+03
 0.00000000E+00  0.92252831E+03
 0.00000000E+00  0.98712758E+03
 0.00000000E+00  0.10536229E+04
 0.00000000E+00  0.11219602E+04
 0.00000000E+00  0.11920810E+04
 0.00000000E+00  0.12639219E+04
 0.00000000E+00  0.13374142E+04
 0.00000000E+00  0.14124820E+04
 0.00000000E+00  0.14890418E+04
 0.00000000E+00  0.15670004E+04
 0.00000000E+00  0.16462532E+04
 0.00000000E+00  0.17266818E+04
 0.00000000E+00  0.18081501E+04
 0.00000000E+00  0.18904998E+04
 0.00000000E+00  0.19735464E+04
 0.00000000E+00  0.20570658E+04
 0.00000000E+00  0.21407844E+04
 0.00000000E+00  0.22243586E+04
 0.00000000E+00  0.23073428E+04
 0.00000000E+00  0.23891340E+04
 0.00000000E+00  0.24688699E+04
 0.00000000E+00  0.25452142E+04
 0.00000000E+00  0.26158232E+04
 0.00000000E+00  0.26755532E+04
 0.00000000E+00  0.27037512E+04
 0.00000000E+00  -.21832373E+04
 0.00000000E+00  -.21268622E+04
 0.00000000E+00  -.20682338E+04
 0.00000000E+00  -.20073808E+04
 0.00000000E+00  -.19443284E+04
 0.00000000E+00  -.18790985E+04
 0.00000000E+00  -.18117094E+04
 0.00000000E+00  -.17421762E+04
 0.00000000E+00  -.16705114E+04
 0.00000000E+00  -.15967254E+04
 0.00000000E+00  -.15208272E+04
 0.00000000E+00  -.14428256E+04
 0.00000000E+00  -.13627304E+04
 0.00000000E+00  -.12805551E+04
 0.00000000E+00  -.11963196E+04
 0.00000000E+00  -.11100550E+04
 0.00000000E+00  -.10218116E+04
 0.00000000E+00  -.93166928E+03
 0.00000000E+00  -.83975529E+03
 0.00000000E+00  -.74628009E+03
 0.00000000E+00  -.65158960E+03
 0.00000000E+00  -.55626244E+03
 0.00000000E+00  -.46131444E+03
 0.00000000E+00  -.36864365E+03
 0.00000000E+00  -.28218803E+03
 0.00000000E+00  -.21185294E+03
 0.00000000E+00  -.19834333E+03
 0.00000000E+00  -.49846249E+04
 0.00000000E+00  -.47422130E+04
 0.00000000E+00  -.44814912E+04
 0.00000000E+00  -.42004566E+04
 0.00000000E+00  -.38970710E+04
 0.00000000E+00  -.35695290E+04
 0.00000000E+00  -.32166928E+04
 0.00000000E+00  -.28386954E+04
 0.00000000E+00  -.24376454E+04
 0.00000000E+00  -.20178729E+04
 0.00000000E+00  -.15853058E+04
 0.00000000E+00  -.11452540E+04
 0.00000000E+00  -.69631421E+03
 0.00000000E+00  -.24550208E+04
 0.00000000E+00  -.23793474E+04
 0.00000000E+00  -.22981380E+04
 0.00000000E+00  -.22124242E+04
 0.00000000E+00  -.21229313E+04
 0.00000000E+00  -.20302015E+04
 0.00000000E+00  -.19346599E+04
 0.00000000E+00  -.18366590E+04
 0.00000000E+00  -.17365150E+04
 0.00000000E+00  -.16345413E+04
 0.00000000E+00  -.15310878E+04
 0.00000000E+00  -.14266107E+04
 0.00000000E+00  -.13217703E+04
 0.00000000E+00  -.12176480E+04
 0.00000000E+00  -.11162601E+04
 0.00000000E+00  -.10220509E+04
 0.00000000E+00  -.94817026E+03
 0.00000000E+00  -.10097233E+04
 0.00000000E+00  -.25327213E+04
 0.00000000E+00  -.26455303E+04
 0.00000000E+00  -.26919930E+04
 0.00000000E+00  -.26996676E+04
 0.00000000E+00  -.26801869E+04
 0.00000000E+00  -.26396295E+04
 0.00000000E+00  -.25815168E+04
 0.00000000E+00  -.25079849E+04
 0.00000000E+00  -.24202974E+04
 0.00000000E+00  -.23191060E+04
Mw-Hw               
 0.29885900E+06  0.32462622E+06
 0.29786280E+06  0.32358933E+06
 0.29686661E+06  0.32255207E+06
 0.29587041E+06  0.32151443E+06
 0.29487421E+06  0.32047642E+06
 0.29387802E+06  0.31943804E+06
 0.29288182E+06  0.31839929E+06
 0.29188562E+06  0.31736017E+06
 0.29088943E+06  0.31632069E+06
 0.28989323E+06  0.31528083E+06
 0.28889703E+06  0.31424062E+06
 0.28790084E+06  0.31320003E+06
 0.28690464E+06  0.31215908E+06
 0.28590844E+06  0.31111778E+06
 0.28491225E+06  0.31007610E+06
 0.28391605E+06  0.30903407E+06
 0.28291985E+06  0.30799168E+06
 0.28192366E+06  0.30694893E+06
 0.28092746E+06  0.30590582E+06
 0.27993126E+06  0.30486236E+06
 0.27893507E+06  0.30381854E+06
 0.27793887E+06  0.30277437E+06
 0.27694267E+06  0.30172984E+06
 0.27594648E+06  0.30068496E+06
 0.27495028E+06  0.29963973E+06
 0.27395408E+06  0.29859415E+06
 0.27295789E+06  0.29754822E+06
 0.27196169E+06  0.29650194E+06
 0.27096549E+06  0.29545531E+06
 0.26996930E+06  0.29440833E+06
 0.26897310E+06  0.29336101E+06
 0.26797690E+06  0.29231335E+06
 0.26698071E+06  0.29126534E+06
 0.26598451E+06  0.29021698E+06
 0.26498831E+06  0.28916829E+06
 0.26399212E+06  0.28811925E+06
 0.26299592E+06  0.28706987E+06
 0.26199972E+06  0.28602016E+06
 0.26100353E+06  0.28497010E+06
 0.26000733E+06  0.28391971E+06
 0.25901113E+06  0.28286898E+06
 0.25801494E+06  0.28181791E+06
 0.25701874E+06  0.28076651E+06
 0.25602254E+06  0.27971477E+06
 0.25502635E+06  0.27866270E+06
 0.25403015E+06  0.27761030E+06
 0.25303395E+06  0.27655757E+06
 0.25203776E+06  0.27550450E+06
 0.25104156E+06  0.27445111E+06
 0.25004536E+06  0.27339738E+06
 0.24904917E+06  0.27234333E+06
 0.24805297E+06  0.27128895E+06
 0.24705677E+06  0.27023424E+06
 0.24606058E+06  0.26917921E+06
 0.24506438E+06  0.26812385E+06
 0.24406818E+06  0.26706816E+06
 0.24307199E+06  0.26601216E+06
 0.24207579E+06  0.26495583E+06
 0.24107959E+06  0.26389917E+06
 0.24008340E+06  0.26284220E+06
 0.23908720E+06  0.26178490E+06
 0.23809100E+06  0.26072729E+06
 0.23709481E+06  0.25966936E+06
 0.23609861E+06  0.25861110E+06
 0.23510241E+06  0.25755254E+06
 0.23410622E+06  0.25649365E+06
 0.23311002E+06  0.25543445E+06
 0.23211382E+06  0.25437493E+06
 0.23111763E+06  0.25331510E+06
 0.23012143E+06  0.25225495E+06
 0.22912523E+06  0.25119449E+06
 0.22812904E+06  0.25013372E+06
 0.22713284E+06  0.24907263E+06
 0.22613664E+06  0.24801124E+06
 0.22514045E+06  0.24694953E+06
 0.22414425E+06  0.24588752E+06
 0.22314805E+06  0.24482520E+06
 0.22215186E+06  0.24376256E+06
 0.22115566E+06  0.24269962E+06
 0.22015946E+06  0.24163638E+06
 0.21916327E+06  0.24057282E+06
 0.21816707E+06  0.23950897E+06
 0.21717087E+06  0.23844480E+06
 0.21617468E+06  0.23738033E+06
 0.21517848E+06  0.23631556E+06
 0.21418228E+06  0.23525049E+06
 0.21318609E+06  0.23418511E+06
 0.21218989E+06  0.23311943E+06
 0.21119369E+06  0.23205345E+06
 0.21019750E+06  0.23098718E+06
 0.20920130E+06  0.22992060E+06
 0.20820510E+06  0.22885372E+06
 0.20720891E+06  0.22778654E+06
 0.20621271E+06  0.22671907E+06
 0.20521651E+06  0.22565129E+06
 0.20422032E+06  0.22458323E+06
 0.20322412E+06  0.22351486E+06
 0.20222792E+06  0.22244620E+06
 0.20123173E+06  0.22137725E+06
 0.20023553E+06  0.22030800E+06
 0.19923933E+06  0.21923845E+06
 0.19824314E+06  0.21816862E+06
 0.19724694E+06  0.21709849E+06
 0.19625074E+06  0.21602807E+06
 0.19525455E+06  0.21495736E+06
 0.19425835E+06  0.21388636E+06
 0.19326215E+06  0.21281506E+06
 0.19226596E+06  0.21174348E+06
 0.19126976E+06  0.21067161E+06
 0.19027356E+06  0.20959945E+06
 0.18927737E+06  0.20852701E+06
 0.18828117E+06  0.20745427E+06
 0.18728497E+06  0.20638125E+06
 0.18628878E+06  0.20530794E+06
 0.18529258E+06  0.20423435E+06
 0.18429638E+06  0.20316047E+06
 0.18330019E+06  0.20208631E+06
 0.18230399E+06  0.20101186E+06
 0.18130779E+06  0.19993713E+06
 0.18031160E+06  0.19886211E+06
 0.17931540E+06  0.19778682E+06
 0.17831920E+06  0.19671124E+06
 0.17732301E+06  0.19563538E+06
 0.17632681E+06  0.19455923E+06
 0.17533061E+06  0.19348281E+06
 0.17433442E+06  0.19240611E+06
 0.17333822E+06  0.19132913E+06
 0.17234202E+06  0.19025187E+06
 0.17134583E+06  0.18917433E+06
 0.17034963E+06  0.18809651E+06
 0.16935343E+06  0.18701842E+06
 0.16835724E+06  0.18594004E+06
 0.16736104E+06  0.18486139E+06
 0.16636484E+06  0.18378247E+06
 0.16536865E+06  0.18270327E+06
 0.16437245E+06  0.18162379E+06
 0.16337625E+06  0.18054404E+06
 0.16238006E+06  0.17946402E+06
 0.16138386E+06  0.17838372E+06
 0.16038766E+06  0.17730314E+06
 0.15939147E+06  0.17622230E+06
 0.15839527E+06  0.17514118E+06
 0.15739907E+06  0.17405979E+06
 0.15640288E+06  0.17297813E+06
 0.15540668E+06  0.17189619E+06
 0.15441048E+06  0.17081399E+06
 0.15341429E+06  0.16973152E+06
 0.15241809E+06  0.16864877E+06
 0.15142189E+06  0.16756576E+06
 0.15042570E+06  0.16648248E+06
 0.14942950E+06  0.16539892E+06
 0.14843330E+06  0.16431510E+06
 0.14743711E+06  0.16323102E+06
 0.14644091E+06  0.16214666E+06
 0.14544471E+06  0.16106204E+06
 0.14444852E+06  0.15997715E+06
 0.14345232E+06  0.15889200E+06
 0.14245612E+06  0.15780658E+06
 0.14145993E+06  0.15672089E+06
 0.14046373E+06  0.15563494E+06
 0.13946753E+06  0.15454872E+06
 0.13847134E+06  0.15346224E+06
 0.13747514E+06  0.15237550E+06
 0.13647894E+06  0.15128849E+06
 0.13548275E+06  0.15020122E+06
 0.13448655E+06  0.14911368E+06
 0.13349035E+06  0.14802589E+06
 0.13249416E+06  0.14693783E+06
 0.13149796E+06  0.14584951E+06
 0.13050176E+06  0.14476093E+06
 0.12950557E+06  0.14367209E+06
 0.12850937E+06  0.14258298E+06
 0.12751317E+06  0.14149362E+06
 0.12651698E+06  0.14040400E+06
 0.12552078E+06  0.13931412E+06
 0.12452458E+06  0.13822397E+06
 0.12352839E+06  0.13713357E+06
 0.12253219E+06  0.13604291E+06
 0.12153599E+06  0.13495200E+06
 0.12053980E+06  0.13386082E+06
 0.11954360E+06  0.13276939E+06
 0.11854740E+06  0.13167770E+06
 0.11755121E+06  0.13058575E+06
 0.11655501E+06  0.12949354E+06
 0.11555881E+06  0.12840108E+06
 0.11456262E+06  0.12730837E+06
 0.11356642E+06  0.12621540E+06
 0.11257022E+06  0.12512217E+06
 0.11157403E+06  0.12402869E+06
 0.11057783E+06  0.12293495E+06
 0.10958163E+06  0.12184096E+06
 0.10858544E+06  0.12074671E+06
 0.10758924E+06  0.11965221E+06
 0.10659304E+06  0.11855746E+06
 0.10559685E+06  0.11746245E+06
 0.10460065E+06  0.11636719E+06
 0.10360445E+06  0.11527168E+06
 0.10260826E+06  0.11417592E+06
 0.10161206E+06  0.11307990E+06
 0.10061586E+06  0.11198363E+06
 0.99619667E+05  0.11088711E+06
 0.98623470E+05  0.10979034E+06
 0.97627273E+05  0.10869332E+06
 0.96631077E+05  0.10759605E+06
 0.95634880E+05  0.10649852E+06
 0.94638683E+05  0.10540075E+06
 0.93642487E+05  0.10430272E+06
 0.92646290E+05  0.10320445E+06
 0.91650093E+05  0.10210593E+06
 0.90653897E+05  0.10100715E+06
 0.89657700E+05  0.99908133E+05
 0.88661503E+05  0.98808863E+05
 0.87665307E+05  0.97709344E+05
 0.86669110E+05  0.96609577E+05
 0.85672913E+05  0.95509562E+05
 0.84676717E+05  0.94409299E+05
 0.83680520E+05  0.93308788E+05
 0.82684323E+05  0.92208030E+05
 0.81688127E+05  0.91107026E+05
 0.80691930E+05  0.90005774E+05
 0.79695733E+05  0.88904275E+05
 0.78699537E+05  0.87802530E+05
 0.77703340E+05  0.86700539E+05
 0.76707143E+05  0.85598302E+05
 0.75710947E+05  0.84495819E+05
 0.74714750E+05  0.83393091E+05
 0.73718553E+05  0.82290117E+05
 0.72722357E+05  0.81186898E+05
 0.71726160E+05  0.80083434E+05
 0.70729963E+05  0.78979725E+05
 0.69733767E+05  0.77875772E+05
 0.68737570E+05  0.76771575E+05
 0.67741373E+05  0.75667133E+05
 0.66745177E+05  0.74562447E+05
 0.65748980E+05  0.73457517E+05
 0.64752783E+05  0.72352344E+05
 0.63756587E+05  0.71246928E+05
 0.62760390E+05  0.70141268E+05
 0.61764193E+05  0.69035365E+05
 0.60767997E+05  0.67929219E+05
 0.59771800E+05  0.66822831E+05
 0.58775603E+05  0.65716200E+05
 0.57779407E+05  0.64609327E+05
 0.56783210E+05  0.63502211E+05
 0.55787013E+05  0.62394854E+05
 0.54790817E+05  0.61287255E+05
 0.53794620E+05  0.60179414E+05
 0.52798423E+05  0.59071332E+05
 0.51802227E+05  0.57963009E+05
 0.50806030E+05  0.56854444E+05
 0.49809833E+05  0.55745638E+05
 0.48813637E+05  0.54636592E+05
 0.47817440E+05  0.53527305E+05
 0.46821243E+05  0.52417778E+05
 0.45825047E+05  0.51308010E+05
 0.44828850E+05  0.50198002E+05
 0.43832653E+05  0.49087755E+05
 0.42836457E+05  0.47977267E+05
 0.41840260E+05  0.46866541E+05
 0.40844063E+05  0.45755575E+05
 0.39847867E+05  0.44644371E+05
 0.38851670E+05  0.43532928E+05
 0.37855473E+05  0.42421247E+05
 0.36859277E+05  0.41309328E+05
 0.35863080E+05  0.40197174E+05
 0.34866883E+05  0.39084783E+05
 0.33870687E+05  0.37972159E+05
 0.32874490E+05  0.36859306E+05
 0.31878293E+05  0.35746230E+05
 0.30882097E+05  0.34632864E+05
 0.29885900E+05  0.33518554E+05
 0.28889703E+05  0.31701674E+05
 0.27893507E+05  0.30609756E+05
 0.26897310E+05  0.29517852E+05
 0.25901113E+05  0.28425987E+05
 0.24904917E+05  0.27334214E+05
 0.23908720E+05  0.26242681E+05
 0.22912523E+05  0.25131635E+05
 0.21916327E+05  0.24039541E+05
 0.20920130E+05  0.22947415E+05
 0.19923933E+05  0.21855256E+05
 0.18927737E+05  0.20763063E+05
 0.17931540E+05  0.19670835E+05
 0.16935343E+05  0.18578572E+05
 0.15939147E+05  0.17486273E+05
 0.14942950E+05  0.16393937E+05
 0.13946753E+05  0.15301565E+05
 0.12950557E+05  0.14209158E+05
 0.11954360E+05  0.13116720E+05
 0.10958163E+05  0.12024260E+05
 0.99619667E+04  0.10931805E+05
 0.89657700E+04  0.98394734E+04
 0.79695733E+04  0.87406376E+04
 0.69733767E+04  0.76482287E+04
 0.59771800E+04  0.65557781E+04
 0.49809833E+04  0.54632831E+04
 0.39847867E+04  0.43707405E+04
 0.29885900E+04  0.32781464E+04
 0.19923933E+04  0.21854959E+04
 0.99619667E+03  0.10927831E+04
 0.00000000E+00  -.47549515E-04
 -.99619667E+03  -.10928648E+04
 -.19923933E+04  -.21858288E+04
 -.29885900E+04  -.32789252E+04
 -.39847867E+04  -.43722500E+04
 -.49809833E+04  -.54619501E+04
 -.59771800E+04  -.65544614E+04
 -.69733767E+04  -.76470221E+04
 -.79695733E+04  -.87396374E+04
 -.89657700E+04  -.98323140E+04
 -.99619667E+04  -.10925060E+05
 -.10958163E+05  -.12017886E+05
 -.11954360E+05  -.13110807E+05
 -.12950557E+05  -.14203844E+05
 -.13946753E+05  -.15297035E+05
 -.14942950E+05  -.16390450E+05
 -.15939147E+05  -.17484297E+05
 -.16935343E+05  -.18567412E+05
 -.17931540E+05  -.19659894E+05
 -.18927737E+05  -.20752431E+05
 -.19923933E+05  -.21845031E+05
 -.20920130E+05  -.22937703E+05
 -.21916327E+05  -.24030461E+05
 -.22912523E+05  -.25123320E+05
 -.23908720E+05  -.26216306E+05
 -.24904917E+05  -.27309455E+05
 -.25901113E+05  -.28402836E+05
 -.26897310E+05  -.29496598E+05
 -.27893507E+05  -.30591355E+05
 -.28889703E+05  -.31668970E+05
 -.29885900E+05  -.32761326E+05
 -.30882097E+05  -.33853740E+05
 -.31878293E+05  -.34946222E+05
 -.32874490E+05  -.36038783E+05
 -.33870687E+05  -.37131438E+05
 -.34866883E+05  -.38224206E+05
 -.35863080E+05  -.39317115E+05
 -.36859277E+05  -.40410209E+05
 -.37855473E+05  -.41503562E+05
 -.38851670E+05  -.42597328E+05
 -.39847867E+05  -.43691981E+05
 -.40844063E+05  -.44766132E+05
 -.41840260E+05  -.45858183E+05
 -.42836457E+05  -.46950285E+05
 -.43832653E+05  -.48042447E+05
 -.44828850E+05  -.49134679E+05
 -.45825047E+05  -.50226992E+05
 -.46821243E+05  -.51319404E+05
 -.47817440E+05  -.52411935E+05
 -.48813637E+05  -.53504617E+05
 -.49809833E+05  -.54597493E+05
 -.50806030E+05  -.55690641E+05
 -.51802227E+05  -.56784203E+05
 -.52798423E+05  -.57878552E+05
 -.53794620E+05  -.58958731E+05
 -.54790817E+05  -.60050609E+05
 -.55787013E+05  -.61142546E+05
 -.56783210E+05  -.62234552E+05
 -.57779407E+05  -.63326637E+05
 -.58775603E+05  -.64418819E+05
 -.59771800E+05  -.65511115E+05
 -.60767997E+05  -.66603554E+05
 -.61764193E+05  -.67696172E+05
 -.62760390E+05  -.68789026E+05
 -.63756587E+05  -.69882208E+05
 -.64752783E+05  -.70975896E+05
 -.65748980E+05  -.72070539E+05
 -.66745177E+05  -.73164167E+05
 -.67741373E+05  -.74255794E+05
 -.68737570E+05  -.75347458E+05
 -.69733767E+05  -.76439163E+05
 -.70729963E+05  -.77530915E+05
 -.71726160E+05  -.78622722E+05
 -.72722357E+05  -.79714593E+05
 -.73718553E+05  -.80806537E+05
 -.74714750E+05  -.81898566E+05
 -.75710947E+05  -.82990696E+05
 -.76707143E+05  -.84082944E+05
 -.77703340E+05  -.85175335E+05
 -.78699537E+05  -.86267899E+05
 -.79695733E+05  -.87360679E+05
 -.80691930E+05  -.88453736E+05
 -.81688127E+05  -.89547166E+05
 -.82684323E+05  -.90641129E+05
 -.83680520E+05  -.91735958E+05
 -.84676717E+05  -.92832618E+05
 -.85672913E+05  -.93978861E+05
 -.86669110E+05  -.95071392E+05
 -.87665307E+05  -.96164018E+05
 -.88661503E+05  -.97256758E+05
 -.89657700E+05  -.98349633E+05
 -.90653897E+05  -.99442675E+05
 -.91650093E+05  -.10053594E+06
 -.92646290E+05  -.10162952E+06
 -.93642487E+05  -.10272365E+06
 -.94638683E+05  -.10381954E+06
 -.95634880E+05  -.10486381E+06
 -.96631077E+05  -.10595523E+06
 -.97627273E+05  -.10704674E+06
 -.98623470E+05  -.10813833E+06
 -.99619667E+05  -.10923003E+06
 -.10061586E+06  -.11032187E+06
 -.10161206E+06  -.11141388E+06
 -.10260826E+06  -.11250612E+06
 -.10360445E+06  -.11359870E+06
 -.10460065E+06  -.11469182E+06
 -.10559685E+06  -.11578607E+06
 -.10659304E+06  -.11685914E+06
 -.10758924E+06  -.11794874E+06
 -.10858544E+06  -.11903836E+06
 -.10958163E+06  -.12012802E+06
 -.11057783E+06  -.12121771E+06
 -.11157403E+06  -.12230745E+06
 -.11257022E+06  -.12339724E+06
 -.11356642E+06  -.12448710E+06
 -.11456262E+06  -.12557703E+06
 -.11555881E+06  -.12666705E+06
 -.11655501E+06  -.12775719E+06
 -.11755121E+06  -.12884747E+06
 -.11854740E+06  -.12993794E+06
 -.11954360E+06  -.13102866E+06
 -.12053980E+06  -.13211974E+06
 -.12153599E+06  -.13321142E+06
 -.12253219E+06  -.13430434E+06
 -.12352839E+06  -.13543002E+06
 -.12452458E+06  -.13651966E+06
 -.12552078E+06  -.13760944E+06
 -.12651698E+06  -.13869937E+06
 -.12751317E+06  -.13978946E+06
 -.12850937E+06  -.14087974E+06
 -.12950557E+06  -.14197022E+06
 -.13050176E+06  -.14306094E+06
 -.13149796E+06  -.14415193E+06
 -.13249416E+06  -.14524323E+06
 -.13349035E+06  -.14633489E+06
 -.13448655E+06  -.14742698E+06
 -.13548275E+06  -.14851960E+06
 -.13647894E+06  -.14961287E+06
 -.13747514E+06  -.15070696E+06
 -.13847134E+06  -.15180216E+06
 -.13946753E+06  -.15289895E+06
 -.14046373E+06  -.15399827E+06
 -.14145993E+06  -.15510284E+06
 -.14245612E+06  -.15592529E+06
 -.14345232E+06  -.15701057E+06
 -.14444852E+06  -.15809580E+06
 -.14544471E+06  -.15918098E+06
 -.14644091E+06  -.16026611E+06
 -.14743711E+06  -.16135119E+06
 -.14843330E+06  -.16243622E+06
 -.14942950E+06  -.16352120E+06
 -.15042570E+06  -.16460613E+06
 -.15142189E+06  -.16569102E+06
 -.15241809E+06  -.16677585E+06
 -.15341429E+06  -.16786064E+06
 -.15441048E+06  -.16894539E+06
 -.15540668E+06  -.17003009E+06
 -.15640288E+06  -.17111475E+06
 -.15739907E+06  -.17219936E+06
 -.15839527E+06  -.17328394E+06
 -.15939147E+06  -.17436847E+06
 -.16038766E+06  -.17545296E+06
 -.16138386E+06  -.17653741E+06
 -.16238006E+06  -.17762183E+06
 -.16337625E+06  -.17870621E+06
 -.16437245E+06  -.17979056E+06
 -.16536865E+06  -.18087488E+06
 -.16636484E+06  -.18195916E+06
 -.16736104E+06  -.18304341E+06
 -.16835724E+06  -.18412764E+06
 -.16935343E+06  -.18521184E+06
 -.17034963E+06  -.18629602E+06
 -.17134583E+06  -.18738018E+06
 -.17234202E+06  -.18846432E+06
 -.17333822E+06  -.18954844E+06
 -.17433442E+06  -.19063255E+06
 -.17533061E+06  -.19171666E+06
 -.17632681E+06  -.19280075E+06
 -.17732301E+06  -.19388484E+06
 -.17831920E+06  -.19496894E+06
 -.17931540E+06  -.19605304E+06
 -.18031160E+06  -.19713715E+06
 -.18130779E+06  -.19822128E+06
 -.18230399E+06  -.19930544E+06
 -.18330019E+06  -.20038962E+06
 -.18429638E+06  -.20147384E+06
 -.18529258E+06  -.20255810E+06
 -.18628878E+06  -.20364242E+06
 -.18728497E+06  -.20472681E+06
 -.18828117E+06  -.20581128E+06
 -.18927737E+06  -.20689585E+06
 -.19027356E+06  -.20798052E+06
 -.19126976E+06  -.20906533E+06
 -.19226596E+06  -.21015030E+06
 -.19326215E+06  -.21123547E+06
 -.19425835E+06  -.21232085E+06
 -.19525455E+06  -.21340652E+06
 -.19625074E+06  -.21449254E+06
 -.19724694E+06  -.21557898E+06
 -.19824314E+06  -.21666599E+06
 -.19923933E+06  -.21775375E+06
 -.20023553E+06  -.21884258E+06
 -.20123173E+06  -.21993312E+06
 -.20222792E+06  -.22102692E+06
 -.20322412E+06  -.22213592E+06
 -.20422032E+06  -.22351766E+06
 -.20521651E+06  -.22457586E+06
 -.20621271E+06  -.22565662E+06
 -.20720891E+06  -.22673738E+06
 -.20820510E+06  -.22781814E+06
 -.20920130E+06  -.22889892E+06
 -.21019750E+06  -.22997972E+06
 -.21119369E+06  -.23106055E+06
 -.21218989E+06  -.23214142E+06
 -.21318609E+06  -.23322232E+06
 -.21418228E+06  -.23430329E+06
 -.21517848E+06  -.23538432E+06
 -.21617468E+06  -.23646544E+06
 -.21717087E+06  -.23754665E+06
 -.21816707E+06  -.23862797E+06
 -.21916327E+06  -.23970944E+06
 -.22015946E+06  -.24079106E+06
 -.22115566E+06  -.24187288E+06
 -.22215186E+06  -.24295493E+06
 -.22314805E+06  -.24403726E+06
 -.22414425E+06  -.24511994E+06
 -.22514045E+06  -.24620305E+06
 -.22613664E+06  -.24728672E+06
 -.22713284E+06  -.24837111E+06
 -.22812904E+06  -.24945653E+06
 -.22912523E+06  -.25054352E+06
 -.23012143E+06  -.25163332E+06
 -.23111763E+06  -.25273128E+06
 -.23211382E+06  -.25392230E+06
 -.23311002E+06  -.25500014E+06
 -.23410622E+06  -.25607801E+06
 -.23510241E+06  -.25715590E+06
 -.23609861E+06  -.25823384E+06
 -.23709481E+06  -.25931181E+06
 -.23809100E+06  -.26038984E+06
 -.23908720E+06  -.26146793E+06
 -.24008340E+06  -.26254610E+06
 -.24107959E+06  -.26362435E+06
 -.24207579E+06  -.26470270E+06
 -.24307199E+06  -.26578117E+06
 -.24406818E+06  -.26685978E+06
 -.24506438E+06  -.26793855E+06
 -.24606058E+06  -.26901751E+06
 -.24705677E+06  -.27009669E+06
 -.24805297E+06  -.27117612E+06
 -.24904917E+06  -.27225586E+06
 -.25004536E+06  -.27333596E+06
 -.25104156E+06  -.27441651E+06
 -.25203776E+06  -.27549760E+06
 -.25303395E+06  -.27657939E+06
 -.25403015E+06  -.27766208E+06
 -.25502635E+06  -.27874601E+06
 -.25602254E+06  -.27983178E+06
 -.25701874E+06  -.28092073E+06
 -.25801494E+06  -.28201776E+06
 -.25901113E+06  -.28330174E+06
 -.26000733E+06  -.28437994E+06
 -.26100353E+06  -.28545851E+06
 -.26199972E+06  -.28653750E+06
 -.26299592E+06  -.28761697E+06
 -.26399212E+06  -.28869700E+06
 -.26498831E+06  -.28977769E+06
 -.26598451E+06  -.29085918E+06
 -.26698071E+06  -.29194162E+06
 -.26797690E+06  -.29302530E+06
 -.26897310E+06  -.29411071E+06
 -.26996930E+06  -.29519885E+06
 -.27096549E+06  -.29629256E+06
 -.27196169E+06  -.29758233E+06
 -.27295789E+06  -.29865895E+06
 -.27395408E+06  -.29973574E+06
 -.27495028E+06  -.30081273E+06
 -.27594648E+06  -.30188998E+06
 -.27694267E+06  -.30296754E+06
 -.27793887E+06  -.30404546E+06
 -.27893507E+06  -.30512381E+06
 -.27993126E+06  -.30620267E+06
 -.28092746E+06  -.30728214E+06
 -.28192366E+06  -.30836236E+06
 -.28291985E+06  -.30944352E+06
 -.28391605E+06  -.31052585E+06
 -.28491225E+06  -.31160977E+06
 -.28590844E+06  -.31269592E+06
 -.28690464E+06  -.31378558E+06
 -.28790084E+06  -.31488198E+06
 -.28889703E+06  -.31600769E+06
 -.28989323E+06  -.31721591E+06
 -.29088943E+06  -.31830049E+06
 -.29188562E+06  -.31938258E+06
 -.29288182E+06  -.32046364E+06
 -.29387802E+06  -.32154426E+06
 -.29487421E+06  -.32262477E+06
 -.29587041E+06  -.32370539E+06
 -.29686661E+06  -.32478628E+06
 -.29786280E+06  -.32586760E+06
 -.29885900E+06  -.32694949E+06
