Mu-Hu               
 0.10000000E+06  0.84857150E+06
 0.99666667E+05  0.84854049E+06
 0.99333333E+05  0.84850936E+06
 0.99000000E+05  0.84847811E+06
 0.98666667E+05  0.84844675E+06
 0.98333333E+05  0.84841526E+06
 0.98000000E+05  0.84838366E+06
 0.97666667E+05  0.84835194E+06
 0.97333333E+05  0.84832009E+06
 0.97000000E+05  0.84828813E+06
 0.96666667E+05  0.84825604E+06
 0.96333333E+05  0.84822383E+06
 0.96000000E+05  0.84819150E+06
 0.95666667E+05  0.84815904E+06
 0.95333333E+05  0.84812646E+06
 0.95000000E+05  0.84809376E+06
 0.94666667E+05  0.84806093E+06
 0.94333333E+05  0.84802797E+06
 0.94000000E+05  0.84799488E+06
 0.93666667E+05  0.84796167E+06
 0.93333333E+05  0.84792833E+06
 0.93000000E+05  0.84789486E+06
 0.92666667E+05  0.84786126E+06
 0.92333333E+05  0.84782753E+06
 0.92000000E+05  0.84779367E+06
 0.91666667E+05  0.84775968E+06
 0.91333333E+05  0.84772556E+06
 0.91000000E+05  0.84769130E+06
 0.90666667E+05  0.84765691E+06
 0.90333333E+05  0.84762239E+06
 0.90000000E+05  0.84758773E+06
 0.89666667E+05  0.84755293E+06
 0.89333333E+05  0.84751800E+06
 0.89000000E+05  0.84748293E+06
 0.88666667E+05  0.84744772E+06
 0.88333333E+05  0.84741237E+06
 0.88000000E+05  0.84737689E+06
 0.87666667E+05  0.84734126E+06
 0.87333333E+05  0.84730550E+06
 0.87000000E+05  0.84726959E+06
 0.86666667E+05  0.84723354E+06
 0.86333333E+05  0.84719734E+06
 0.86000000E+05  0.84716101E+06
 0.85666667E+05  0.84712452E+06
 0.85333333E+05  0.84708790E+06
 0.85000000E+05  0.84705112E+06
 0.84666667E+05  0.84701420E+06
 0.84333333E+05  0.84697713E+06
 0.84000000E+05  0.84693991E+06
 0.83666667E+05  0.84690255E+06
 0.83333333E+05  0.84686503E+06
 0.83000000E+05  0.84682736E+06
 0.82666667E+05  0.84678954E+06
 0.82333333E+05  0.84675157E+06
 0.82000000E+05  0.84671344E+06
 0.81666667E+05  0.84667516E+06
 0.81333333E+05  0.84663672E+06
 0.81000000E+05  0.84659813E+06
 0.80666667E+05  0.84655938E+06
 0.80333333E+05  0.84652047E+06
 0.80000000E+05  0.84648141E+06
 0.79666667E+05  0.84644218E+06
 0.79333333E+05  0.84640279E+06
 0.79000000E+05  0.84636325E+06
 0.78666667E+05  0.84632353E+06
 0.78333333E+05  0.84628366E+06
 0.78000000E+05  0.84624362E+06
 0.77666667E+05  0.84620342E+06
 0.77333333E+05  0.84616305E+06
 0.77000000E+05  0.84612251E+06
 0.76666667E+05  0.84608181E+06
 0.76333333E+05  0.84604094E+06
 0.76000000E+05  0.84599989E+06
 0.75666667E+05  0.84595868E+06
 0.75333333E+05  0.84591730E+06
 0.75000000E+05  0.84587574E+06
 0.74666667E+05  0.84583401E+06
 0.74333333E+05  0.84579210E+06
 0.74000000E+05  0.84575002E+06
 0.73666667E+05  0.84570776E+06
 0.73333333E+05  0.84566532E+06
 0.73000000E+05  0.84562270E+06
 0.72666667E+05  0.84557991E+06
 0.72333333E+05  0.84553693E+06
 0.72000000E+05  0.84549377E+06
 0.71666667E+05  0.84545043E+06
 0.71333333E+05  0.84540690E+06
 0.71000000E+05  0.84536319E+06
 0.70666667E+05  0.84531929E+06
 0.70333333E+05  0.84527520E+06
 0.70000000E+05  0.84523093E+06
 0.69666667E+05  0.84518646E+06
 0.69333333E+05  0.84514181E+06
 0.69000000E+05  0.84509696E+06
 0.68666667E+05  0.84505192E+06
 0.68333333E+05  0.84500669E+06
 0.68000000E+05  0.84496126E+06
 0.67666667E+05  0.84491563E+06
 0.67333333E+05  0.84486980E+06
 0.67000000E+05  0.84482378E+06
 0.66666667E+05  0.84477756E+06
 0.66333333E+05  0.84473113E+06
 0.66000000E+05  0.84468450E+06
 0.65666667E+05  0.84463767E+06
 0.65333333E+05  0.84459063E+06
 0.65000000E+05  0.84454339E+06
 0.64666667E+05  0.84449594E+06
 0.64333333E+05  0.84444827E+06
 0.64000000E+05  0.84440040E+06
 0.63666667E+05  0.84435232E+06
 0.63333333E+05  0.84430402E+06
 0.63000000E+05  0.84425551E+06
 0.62666667E+05  0.84420679E+06
 0.62333333E+05  0.84415784E+06
 0.62000000E+05  0.84410868E+06
 0.61666667E+05  0.84405930E+06
 0.61333333E+05  0.84400970E+06
 0.61000000E+05  0.84395987E+06
 0.60666667E+05  0.84390982E+06
 0.60333333E+05  0.84385954E+06
 0.60000000E+05  0.84380904E+06
 0.59666667E+05  0.84375831E+06
 0.59333333E+05  0.84370735E+06
 0.59000000E+05  0.84365616E+06
 0.58666667E+05  0.84360473E+06
 0.58333333E+05  0.84355308E+06
 0.58000000E+05  0.84350118E+06
 0.57666667E+05  0.84344905E+06
 0.57333333E+05  0.84339668E+06
 0.57000000E+05  0.84334406E+06
 0.56666667E+05  0.84329121E+06
 0.56333333E+05  0.84323811E+06
 0.56000000E+05  0.84318477E+06
 0.55666667E+05  0.84313118E+06
 0.55333333E+05  0.84307734E+06
 0.55000000E+05  0.84302325E+06
 0.54666667E+05  0.84296891E+06
 0.54333333E+05  0.84291431E+06
 0.54000000E+05  0.84285946E+06
 0.53666667E+05  0.84280435E+06
 0.53333333E+05  0.84274898E+06
 0.53000000E+05  0.84269336E+06
 0.52666667E+05  0.84263747E+06
 0.52333333E+05  0.84258131E+06
 0.52000000E+05  0.84252489E+06
 0.51666667E+05  0.84246820E+06
 0.51333333E+05  0.84241124E+06
 0.51000000E+05  0.84235401E+06
 0.50666667E+05  0.84229651E+06
 0.50333333E+05  0.84223873E+06
 0.50000000E+05  0.84218067E+06
 0.49666667E+05  0.84212233E+06
 0.49333333E+05  0.84206371E+06
 0.49000000E+05  0.84200481E+06
 0.48666667E+05  0.84194563E+06
 0.48333333E+05  0.84188615E+06
 0.48000000E+05  0.84182639E+06
 0.47666667E+05  0.84176633E+06
 0.47333333E+05  0.84170598E+06
 0.47000000E+05  0.84164533E+06
 0.46666667E+05  0.84158439E+06
 0.46333333E+05  0.84152314E+06
 0.46000000E+05  0.84146160E+06
 0.45666667E+05  0.84139974E+06
 0.45333333E+05  0.84133758E+06
 0.45000000E+05  0.84127512E+06
 0.44666667E+05  0.84121234E+06
 0.44333333E+05  0.84114924E+06
 0.44000000E+05  0.84108583E+06
 0.43666667E+05  0.84102210E+06
 0.43333333E+05  0.84095805E+06
 0.43000000E+05  0.84089367E+06
 0.42666667E+05  0.84082897E+06
 0.42333333E+05  0.84076394E+06
 0.42000000E+05  0.84069858E+06
 0.41666667E+05  0.84063288E+06
 0.41333333E+05  0.84056685E+06
 0.41000000E+05  0.84050048E+06
 0.40666667E+05  0.84043376E+06
 0.40333333E+05  0.84036670E+06
 0.40000000E+05  0.84029930E+06
 0.39666667E+05  0.84023154E+06
 0.39333333E+05  0.84016343E+06
 0.39000000E+05  0.84009496E+06
 0.38666667E+05  0.84002613E+06
 0.38333333E+05  0.83995694E+06
 0.38000000E+05  0.83988738E+06
 0.37666667E+05  0.83981746E+06
 0.37333333E+05  0.83974716E+06
 0.37000000E+05  0.83967649E+06
 0.36666667E+05  0.83960544E+06
 0.36333333E+05  0.83953400E+06
 0.36000000E+05  0.83946218E+06
 0.35666667E+05  0.83938997E+06
 0.35333333E+05  0.83931737E+06
 0.35000000E+05  0.83924437E+06
 0.34666667E+05  0.83917097E+06
 0.34333333E+05  0.83909716E+06
 0.34000000E+05  0.83902294E+06
 0.33666667E+05  0.83894831E+06
 0.33333333E+05  0.83887327E+06
 0.33000000E+05  0.83879779E+06
 0.32666667E+05  0.83872189E+06
 0.32333333E+05  0.83864556E+06
 0.32000000E+05  0.83856879E+06
 0.31666667E+05  0.83849157E+06
 0.31333333E+05  0.83841391E+06
 0.31000000E+05  0.83833579E+06
 0.30666667E+05  0.83825720E+06
 0.30333333E+05  0.83817814E+06
 0.30000000E+05  0.83809860E+06
 0.29666667E+05  0.83801858E+06
 0.29333333E+05  0.83793805E+06
 0.29000000E+05  0.83785702E+06
 0.28666667E+05  0.83777547E+06
 0.28333333E+05  0.83769338E+06
 0.28000000E+05  0.83761074E+06
 0.27666667E+05  0.83752753E+06
 0.27333333E+05  0.83744374E+06
 0.27000000E+05  0.83735932E+06
 0.26666667E+05  0.83727427E+06
 0.26333333E+05  0.83718853E+06
 0.26000000E+05  0.83710206E+06
 0.25666667E+05  0.83701479E+06
 0.25333333E+05  0.83692667E+06
 0.25000000E+05  0.83683757E+06
 0.24666667E+05  0.83674735E+06
 0.24333333E+05  0.83665580E+06
 0.24000000E+05  0.83656259E+06
 0.23666667E+05  0.83646717E+06
 0.23333333E+05  0.83636851E+06
 0.23000000E+05  0.83626422E+06
 0.22666667E+05  0.83614669E+06
 0.22333333E+05  0.83597303E+06
 0.22000000E+05  0.81540677E+06
 0.21666667E+05  0.81150937E+06
 0.21333333E+05  0.80803977E+06
 0.21000000E+05  0.80484167E+06
 0.20666667E+05  0.80181773E+06
 0.20333333E+05  0.79887371E+06
 0.20000000E+05  0.79583327E+06
 0.19666667E+05  0.79214799E+06
 0.19333333E+05  0.25451197E+06
 0.19000000E+05  0.25315897E+06
 0.18666667E+05  0.25181327E+06
 0.18333333E+05  0.25047426E+06
 0.18000000E+05  0.24914132E+06
 0.17666667E+05  0.24781386E+06
 0.17333333E+05  0.24649124E+06
 0.17000000E+05  0.24517277E+06
 0.16666667E+05  0.24385766E+06
 0.16333333E+05  0.23203719E+06
 0.16000000E+05  0.23050722E+06
 0.15666667E+05  0.22887952E+06
 0.15333333E+05  0.22710199E+06
 0.15000000E+05  0.22506726E+06
 0.14666667E+05  0.22246372E+06
 0.14333333E+05  0.18732960E+06
 0.14000000E+05  0.18590081E+06
 0.13666667E+05  0.18446733E+06
 0.13333333E+05  0.18302891E+06
 0.13000000E+05  0.18158518E+06
 0.12666667E+05  0.18013558E+06
 0.12333333E+05  0.17867921E+06
 0.12000000E+05  0.17721475E+06
 0.11666667E+05  0.17574029E+06
 0.11333333E+05  0.17425309E+06
 0.11000000E+05  0.17274914E+06
 0.10666667E+05  0.17122254E+06
 0.10333333E+05  0.13954895E+06
 0.10000000E+05  0.13810393E+06
 0.96666667E+04  0.13662947E+06
 0.93333333E+04  0.13511581E+06
 0.90000000E+04  0.13354792E+06
 0.86666667E+04  0.13190001E+06
 0.83333333E+04  0.10656315E+06
 0.80000000E+04  0.10514538E+06
 0.76666667E+04  0.10372433E+06
 0.73333333E+04  0.10229665E+06
 0.70000000E+04  0.10085869E+06
 0.66666667E+04  0.99406184E+05
 0.63333333E+04  0.97933884E+05
 0.60000000E+04  0.96434899E+05
 0.56666667E+04  0.94899564E+05
 0.53333333E+04  0.93313128E+05
 0.50000000E+04  0.91650376E+05
 0.46666667E+04  0.89859797E+05
 0.43333333E+04  0.63412196E+05
 0.40000000E+04  0.61982202E+05
 0.36666667E+04  0.60541964E+05
 0.33333333E+04  0.59087394E+05
 0.30000000E+04  0.57613422E+05
 0.26666667E+04  0.56113385E+05
 0.23333333E+04  0.54577909E+05
 0.20000000E+04  0.52992694E+05
 0.16666667E+04  0.51333331E+05
 0.13333333E+04  0.49550198E+05
 0.10000000E+04  0.22762991E+05
 0.66666667E+03  0.21320876E+05
 0.33333333E+03  0.19865326E+05
 0.00000000E+00  0.18391278E+05
 -.33333333E+03  0.16892104E+05
 -.66666667E+03  0.15358516E+05
 -.10000000E+04  0.13776369E+05
 -.13333333E+04  0.12121573E+05
 -.16666667E+04  0.10345260E+05
 -.20000000E+04  -.16443096E+05
 -.23333333E+04  -.17881198E+05
 -.26666667E+04  -.19331959E+05
 -.30000000E+04  -.20800319E+05
 -.33333333E+04  -.22292728E+05
 -.36666667E+04  -.23818193E+05
 -.40000000E+04  -.25390376E+05
 -.43333333E+04  -.27032405E+05
 -.46666667E+04  -.54200245E+05
 -.50000000E+04  -.55615369E+05
 -.53333333E+04  -.57037926E+05
 -.56666667E+04  -.58471569E+05
 -.60000000E+04  -.59920742E+05
 -.63333333E+04  -.61391168E+05
 -.66666667E+04  -.62890691E+05
 -.70000000E+04  -.64430933E+05
 -.73333333E+04  -.66030884E+05
 -.76666667E+04  -.93344436E+05
 -.80000000E+04  -.94753423E+05
 -.83333333E+04  -.96169884E+05
 -.86666667E+04  -.97597532E+05
 -.90000000E+04  -.99040926E+05
 -.93333333E+04  -.10050602E+06
 -.96666667E+04  -.10200108E+06
 -.10000000E+05  -.10353859E+06
 -.10333333E+05  -.13080498E+06
 -.10666667E+05  -.13220213E+06
 -.11000000E+05  -.13360289E+06
 -.11333333E+05  -.13501029E+06
 -.11666667E+05  -.13642786E+06
 -.12000000E+05  -.13785991E+06
 -.12333333E+05  -.13931201E+06
 -.12666667E+05  -.14079186E+06
 -.13000000E+05  -.16804369E+06
 -.13333333E+05  -.16942684E+06
 -.13666667E+05  -.17080876E+06
 -.14000000E+05  -.17219186E+06
 -.14333333E+05  -.17357869E+06
 -.14666667E+05  -.17497214E+06
 -.15000000E+05  -.17643067E+06
 -.15333333E+05  -.17821362E+06
 -.15666667E+05  -.18067620E+06
 -.16000000E+05  -.20593240E+06
 -.16333333E+05  -.20736351E+06
 -.16666667E+05  -.20880042E+06
 -.17000000E+05  -.21025736E+06
 -.17333333E+05  -.21175312E+06
 -.17666667E+05  -.21331739E+06
 -.18000000E+05  -.21500752E+06
 -.18333333E+05  -.21697770E+06
 -.18666667E+05  -.23838064E+06
 -.19000000E+05  -.24033622E+06
 -.19333333E+05  -.24237770E+06
 -.19666667E+05  -.24465940E+06
 -.20000000E+05  -.24787173E+06
 -.20333333E+05  -.26763067E+06
 -.20666667E+05  -.26950732E+06
 -.21000000E+05  -.27131199E+06
 -.21333333E+05  -.27307516E+06
 -.21666667E+05  -.27482466E+06
 -.22000000E+05  -.27659526E+06
 -.22333333E+05  -.27844543E+06
 -.22666667E+05  -.28052845E+06
 -.23000000E+05  -.28527314E+06
 -.23333333E+05  -.28661867E+06
 -.23666667E+05  -.28796788E+06
 -.24000000E+05  -.28932315E+06
 -.24333333E+05  -.29068737E+06
 -.24666667E+05  -.29206421E+06
 -.25000000E+05  -.29345865E+06
 -.25333333E+05  -.29487773E+06
 -.25666667E+05  -.29633232E+06
 -.26000000E+05  -.32304096E+06
 -.26333333E+05  -.32433603E+06
 -.26666667E+05  -.32562918E+06
 -.27000000E+05  -.32692138E+06
 -.27333333E+05  -.32821370E+06
 -.27666667E+05  -.32950736E+06
 -.28000000E+05  -.33080374E+06
 -.28333333E+05  -.33210458E+06
 -.28666667E+05  -.33341199E+06
 -.29000000E+05  -.33472873E+06
 -.29333333E+05  -.33605851E+06
 -.29666667E+05  -.33740654E+06
 -.30000000E+05  -.33878066E+06
 -.30333333E+05  -.36558528E+06
 -.30666667E+05  -.36682581E+06
 -.31000000E+05  -.36806442E+06
 -.31333333E+05  -.36930178E+06
 -.31666667E+05  -.37053866E+06
 -.32000000E+05  -.37177595E+06
 -.32333333E+05  -.37301471E+06
 -.32666667E+05  -.37425622E+06
 -.33000000E+05  -.37550211E+06
 -.33333333E+05  -.37675448E+06
 -.33666667E+05  -.37801613E+06
 -.34000000E+05  -.37929098E+06
 -.34333333E+05  -.39896514E+06
 -.34666667E+05  -.40015943E+06
 -.35000000E+05  -.40134608E+06
 -.35333333E+05  -.40252543E+06
 -.35666667E+05  -.40369781E+06
 -.36000000E+05  -.40486355E+06
 -.36333333E+05  -.40602299E+06
 -.36666667E+05  -.40717649E+06
 -.37000000E+05  -.40832442E+06
 -.37333333E+05  -.40946715E+06
 -.37666667E+05  -.41060508E+06
 -.38000000E+05  -.41173863E+06
 -.38333333E+05  -.41286825E+06
 -.38666667E+05  -.41399440E+06
 -.39000000E+05  -.41511760E+06
 -.39333333E+05  -.41623839E+06
 -.39666667E+05  -.41735741E+06
 -.40000000E+05  -.41847532E+06
 -.40333333E+05  -.41959289E+06
 -.40666667E+05  -.42071100E+06
 -.41000000E+05  -.42183067E+06
 -.41333333E+05  -.42295311E+06
 -.41666667E+05  -.42407978E+06
 -.42000000E+05  -.42521247E+06
 -.42333333E+05  -.42635350E+06
 -.42666667E+05  -.42750589E+06
 -.43000000E+05  -.42867383E+06
 -.43333333E+05  -.42986347E+06
 -.43666667E+05  -.48760610E+06
 -.44000000E+05  -.48900124E+06
 -.44333333E+05  -.49038356E+06
 -.44666667E+05  -.49175986E+06
 -.45000000E+05  -.49313820E+06
 -.45333333E+05  -.49452900E+06
 -.45666667E+05  -.49594660E+06
 -.46000000E+05  -.49741170E+06
 -.46333333E+05  -.49895624E+06
 -.46666667E+05  -.50063681E+06
 -.47000000E+05  -.50260328E+06
 -.47333333E+05  -.52938361E+06
 -.47666667E+05  -.53042391E+06
 -.48000000E+05  -.53146128E+06
 -.48333333E+05  -.53249601E+06
 -.48666667E+05  -.53352838E+06
 -.49000000E+05  -.53455864E+06
 -.49333333E+05  -.53558701E+06
 -.49666667E+05  -.53661373E+06
 -.50000000E+05  -.53763900E+06
 -.50333333E+05  -.53866303E+06
 -.50666667E+05  -.53968604E+06
 -.51000000E+05  -.54070822E+06
 -.51333333E+05  -.54172980E+06
 -.51666667E+05  -.54275097E+06
 -.52000000E+05  -.54377194E+06
 -.52333333E+05  -.54479294E+06
 -.52666667E+05  -.54581417E+06
 -.53000000E+05  -.54683586E+06
 -.53333333E+05  -.54785822E+06
 -.53666667E+05  -.54888148E+06
 -.54000000E+05  -.54990587E+06
 -.54333333E+05  -.55093162E+06
 -.54666667E+05  -.55195896E+06
 -.55000000E+05  -.55298811E+06
 -.55333333E+05  -.55401932E+06
 -.55666667E+05  -.55505279E+06
 -.56000000E+05  -.55608877E+06
 -.56333333E+05  -.55712745E+06
 -.56666667E+05  -.55816904E+06
 -.57000000E+05  -.55921373E+06
 -.57333333E+05  -.56026168E+06
 -.57666667E+05  -.56131302E+06
 -.58000000E+05  -.56236787E+06
 -.58333333E+05  -.56342630E+06
 -.58666667E+05  -.56448832E+06
 -.59000000E+05  -.56555391E+06
 -.59333333E+05  -.56662298E+06
 -.59666667E+05  -.56771834E+06
 -.60000000E+05  -.58669023E+06
 -.60333333E+05  -.58939353E+06
 -.60666667E+05  -.59233489E+06
 -.61000000E+05  -.59517932E+06
 -.61333333E+05  -.59790793E+06
 -.61666667E+05  -.60071327E+06
 -.62000000E+05  -.60397763E+06
 -.62333333E+05  -.60900366E+06
 -.62666667E+05  -.61439927E+06
 -.63000000E+05  -.61739010E+06
 -.63333333E+05  -.61971974E+06
 -.63666667E+05  -.62179942E+06
 -.64000000E+05  -.62377658E+06
 -.64333333E+05  -.62573430E+06
 -.64666667E+05  -.62774045E+06
 -.65000000E+05  -.62987137E+06
 -.65333333E+05  -.63224576E+06
 -.65666667E+05  -.63520216E+06
 -.66000000E+05  -.64490611E+06
 -.66333333E+05  -.64739142E+06
 -.66666667E+05  -.64909546E+06
 -.67000000E+05  -.65054174E+06
 -.67333333E+05  -.65185162E+06
 -.67666667E+05  -.65307558E+06
 -.68000000E+05  -.65424019E+06
 -.68333333E+05  -.65536141E+06
 -.68666667E+05  -.65644980E+06
 -.69000000E+05  -.65751286E+06
 -.69333333E+05  -.65855621E+06
 -.69666667E+05  -.65958432E+06
 -.70000000E+05  -.66060094E+06
 -.70333333E+05  -.66160936E+06
 -.70666667E+05  -.66261266E+06
 -.71000000E+05  -.66361387E+06
 -.71333333E+05  -.66461613E+06
 -.71666667E+05  -.66562294E+06
 -.72000000E+05  -.66663842E+06
 -.72333333E+05  -.66766771E+06
 -.72666667E+05  -.66871769E+06
 -.73000000E+05  -.66979830E+06
 -.73333333E+05  -.67092531E+06
 -.73666667E+05  -.67212739E+06
 -.74000000E+05  -.67346985E+06
 -.74333333E+05  -.67521241E+06
 -.74666667E+05  -.69421466E+06
 -.75000000E+05  -.69502067E+06
 -.75333333E+05  -.69581422E+06
 -.75666667E+05  -.69659649E+06
 -.76000000E+05  -.69736850E+06
 -.76333333E+05  -.69813111E+06
 -.76666667E+05  -.69888506E+06
 -.77000000E+05  -.69963101E+06
 -.77333333E+05  -.70036955E+06
 -.77666667E+05  -.70110123E+06
 -.78000000E+05  -.70182654E+06
 -.78333333E+05  -.70254594E+06
 -.78666667E+05  -.70325988E+06
 -.79000000E+05  -.70396877E+06
 -.79333333E+05  -.70467302E+06
 -.79666667E+05  -.70537302E+06
 -.80000000E+05  -.70606918E+06
 -.80333333E+05  -.70676188E+06
 -.80666667E+05  -.70745151E+06
 -.81000000E+05  -.70813848E+06
 -.81333333E+05  -.70882319E+06
 -.81666667E+05  -.70950608E+06
 -.82000000E+05  -.71018757E+06
 -.82333333E+05  -.71086815E+06
 -.82666667E+05  -.71154829E+06
 -.83000000E+05  -.71222853E+06
 -.83333333E+05  -.71290945E+06
 -.83666667E+05  -.71359165E+06
 -.84000000E+05  -.71427583E+06
 -.84333333E+05  -.71496276E+06
 -.84666667E+05  -.71565330E+06
 -.85000000E+05  -.71634843E+06
 -.85333333E+05  -.71704932E+06
 -.85666667E+05  -.71775733E+06
 -.86000000E+05  -.71847410E+06
 -.86333333E+05  -.71920167E+06
 -.86666667E+05  -.71994262E+06
 -.87000000E+05  -.72070036E+06
 -.87333333E+05  -.72147957E+06
 -.87666667E+05  -.72228707E+06
 -.88000000E+05  -.72313357E+06
 -.88333333E+05  -.72403806E+06
 -.88666667E+05  -.72504156E+06
 -.89000000E+05  -.72628380E+06
 -.89333333E+05  -.75274500E+06
 -.89666667E+05  -.75351577E+06
 -.90000000E+05  -.75430732E+06
 -.90333333E+05  -.75512656E+06
 -.90666667E+05  -.75598369E+06
 -.91000000E+05  -.75689521E+06
 -.91333333E+05  -.75789166E+06
 -.91666667E+05  -.75904658E+06
 -.92000000E+05  -.76092991E+06
 -.92333333E+05  -.84782753E+06
 -.92666667E+05  -.84786126E+06
 -.93000000E+05  -.84789486E+06
 -.93333333E+05  -.84792833E+06
 -.93666667E+05  -.84796167E+06
 -.94000000E+05  -.84799488E+06
 -.94333333E+05  -.84802797E+06
 -.94666667E+05  -.84806093E+06
 -.95000000E+05  -.84809376E+06
 -.95333333E+05  -.84812646E+06
 -.95666667E+05  -.84815904E+06
 -.96000000E+05  -.84819150E+06
 -.96333333E+05  -.84822383E+06
 -.96666667E+05  -.84825604E+06
 -.97000000E+05  -.84828813E+06
 -.97333333E+05  -.84832009E+06
 -.97666667E+05  -.84835194E+06
 -.98000000E+05  -.84838366E+06
 -.98333333E+05  -.84841526E+06
 -.98666667E+05  -.84844675E+06
 -.99000000E+05  -.84847811E+06
 -.99333333E+05  -.84850936E+06
 -.99666667E+05  -.84854049E+06
 -.10000000E+06  -.84857150E+06
Mv-Hv               
 0.00000000E+00  -.13178606E+03
 0.00000000E+00  -.13245811E+03
 0.00000000E+00  -.13313376E+03
 0.00000000E+00  -.13381445E+03
 0.00000000E+00  -.13450023E+03
 0.00000000E+00  -.13519115E+03
 0.00000000E+00  -.13588727E+03
 0.00000000E+00  -.13658865E+03
 0.00000000E+00  -.13729533E+03
 0.00000000E+00  -.13800737E+03
 0.00000000E+00  -.13872482E+03
 0.00000000E+00  -.13944775E+03
 0.00000000E+00  -.14017620E+03
 0.00000000E+00  -.14091024E+03
 0.00000000E+00  -.14164992E+03
 0.00000000E+00  -.14239531E+03
 0.00000000E+00  -.14314648E+03
 0.00000000E+00  -.14390345E+03
 0.00000000E+00  -.14466632E+03
 0.00000000E+00  -.14543513E+03
 0.00000000E+00  -.14620996E+03
 0.00000000E+00  -.14699086E+03
 0.00000000E+00  -.14777791E+03
 0.00000000E+00  -.14857117E+03
 0.00000000E+00  -.14937070E+03
 0.00000000E+00  -.15017658E+03
 0.00000000E+00  -.15098887E+03
 0.00000000E+00  -.15180764E+03
 0.00000000E+00  -.15263297E+03
 0.00000000E+00  -.15346492E+03
 0.00000000E+00  -.15430358E+03
 0.00000000E+00  -.15514901E+03
 0.00000000E+00  -.15600128E+03
 0.00000000E+00  -.15686049E+03
 0.00000000E+00  -.15772670E+03
 0.00000000E+00  -.15859999E+03
 0.00000000E+00  -.15948044E+03
 0.00000000E+00  -.16036813E+03
 0.00000000E+00  -.16126315E+03
 0.00000000E+00  -.16216558E+03
 0.00000000E+00  -.16307552E+03
 0.00000000E+00  -.16399301E+03
 0.00000000E+00  -.16491818E+03
 0.00000000E+00  -.16585110E+03
 0.00000000E+00  -.16679189E+03
 0.00000000E+00  -.16774058E+03
 0.00000000E+00  -.16869731E+03
 0.00000000E+00  -.16966218E+03
 0.00000000E+00  -.17063528E+03
 0.00000000E+00  -.17161668E+03
 0.00000000E+00  -.17260650E+03
 0.00000000E+00  -.17360484E+03
 0.00000000E+00  -.17461178E+03
 0.00000000E+00  -.17562745E+03
 0.00000000E+00  -.17665193E+03
 0.00000000E+00  -.17768534E+03
 0.00000000E+00  -.17872779E+03
 0.00000000E+00  -.17977938E+03
 0.00000000E+00  -.18084023E+03
 0.00000000E+00  -.18191045E+03
 0.00000000E+00  -.18299012E+03
 0.00000000E+00  -.18407942E+03
 0.00000000E+00  -.18517844E+03
 0.00000000E+00  -.18628729E+03
 0.00000000E+00  -.18740611E+03
 0.00000000E+00  -.18853498E+03
 0.00000000E+00  -.18967409E+03
 0.00000000E+00  -.19082355E+03
 0.00000000E+00  -.19198344E+03
 0.00000000E+00  -.19315396E+03
 0.00000000E+00  -.19433522E+03
 0.00000000E+00  -.19552732E+03
 0.00000000E+00  -.19673046E+03
 0.00000000E+00  -.19794476E+03
 0.00000000E+00  -.19917032E+03
 0.00000000E+00  -.20040736E+03
 0.00000000E+00  -.20165599E+03
 0.00000000E+00  -.20291633E+03
 0.00000000E+00  -.20418861E+03
 0.00000000E+00  -.20547293E+03
 0.00000000E+00  -.20676943E+03
 0.00000000E+00  -.20807834E+03
 0.00000000E+00  -.20939979E+03
 0.00000000E+00  -.21073390E+03
 0.00000000E+00  -.21208093E+03
 0.00000000E+00  -.21344096E+03
 0.00000000E+00  -.21481426E+03
 0.00000000E+00  -.21620096E+03
 0.00000000E+00  -.21760120E+03
 0.00000000E+00  -.21901525E+03
 0.00000000E+00  -.22044327E+03
 0.00000000E+00  -.22188543E+03
 0.00000000E+00  -.22334193E+03
 0.00000000E+00  -.22481294E+03
 0.00000000E+00  -.22629873E+03
 0.00000000E+00  -.22779948E+03
 0.00000000E+00  -.22931538E+03
 0.00000000E+00  -.23084666E+03
 0.00000000E+00  -.23239357E+03
 0.00000000E+00  -.23395625E+03
 0.00000000E+00  -.23553496E+03
 0.00000000E+00  -.23712994E+03
 0.00000000E+00  -.23874142E+03
 0.00000000E+00  -.24036963E+03
 0.00000000E+00  -.24201482E+03
 0.00000000E+00  -.24367723E+03
 0.00000000E+00  -.24535711E+03
 0.00000000E+00  -.24705472E+03
 0.00000000E+00  -.24877032E+03
 0.00000000E+00  -.25050417E+03
 0.00000000E+00  -.25225654E+03
 0.00000000E+00  -.25402767E+03
 0.00000000E+00  -.25581791E+03
 0.00000000E+00  -.25762751E+03
 0.00000000E+00  -.25945673E+03
 0.00000000E+00  -.26130593E+03
 0.00000000E+00  -.26317534E+03
 0.00000000E+00  -.26506530E+03
 0.00000000E+00  -.26697613E+03
 0.00000000E+00  -.26890814E+03
 0.00000000E+00  -.27086164E+03
 0.00000000E+00  -.27283644E+03
 0.00000000E+00  -.27483408E+03
 0.00000000E+00  -.27685427E+03
 0.00000000E+00  -.27889730E+03
 0.00000000E+00  -.28096355E+03
 0.00000000E+00  -.28305336E+03
 0.00000000E+00  -.28516715E+03
 0.00000000E+00  -.28730527E+03
 0.00000000E+00  -.28946811E+03
 0.00000000E+00  -.29165605E+03
 0.00000000E+00  -.29386950E+03
 0.00000000E+00  -.29610886E+03
 0.00000000E+00  -.29837449E+03
 0.00000000E+00  -.30066687E+03
 0.00000000E+00  -.30298642E+03
 0.00000000E+00  -.30533357E+03
 0.00000000E+00  -.30770882E+03
 0.00000000E+00  -.31011253E+03
 0.00000000E+00  -.31254525E+03
 0.00000000E+00  -.31500736E+03
 0.00000000E+00  -.31749938E+03
 0.00000000E+00  -.32002184E+03
 0.00000000E+00  -.32257516E+03
 0.00000000E+00  -.32515987E+03
 0.00000000E+00  -.32777650E+03
 0.00000000E+00  -.33042556E+03
 0.00000000E+00  -.33310754E+03
 0.00000000E+00  -.33582302E+03
 0.00000000E+00  -.33857255E+03
 0.00000000E+00  -.34135671E+03
 0.00000000E+00  -.34417609E+03
 0.00000000E+00  -.34703118E+03
 0.00000000E+00  -.34992262E+03
 0.00000000E+00  -.35285104E+03
 0.00000000E+00  -.35581696E+03
 0.00000000E+00  -.35882103E+03
 0.00000000E+00  -.36186392E+03
 0.00000000E+00  -.36494616E+03
 0.00000000E+00  -.36806844E+03
 0.00000000E+00  -.37123141E+03
 0.00000000E+00  -.37443570E+03
 0.00000000E+00  -.37768199E+03
 0.00000000E+00  -.38097096E+03
 0.00000000E+00  -.38430322E+03
 0.00000000E+00  -.38767947E+03
 0.00000000E+00  -.39110043E+03
 0.00000000E+00  -.39456674E+03
 0.00000000E+00  -.39807908E+03
 0.00000000E+00  -.40163816E+03
 0.00000000E+00  -.40524463E+03
 0.00000000E+00  -.40889915E+03
 0.00000000E+00  -.41260246E+03
 0.00000000E+00  -.41635517E+03
 0.00000000E+00  -.42015793E+03
 0.00000000E+00  -.42401120E+03
 0.00000000E+00  -.42791573E+03
 0.00000000E+00  -.43187230E+03
 0.00000000E+00  -.43588150E+03
 0.00000000E+00  -.43994390E+03
 0.00000000E+00  -.44406001E+03
 0.00000000E+00  -.44823038E+03
 0.00000000E+00  -.45245546E+03
 0.00000000E+00  -.45673559E+03
 0.00000000E+00  -.46107123E+03
 0.00000000E+00  -.46546255E+03
 0.00000000E+00  -.46990982E+03
 0.00000000E+00  -.47441317E+03
 0.00000000E+00  -.47897258E+03
 0.00000000E+00  -.48358797E+03
 0.00000000E+00  -.48825908E+03
 0.00000000E+00  -.49298551E+03
 0.00000000E+00  -.49776679E+03
 0.00000000E+00  -.50260207E+03
 0.00000000E+00  -.50749035E+03
 0.00000000E+00  -.51243047E+03
 0.00000000E+00  -.51742087E+03
 0.00000000E+00  -.52245960E+03
 0.00000000E+00  -.52754433E+03
 0.00000000E+00  -.53267239E+03
 0.00000000E+00  -.53784046E+03
 0.00000000E+00  -.54304466E+03
 0.00000000E+00  -.54828045E+03
 0.00000000E+00  -.55354244E+03
 0.00000000E+00  -.55882439E+03
 0.00000000E+00  -.56411891E+03
 0.00000000E+00  -.56941737E+03
 0.00000000E+00  -.57470967E+03
 0.00000000E+00  -.57998405E+03
 0.00000000E+00  -.58522667E+03
 0.00000000E+00  -.59042135E+03
 0.00000000E+00  -.59554911E+03
 0.00000000E+00  -.60058757E+03
 0.00000000E+00  -.60551042E+03
 0.00000000E+00  -.61028651E+03
 0.00000000E+00  -.61487885E+03
 0.00000000E+00  -.61924346E+03
 0.00000000E+00  -.62332762E+03
 0.00000000E+00  -.62706796E+03
 0.00000000E+00  -.63038778E+03
 0.00000000E+00  -.63319366E+03
 0.00000000E+00  -.63537081E+03
 0.00000000E+00  -.63677709E+03
 0.00000000E+00  -.63723448E+03
 0.00000000E+00  -.63651626E+03
 0.00000000E+00  -.63433279E+03
 0.00000000E+00  -.63030500E+03
 0.00000000E+00  -.62392616E+03
 0.00000000E+00  -.61450044E+03
 0.00000000E+00  -.60103666E+03
 0.00000000E+00  -.58204697E+03
 0.00000000E+00  -.55510767E+03
 0.00000000E+00  -.51567675E+03
 0.00000000E+00  -.45262587E+03
 0.00000000E+00  -.14768811E+04
 0.00000000E+00  -.17260048E+04
 0.00000000E+00  -.19495511E+04
 0.00000000E+00  -.21286783E+04
 0.00000000E+00  -.22446013E+04
 0.00000000E+00  -.22752873E+04
 0.00000000E+00  -.21992828E+04
 0.00000000E+00  -.19745562E+04
 0.00000000E+00  0.36344850E+05
 0.00000000E+00  0.36370212E+05
 0.00000000E+00  0.36388365E+05
 0.00000000E+00  0.36399489E+05
 0.00000000E+00  0.36403508E+05
 0.00000000E+00  0.36400034E+05
 0.00000000E+00  0.36388272E+05
 0.00000000E+00  0.36366854E+05
 0.00000000E+00  0.36333514E+05
 0.00000000E+00  0.12248347E+05
 0.00000000E+00  0.12382547E+05
 0.00000000E+00  0.12527060E+05
 0.00000000E+00  0.12695732E+05
 0.00000000E+00  0.12929762E+05
 0.00000000E+00  0.13447939E+05
 0.00000000E+00  -.17572428E+05
 0.00000000E+00  -.17421913E+05
 0.00000000E+00  -.17271041E+05
 0.00000000E+00  -.17121779E+05
 0.00000000E+00  -.16976067E+05
 0.00000000E+00  -.16835823E+05
 0.00000000E+00  -.16702947E+05
 0.00000000E+00  -.16579342E+05
 0.00000000E+00  -.16466950E+05
 0.00000000E+00  -.16367815E+05
 0.00000000E+00  -.16284196E+05
 0.00000000E+00  -.16218755E+05
 0.00000000E+00  0.58316969E+04
 0.00000000E+00  0.58471917E+04
 0.00000000E+00  0.58718797E+04
 0.00000000E+00  0.59059627E+04
 0.00000000E+00  0.59500140E+04
 0.00000000E+00  0.60053516E+04
 0.00000000E+00  0.45323886E+04
 0.00000000E+00  0.44671280E+04
 0.00000000E+00  0.44081966E+04
 0.00000000E+00  0.43557899E+04
 0.00000000E+00  0.43101436E+04
 0.00000000E+00  0.42715427E+04
 0.00000000E+00  0.42403433E+04
 0.00000000E+00  0.42170121E+04
 0.00000000E+00  0.42022027E+04
 0.00000000E+00  0.41969094E+04
 0.00000000E+00  0.42028240E+04
 0.00000000E+00  0.42233695E+04
 0.00000000E+00  0.40184544E+04
 0.00000000E+00  0.39808807E+04
 0.00000000E+00  0.39470918E+04
 0.00000000E+00  0.39174735E+04
 0.00000000E+00  0.38924610E+04
 0.00000000E+00  0.38725734E+04
 0.00000000E+00  0.38584770E+04
 0.00000000E+00  0.38511103E+04
 0.00000000E+00  0.38519722E+04
 0.00000000E+00  0.38639505E+04
 0.00000000E+00  0.40133733E+04
 0.00000000E+00  0.39895894E+04
 0.00000000E+00  0.39690413E+04
 0.00000000E+00  0.39521194E+04
 0.00000000E+00  0.39392857E+04
 0.00000000E+00  0.39311297E+04
 0.00000000E+00  0.39284787E+04
 0.00000000E+00  0.39326506E+04
 0.00000000E+00  0.39461797E+04
 0.00000000E+00  0.42518375E+04
 0.00000000E+00  0.42366920E+04
 0.00000000E+00  0.42241194E+04
 0.00000000E+00  0.42144451E+04
 0.00000000E+00  0.42080571E+04
 0.00000000E+00  0.42054551E+04
 0.00000000E+00  0.42073466E+04
 0.00000000E+00  0.42148662E+04
 0.00000000E+00  0.50111280E+04
 0.00000000E+00  0.50158321E+04
 0.00000000E+00  0.50223593E+04
 0.00000000E+00  0.50310038E+04
 0.00000000E+00  0.50421074E+04
 0.00000000E+00  0.50560942E+04
 0.00000000E+00  0.50735262E+04
 0.00000000E+00  0.50952147E+04
 0.00000000E+00  0.51224622E+04
 0.00000000E+00  0.67780036E+04
 0.00000000E+00  0.68108589E+04
 0.00000000E+00  0.68452119E+04
 0.00000000E+00  0.68813101E+04
 0.00000000E+00  0.69194623E+04
 0.00000000E+00  0.69600848E+04
 0.00000000E+00  0.70037720E+04
 0.00000000E+00  0.70514427E+04
 0.00000000E+00  0.88552102E+04
 0.00000000E+00  0.89012381E+04
 0.00000000E+00  0.89482504E+04
 0.00000000E+00  0.89963062E+04
 0.00000000E+00  0.90455027E+04
 0.00000000E+00  0.90959940E+04
 0.00000000E+00  0.91480235E+04
 0.00000000E+00  0.92019816E+04
 0.00000000E+00  0.11258911E+05
 0.00000000E+00  0.11336785E+05
 0.00000000E+00  0.11414974E+05
 0.00000000E+00  0.11493379E+05
 0.00000000E+00  0.11571940E+05
 0.00000000E+00  0.11650640E+05
 0.00000000E+00  0.11705172E+05
 0.00000000E+00  0.11657740E+05
 0.00000000E+00  0.11488806E+05
 0.00000000E+00  0.14669067E+05
 0.00000000E+00  0.14804400E+05
 0.00000000E+00  0.14923470E+05
 0.00000000E+00  0.15022959E+05
 0.00000000E+00  0.15097342E+05
 0.00000000E+00  0.15137180E+05
 0.00000000E+00  0.15123832E+05
 0.00000000E+00  0.15006758E+05
 0.00000000E+00  -.45408490E+04
 0.00000000E+00  -.42553889E+04
 0.00000000E+00  -.39640545E+04
 0.00000000E+00  -.36505751E+04
 0.00000000E+00  -.32859427E+04
 0.00000000E+00  -.56847760E+04
 0.00000000E+00  -.54082795E+04
 0.00000000E+00  -.51114248E+04
 0.00000000E+00  -.47935874E+04
 0.00000000E+00  -.44462280E+04
 0.00000000E+00  -.40466789E+04
 0.00000000E+00  -.35356211E+04
 0.00000000E+00  -.26779814E+04
 0.00000000E+00  0.17164656E+05
 0.00000000E+00  0.17214215E+05
 0.00000000E+00  0.17262578E+05
 0.00000000E+00  0.17308724E+05
 0.00000000E+00  0.17351570E+05
 0.00000000E+00  0.17389931E+05
 0.00000000E+00  0.17422429E+05
 0.00000000E+00  0.17447355E+05
 0.00000000E+00  0.17462387E+05
 0.00000000E+00  0.13230506E+05
 0.00000000E+00  0.13295594E+05
 0.00000000E+00  0.13360438E+05
 0.00000000E+00  0.13424126E+05
 0.00000000E+00  0.13485760E+05
 0.00000000E+00  0.13544433E+05
 0.00000000E+00  0.13599220E+05
 0.00000000E+00  0.13649151E+05
 0.00000000E+00  0.13693179E+05
 0.00000000E+00  0.13730130E+05
 0.00000000E+00  0.13758620E+05
 0.00000000E+00  0.13776914E+05
 0.00000000E+00  0.13782660E+05
 0.00000000E+00  0.88248415E+04
 0.00000000E+00  0.88962689E+04
 0.00000000E+00  0.89666751E+04
 0.00000000E+00  0.90351870E+04
 0.00000000E+00  0.91009184E+04
 0.00000000E+00  0.91629644E+04
 0.00000000E+00  0.92203798E+04
 0.00000000E+00  0.92721554E+04
 0.00000000E+00  0.93171826E+04
 0.00000000E+00  0.93541993E+04
 0.00000000E+00  0.93817011E+04
 0.00000000E+00  0.93978002E+04
 0.00000000E+00  -.21760757E+05
 0.00000000E+00  -.21655518E+05
 0.00000000E+00  -.21551629E+05
 0.00000000E+00  -.21449395E+05
 0.00000000E+00  -.21349101E+05
 0.00000000E+00  -.21251015E+05
 0.00000000E+00  -.21155392E+05
 0.00000000E+00  -.21062472E+05
 0.00000000E+00  -.20972487E+05
 0.00000000E+00  -.20885650E+05
 0.00000000E+00  -.20802167E+05
 0.00000000E+00  -.20722236E+05
 0.00000000E+00  -.20646042E+05
 0.00000000E+00  -.20573759E+05
 0.00000000E+00  -.20505550E+05
 0.00000000E+00  -.20441564E+05
 0.00000000E+00  -.20381939E+05
 0.00000000E+00  -.20326793E+05
 0.00000000E+00  -.20276228E+05
 0.00000000E+00  -.20230320E+05
 0.00000000E+00  -.20189125E+05
 0.00000000E+00  -.20152660E+05
 0.00000000E+00  -.20120908E+05
 0.00000000E+00  -.20093802E+05
 0.00000000E+00  -.20071209E+05
 0.00000000E+00  -.20052921E+05
 0.00000000E+00  -.20038608E+05
 0.00000000E+00  -.20027765E+05
 0.00000000E+00  0.60533859E+04
 0.00000000E+00  0.64754533E+04
 0.00000000E+00  0.68874872E+04
 0.00000000E+00  0.72921726E+04
 0.00000000E+00  0.76925215E+04
 0.00000000E+00  0.80922270E+04
 0.00000000E+00  0.84955765E+04
 0.00000000E+00  0.89062809E+04
 0.00000000E+00  0.93230522E+04
 0.00000000E+00  0.97249121E+04
 0.00000000E+00  0.10014452E+05
 0.00000000E+00  0.18550590E+05
 0.00000000E+00  0.18647468E+05
 0.00000000E+00  0.18737793E+05
 0.00000000E+00  0.18822351E+05
 0.00000000E+00  0.18901724E+05
 0.00000000E+00  0.18976354E+05
 0.00000000E+00  0.19046578E+05
 0.00000000E+00  0.19112651E+05
 0.00000000E+00  0.19174769E+05
 0.00000000E+00  0.19233080E+05
 0.00000000E+00  0.19287694E+05
 0.00000000E+00  0.19338691E+05
 0.00000000E+00  0.19386126E+05
 0.00000000E+00  0.19430031E+05
 0.00000000E+00  0.19470423E+05
 0.00000000E+00  0.19507304E+05
 0.00000000E+00  0.19540661E+05
 0.00000000E+00  0.19570471E+05
 0.00000000E+00  0.19596703E+05
 0.00000000E+00  0.19619314E+05
 0.00000000E+00  0.19638256E+05
 0.00000000E+00  0.19653473E+05
 0.00000000E+00  0.19664903E+05
 0.00000000E+00  0.19672481E+05
 0.00000000E+00  0.19676138E+05
 0.00000000E+00  0.19675802E+05
 0.00000000E+00  0.19671401E+05
 0.00000000E+00  0.19662864E+05
 0.00000000E+00  0.19650125E+05
 0.00000000E+00  0.19633120E+05
 0.00000000E+00  0.19611800E+05
 0.00000000E+00  0.19586124E+05
 0.00000000E+00  0.19556068E+05
 0.00000000E+00  0.19521630E+05
 0.00000000E+00  0.19482835E+05
 0.00000000E+00  0.19439736E+05
 0.00000000E+00  0.19392426E+05
 0.00000000E+00  0.19313817E+05
 0.00000000E+00  0.64500558E+04
 0.00000000E+00  0.73416572E+04
 0.00000000E+00  0.81763965E+04
 0.00000000E+00  0.87280164E+04
 0.00000000E+00  0.90138117E+04
 0.00000000E+00  0.91184951E+04
 0.00000000E+00  0.91107005E+04
 0.00000000E+00  0.91441629E+04
 0.00000000E+00  0.92629349E+04
 0.00000000E+00  0.90491699E+04
 0.00000000E+00  0.86698280E+04
 0.00000000E+00  0.81780104E+04
 0.00000000E+00  0.75864244E+04
 0.00000000E+00  0.68923125E+04
 0.00000000E+00  0.60852794E+04
 0.00000000E+00  0.51556874E+04
 0.00000000E+00  0.41091139E+04
 0.00000000E+00  0.29666658E+04
 0.00000000E+00  0.24014721E+04
 0.00000000E+00  0.26793629E+04
 0.00000000E+00  0.28046653E+04
 0.00000000E+00  0.28649535E+04
 0.00000000E+00  0.28848298E+04
 0.00000000E+00  0.28757191E+04
 0.00000000E+00  0.28440977E+04
 0.00000000E+00  0.27940643E+04
 0.00000000E+00  0.27284049E+04
 0.00000000E+00  0.26490795E+04
 0.00000000E+00  0.25575118E+04
 0.00000000E+00  0.24547410E+04
 0.00000000E+00  0.23415159E+04
 0.00000000E+00  0.22183530E+04
 0.00000000E+00  0.20855699E+04
 0.00000000E+00  0.19433002E+04
 0.00000000E+00  0.17914917E+04
 0.00000000E+00  0.16298845E+04
 0.00000000E+00  0.14579629E+04
 0.00000000E+00  0.12748614E+04
 0.00000000E+00  0.10791888E+04
 0.00000000E+00  0.86868191E+03
 0.00000000E+00  0.63945579E+03
 0.00000000E+00  0.38410197E+03
 0.00000000E+00  0.85311077E+02
 0.00000000E+00  -.32624257E+03
 0.00000000E+00  0.17633745E+04
 0.00000000E+00  0.18142783E+04
 0.00000000E+00  0.18604780E+04
 0.00000000E+00  0.19024857E+04
 0.00000000E+00  0.19407341E+04
 0.00000000E+00  0.19755951E+04
 0.00000000E+00  0.20073830E+04
 0.00000000E+00  0.20363795E+04
 0.00000000E+00  0.20628295E+04
 0.00000000E+00  0.20869496E+04
 0.00000000E+00  0.21089331E+04
 0.00000000E+00  0.21289527E+04
 0.00000000E+00  0.21471640E+04
 0.00000000E+00  0.21637077E+04
 0.00000000E+00  0.21787118E+04
 0.00000000E+00  0.21922924E+04
 0.00000000E+00  0.22045562E+04
 0.00000000E+00  0.22156007E+04
 0.00000000E+00  0.22255157E+04
 0.00000000E+00  0.22343839E+04
 0.00000000E+00  0.22422816E+04
 0.00000000E+00  0.22492795E+04
 0.00000000E+00  0.22554431E+04
 0.00000000E+00  0.22608330E+04
 0.00000000E+00  0.22655056E+04
 0.00000000E+00  0.22695119E+04
 0.00000000E+00  0.22729017E+04
 0.00000000E+00  0.22757198E+04
 0.00000000E+00  0.22780072E+04
 0.00000000E+00  0.22798014E+04
 0.00000000E+00  0.22811364E+04
 0.00000000E+00  0.22820424E+04
 0.00000000E+00  0.22825453E+04
 0.00000000E+00  0.22826663E+04
 0.00000000E+00  0.22824207E+04
 0.00000000E+00  0.22818172E+04
 0.00000000E+00  0.22808544E+04
 0.00000000E+00  0.22795129E+04
 0.00000000E+00  0.22777543E+04
 0.00000000E+00  0.22755019E+04
 0.00000000E+00  0.22726094E+04
 0.00000000E+00  0.22687826E+04
 0.00000000E+00  0.22633385E+04
 0.00000000E+00  0.22538063E+04
 0.00000000E+00  0.16384501E+04
 0.00000000E+00  0.16338166E+04
 0.00000000E+00  0.16299833E+04
 0.00000000E+00  0.16271132E+04
 0.00000000E+00  0.16254614E+04
 0.00000000E+00  0.16254576E+04
 0.00000000E+00  0.16279354E+04
 0.00000000E+00  0.16350065E+04
 0.00000000E+00  0.16643449E+04
 0.00000000E+00  0.14856918E+03
 0.00000000E+00  0.14777647E+03
 0.00000000E+00  0.14698943E+03
 0.00000000E+00  0.14620853E+03
 0.00000000E+00  0.14543371E+03
 0.00000000E+00  0.14466490E+03
 0.00000000E+00  0.14390205E+03
 0.00000000E+00  0.14314510E+03
 0.00000000E+00  0.14239396E+03
 0.00000000E+00  0.14164859E+03
 0.00000000E+00  0.14090893E+03
 0.00000000E+00  0.14017491E+03
 0.00000000E+00  0.13944648E+03
 0.00000000E+00  0.13872358E+03
 0.00000000E+00  0.13800615E+03
 0.00000000E+00  0.13729413E+03
 0.00000000E+00  0.13658748E+03
 0.00000000E+00  0.13588613E+03
 0.00000000E+00  0.13519004E+03
 0.00000000E+00  0.13449914E+03
 0.00000000E+00  0.13381339E+03
 0.00000000E+00  0.13313273E+03
 0.00000000E+00  0.13245712E+03
 0.00000000E+00  0.13178650E+03
Mw-Hw               
 0.00000000E+00  -.26512147E-03
 0.00000000E+00  -.15042679E-03
 0.00000000E+00  -.14756107E-03
 0.00000000E+00  -.14527752E-03
 0.00000000E+00  -.14272715E-03
 0.00000000E+00  -.13990689E-03
 0.00000000E+00  -.13681256E-03
 0.00000000E+00  -.13344015E-03
 0.00000000E+00  -.12978595E-03
 0.00000000E+00  -.12584650E-03
 0.00000000E+00  -.12161863E-03
 0.00000000E+00  -.11709943E-03
 0.00000000E+00  -.11228633E-03
 0.00000000E+00  -.10717704E-03
 0.00000000E+00  -.10176964E-03
 0.00000000E+00  -.96062553E-04
 0.00000000E+00  -.84205978E-04
 0.00000000E+00  -.77567900E-04
 0.00000000E+00  -.70628875E-04
 0.00000000E+00  -.63388119E-04
 0.00000000E+00  -.55846394E-04
 0.00000000E+00  -.48004945E-04
 0.00000000E+00  -.31630415E-04
 0.00000000E+00  -.22884657E-04
 0.00000000E+00  -.13840661E-04
 0.00000000E+00  -.45101865E-05
 0.00000000E+00  0.51026520E-05
 0.00000000E+00  0.14993241E-04
 0.00000000E+00  0.35664755E-04
 0.00000000E+00  0.46363117E-04
 0.00000000E+00  0.57333701E-04
 0.00000000E+00  0.68550622E-04
 0.00000000E+00  0.80005899E-04
 0.00000000E+00  0.91690889E-04
 0.00000000E+00  0.10359635E-03
 0.00000000E+00  0.11571236E-03
 0.00000000E+00  0.12802836E-03
 0.00000000E+00  0.14053315E-03
 0.00000000E+00  0.15321479E-03
 0.00000000E+00  0.16606072E-03
 0.00000000E+00  0.16566019E-03
 0.00000000E+00  0.17865233E-03
 0.00000000E+00  0.19175121E-03
 0.00000000E+00  0.20497075E-03
 0.00000000E+00  0.20457083E-03
 0.00000000E+00  0.21788494E-03
 0.00000000E+00  0.23125708E-03
 0.00000000E+00  0.23088226E-03
 0.00000000E+00  0.23063724E-03
 0.00000000E+00  0.23049281E-03
 0.00000000E+00  0.23044747E-03
 0.00000000E+00  0.23049949E-03
 0.00000000E+00  0.23064699E-03
 0.00000000E+00  0.23088799E-03
 0.00000000E+00  0.23122033E-03
 0.00000000E+00  0.23164176E-03
 0.00000000E+00  0.23214990E-03
 0.00000000E+00  0.23274226E-03
 0.00000000E+00  0.23341624E-03
 0.00000000E+00  0.23416915E-03
 0.00000000E+00  0.24699000E-03
 0.00000000E+00  0.24774333E-03
 0.00000000E+00  0.24858648E-03
 0.00000000E+00  0.24949813E-03
 0.00000000E+00  0.25047508E-03
 0.00000000E+00  0.26302625E-03
 0.00000000E+00  0.26397861E-03
 0.00000000E+00  0.26500216E-03
 0.00000000E+00  0.27734053E-03
 0.00000000E+00  0.27831931E-03
 0.00000000E+00  0.27935672E-03
 0.00000000E+00  0.29141303E-03
 0.00000000E+00  0.29238189E-03
 0.00000000E+00  0.29339525E-03
 0.00000000E+00  0.30509118E-03
 0.00000000E+00  0.30600821E-03
 0.00000000E+00  0.30695388E-03
 0.00000000E+00  0.31820135E-03
 0.00000000E+00  0.31901843E-03
 0.00000000E+00  0.31984641E-03
 0.00000000E+00  0.33054678E-03
 0.00000000E+00  0.33120898E-03
 0.00000000E+00  0.33186234E-03
 0.00000000E+00  0.34190573E-03
 0.00000000E+00  0.34235070E-03
 0.00000000E+00  0.35182799E-03
 0.00000000E+00  0.35203113E-03
 0.00000000E+00  0.35218663E-03
 0.00000000E+00  0.36078423E-03
 0.00000000E+00  0.36064420E-03
 0.00000000E+00  0.36043042E-03
 0.00000000E+00  0.36013880E-03
 0.00000000E+00  0.35976132E-03
 0.00000000E+00  0.36675753E-03
 0.00000000E+00  0.36598775E-03
 0.00000000E+00  0.36509726E-03
 0.00000000E+00  0.36408383E-03
 0.00000000E+00  0.36293816E-03
 0.00000000E+00  0.35522594E-03
 0.00000000E+00  0.35399681E-03
 0.00000000E+00  0.35261747E-03
 0.00000000E+00  0.35106982E-03
 0.00000000E+00  0.34934342E-03
 0.00000000E+00  0.34742754E-03
 0.00000000E+00  0.34531121E-03
 0.00000000E+00  0.34298315E-03
 0.00000000E+00  0.34043180E-03
 0.00000000E+00  0.33764534E-03
 0.00000000E+00  0.33461165E-03
 0.00000000E+00  0.33131835E-03
 0.00000000E+00  0.32775277E-03
 0.00000000E+00  0.32718437E-03
 0.00000000E+00  0.32277296E-03
 0.00000000E+00  0.31803483E-03
 0.00000000E+00  0.31521910E-03
 0.00000000E+00  0.30952563E-03
 0.00000000E+00  0.30490668E-03
 0.00000000E+00  0.29907894E-03
 0.00000000E+00  0.29198125E-03
 0.00000000E+00  0.28356382E-03
 0.00000000E+00  0.27265615E-03
 0.00000000E+00  0.13497232E-04
 0.00000000E+00  -.10002748E-03
 0.00000000E+00  -.18842333E-03
 0.00000000E+00  -.21391195E-03
 0.00000000E+00  -.23973105E-03
 0.00000000E+00  -.24300429E-03
 0.00000000E+00  -.26935364E-03
 0.00000000E+00  -.29614390E-03
 0.00000000E+00  -.32332094E-03
 0.00000000E+00  -.35086437E-03
 0.00000000E+00  -.37875046E-03
 0.00000000E+00  -.40695160E-03
 0.00000000E+00  -.41148720E-03
 0.00000000E+00  -.41646855E-03
 0.00000000E+00  -.42190829E-03
 0.00000000E+00  -.42777838E-03
 0.00000000E+00  -.45637409E-03
 0.00000000E+00  -.46265840E-03
 0.00000000E+00  -.49133430E-03
 0.00000000E+00  -.49787120E-03
 0.00000000E+00  -.50464910E-03
 0.00000000E+00  -.53304715E-03
 0.00000000E+00  -.53985364E-03
 0.00000000E+00  -.54676252E-03
 0.00000000E+00  -.55374112E-03
 0.00000000E+00  -.56072635E-03
 0.00000000E+00  -.54826458E-03
 0.00000000E+00  -.53685023E-03
 0.00000000E+00  -.52638412E-03
 0.00000000E+00  -.51674664E-03
 0.00000000E+00  -.52421547E-03
 0.00000000E+00  -.51519958E-03
 0.00000000E+00  -.50665606E-03
 0.00000000E+00  -.51315704E-03
 0.00000000E+00  -.50455785E-03
 0.00000000E+00  -.49605496E-03
 0.00000000E+00  -.50054478E-03
 0.00000000E+00  -.49120299E-03
 0.00000000E+00  -.48152770E-03
 0.00000000E+00  -.47136116E-03
 0.00000000E+00  -.46053254E-03
 0.00000000E+00  -.44886056E-03
 0.00000000E+00  -.44558722E-03
 0.00000000E+00  -.43097777E-03
 0.00000000E+00  -.41488166E-03
 0.00000000E+00  -.40454645E-03
 0.00000000E+00  -.39080723E-03
 0.00000000E+00  -.37323851E-03
 0.00000000E+00  -.35668593E-03
 0.00000000E+00  -.33353014E-03
 0.00000000E+00  -.30289283E-03
 0.00000000E+00  -.26818448E-03
 0.00000000E+00  -.21924584E-03
 0.00000000E+00  -.13807724E-03
 0.00000000E+00  0.90559072E-04
 0.00000000E+00  0.15905161E-03
 0.00000000E+00  0.21584920E-03
 0.00000000E+00  0.27096061E-03
 0.00000000E+00  0.32428662E-03
 0.00000000E+00  0.37598100E-03
 0.00000000E+00  0.41661855E-03
 0.00000000E+00  0.44668204E-03
 0.00000000E+00  0.48578778E-03
 0.00000000E+00  0.50590135E-03
 0.00000000E+00  0.53594943E-03
 0.00000000E+00  0.55763609E-03
 0.00000000E+00  0.57165992E-03
 0.00000000E+00  0.58771786E-03
 0.00000000E+00  0.59740396E-03
 0.00000000E+00  0.61002574E-03
 0.00000000E+00  0.62584224E-03
 0.00000000E+00  0.62864579E-03
 0.00000000E+00  0.63570639E-03
 0.00000000E+00  0.64713668E-03
 0.00000000E+00  0.64784856E-03
 0.00000000E+00  0.63927848E-03
 0.00000000E+00  0.62993821E-03
 0.00000000E+00  0.62696672E-03
 0.00000000E+00  0.61745992E-03
 0.00000000E+00  0.60875318E-03
 0.00000000E+00  0.60125725E-03
 0.00000000E+00  0.59533800E-03
 0.00000000E+00  0.59133345E-03
 0.00000000E+00  0.58456263E-03
 0.00000000E+00  0.57596636E-03
 0.00000000E+00  0.56641718E-03
 0.00000000E+00  0.56097094E-03
 0.00000000E+00  0.55154978E-03
 0.00000000E+00  0.54325706E-03
 0.00000000E+00  0.53295680E-03
 0.00000000E+00  0.52165356E-03
 0.00000000E+00  0.51019554E-03
 0.00000000E+00  0.49622098E-03
 0.00000000E+00  0.47795822E-03
 0.00000000E+00  0.45935294E-03
 0.00000000E+00  0.43360738E-03
 0.00000000E+00  0.40458321E-03
 0.00000000E+00  0.36879575E-03
 0.00000000E+00  0.32525330E-03
 0.00000000E+00  0.26840625E-03
 0.00000000E+00  0.19919623E-03
 0.00000000E+00  0.11011948E-03
 0.00000000E+00  -.14803748E-05
 0.00000000E+00  -.12660697E-03
 0.00000000E+00  -.17806835E-03
 0.00000000E+00  -.19909434E-03
 0.00000000E+00  -.20549883E-03
 0.00000000E+00  -.20501401E-03
 0.00000000E+00  -.20051793E-03
 0.00000000E+00  -.19428313E-03
 0.00000000E+00  -.18609781E-03
 0.00000000E+00  -.17466620E-03
 0.00000000E+00  -.15230954E-03
 0.00000000E+00  -.56528554E-03
 0.00000000E+00  0.65304514E-03
 0.00000000E+00  0.65880675E-03
 0.00000000E+00  0.66990032E-03
 0.00000000E+00  0.67070167E-03
 0.00000000E+00  0.67308441E-03
 0.00000000E+00  0.68855117E-03
 0.00000000E+00  0.71266596E-03
 0.00000000E+00  -.53772410E-04
 0.00000000E+00  -.28871819E-04
 0.00000000E+00  -.37004494E-05
 0.00000000E+00  0.48161996E-04
 0.00000000E+00  -.30888299E-04
 0.00000000E+00  -.24308626E-03
 0.00000000E+00  -.37715146E-03
 0.00000000E+00  -.78649324E-03
 0.00000000E+00  -.75067412E-01
 0.00000000E+00  -.42277070E+03
 0.00000000E+00  -.46061418E+03
 0.00000000E+00  -.50483104E+03
 0.00000000E+00  -.55694742E+03
 0.00000000E+00  -.62028417E+03
 0.00000000E+00  -.70337465E+03
 0.00000000E+00  -.30885017E-04
 0.00000000E+00  0.31857168E-04
 0.00000000E+00  0.33448219E-04
 0.00000000E+00  0.32929985E-04
 0.00000000E+00  0.27722039E-04
 0.00000000E+00  0.19681081E-04
 0.00000000E+00  0.11503150E-04
 0.00000000E+00  0.27000995E-05
 0.00000000E+00  -.10325010E-03
 0.00000000E+00  -.34452912E-03
 0.00000000E+00  0.70057961E-03
 0.00000000E+00  0.20373294E-01
 0.00000000E+00  0.21929834E-03
 0.00000000E+00  -.22803572E-03
 0.00000000E+00  -.27927621E-03
 0.00000000E+00  -.36405904E-03
 0.00000000E+00  -.56636166E-03
 0.00000000E+00  -.16617429E-02
 0.00000000E+00  0.23560813E-04
 0.00000000E+00  0.70444617E-05
 0.00000000E+00  0.89744378E-05
 0.00000000E+00  0.94516014E-05
 0.00000000E+00  0.12113251E-04
 0.00000000E+00  0.18274981E-04
 0.00000000E+00  0.34045132E-04
 0.00000000E+00  0.38361664E-04
 0.00000000E+00  0.31956731E-04
 0.00000000E+00  0.15349469E-04
 0.00000000E+00  -.27723539E-03
 0.00000000E+00  -.66349119E-03
 0.00000000E+00  0.81562943E-05
 0.00000000E+00  -.19071230E-05
 0.00000000E+00  0.14494738E-05
 0.00000000E+00  0.48568317E-05
 0.00000000E+00  0.10763481E-04
 0.00000000E+00  0.22031120E-04
 0.00000000E+00  0.24008244E-04
 0.00000000E+00  0.17486536E-04
 0.00000000E+00  -.19010092E-03
 0.00000000E+00  -.68343326E-03
 0.00000000E+00  -.49194218E-05
 0.00000000E+00  -.62569358E-06
 0.00000000E+00  0.49702050E-05
 0.00000000E+00  0.11693961E-04
 0.00000000E+00  0.22837019E-04
 0.00000000E+00  0.24079199E-04
 0.00000000E+00  -.41738341E-06
 0.00000000E+00  -.34625387E-03
 0.00000000E+00  -.12912028E-02
 0.00000000E+00  -.58389077E-05
 0.00000000E+00  -.13222430E-05
 0.00000000E+00  0.53265895E-05
 0.00000000E+00  0.11629458E-04
 0.00000000E+00  0.22310641E-04
 0.00000000E+00  -.11055705E-04
 0.00000000E+00  -.31830641E-03
 0.00000000E+00  -.73382824E-03
 0.00000000E+00  0.17488001E-04
 0.00000000E+00  0.64742694E-05
 0.00000000E+00  0.14323716E-04
 0.00000000E+00  0.20822589E-04
 0.00000000E+00  0.16523750E-04
 0.00000000E+00  -.17848849E-03
 0.00000000E+00  -.32386985E-03
 0.00000000E+00  -.63114911E-03
 0.00000000E+00  -.15449006E-01
 0.00000000E+00  0.20552919E-04
 0.00000000E+00  -.18864768E-04
 0.00000000E+00  -.65915386E-04
 0.00000000E+00  -.20315665E-03
 0.00000000E+00  -.26605961E-03
 0.00000000E+00  -.38984829E-03
 0.00000000E+00  -.76541886E-03
 0.00000000E+00  -.18650892E+00
 0.00000000E+00  -.59811125E-04
 0.00000000E+00  -.87054141E-04
 0.00000000E+00  -.21578593E-03
 0.00000000E+00  -.23574361E-03
 0.00000000E+00  -.29122927E-03
 0.00000000E+00  -.40383560E-03
 0.00000000E+00  -.69913333E-03
 0.00000000E+00  -.32058504E-02
 0.00000000E+00  -.43006544E-03
 0.00000000E+00  -.44817750E-03
 0.00000000E+00  -.50153255E-03
 0.00000000E+00  -.61449928E-03
 0.00000000E+00  -.88857593E-03
 0.00000000E+00  -.19342294E-02
 0.00000000E+00  -.13021919E+03
 0.00000000E+00  -.31896020E+03
 0.00000000E+00  -.50482648E+03
 0.00000000E+00  -.27369516E+03
 0.00000000E+00  -.27797122E+03
 0.00000000E+00  -.29393887E+03
 0.00000000E+00  -.32065818E+03
 0.00000000E+00  -.35737345E+03
 0.00000000E+00  -.40421556E+03
 0.00000000E+00  -.46327377E+03
 0.00000000E+00  -.54241159E+03
 0.00000000E+00  -.71773548E+03
 0.00000000E+00  -.72592551E+03
 0.00000000E+00  -.74249563E+03
 0.00000000E+00  -.77101848E+03
 0.00000000E+00  -.82572447E+03
 0.00000000E+00  -.62965636E+03
 0.00000000E+00  -.61793544E+03
 0.00000000E+00  -.61322105E+03
 0.00000000E+00  -.61545454E+03
 0.00000000E+00  -.62517239E+03
 0.00000000E+00  -.64358198E+03
 0.00000000E+00  -.67323182E+03
 0.00000000E+00  -.72198446E+03
 0.00000000E+00  0.10003780E-03
 0.00000000E+00  -.46936439E-04
 0.00000000E+00  -.72656556E-04
 0.00000000E+00  -.48575294E-04
 0.00000000E+00  0.65642683E-04
 0.00000000E+00  -.16294143E-03
 0.00000000E+00  -.24366345E-03
 0.00000000E+00  -.41198555E-03
 0.00000000E+00  -.10991023E-02
 0.00000000E+00  -.85994169E-05
 0.00000000E+00  -.64900141E-04
 0.00000000E+00  -.25196318E-04
 0.00000000E+00  0.21154946E-04
 0.00000000E+00  0.23440032E-04
 0.00000000E+00  -.14896807E-04
 0.00000000E+00  -.39703385E-04
 0.00000000E+00  -.46300487E-06
 0.00000000E+00  0.17614158E-04
 0.00000000E+00  -.57763914E-05
 0.00000000E+00  -.25005615E-03
 0.00000000E+00  -.46797623E-03
 0.00000000E+00  -.16915261E-02
 0.00000000E+00  -.10676947E-04
 0.00000000E+00  0.66399000E-04
 0.00000000E+00  0.77533224E-06
 0.00000000E+00  -.11808845E-03
 0.00000000E+00  -.38682838E-04
 0.00000000E+00  0.18067494E-04
 0.00000000E+00  0.29740615E-04
 0.00000000E+00  0.63642350E-05
 0.00000000E+00  0.45028723E-05
 0.00000000E+00  -.25901274E-03
 0.00000000E+00  -.44722872E-03
 0.00000000E+00  -.10954571E-02
 0.00000000E+00  -.12846557E-03
 0.00000000E+00  -.52275564E-06
 0.00000000E+00  -.44229379E-04
 0.00000000E+00  -.14760550E-03
 0.00000000E+00  -.11545158E-03
 0.00000000E+00  -.63669774E-04
 0.00000000E+00  -.27889302E-04
 0.00000000E+00  0.47137884E-04
 0.00000000E+00  0.71452348E-04
 0.00000000E+00  0.65563525E-04
 0.00000000E+00  0.19476747E-04
 0.00000000E+00  -.85977234E-05
 0.00000000E+00  -.44196325E-05
 0.00000000E+00  0.91380211E-07
 0.00000000E+00  -.53374769E-05
 0.00000000E+00  -.48102032E-05
 0.00000000E+00  0.18252603E-05
 0.00000000E+00  0.13170743E-04
 0.00000000E+00  0.34494292E-04
 0.00000000E+00  0.10405982E-03
 0.00000000E+00  0.64874583E-04
 0.00000000E+00  0.12137829E-04
 0.00000000E+00  -.22572359E-03
 0.00000000E+00  -.48521882E-04
 0.00000000E+00  0.21934673E-03
 0.00000000E+00  -.24480889E-03
 0.00000000E+00  0.25842203E-03
 0.00000000E+00  0.49332948E-02
 0.00000000E+00  0.64048969E+03
 0.00000000E+00  0.63845336E+03
 0.00000000E+00  0.64075279E+03
 0.00000000E+00  0.64746893E+03
 0.00000000E+00  0.65878015E+03
 0.00000000E+00  0.67495592E+03
 0.00000000E+00  0.69637563E+03
 0.00000000E+00  0.72359042E+03
 0.00000000E+00  0.75749631E+03
 0.00000000E+00  0.79995177E+03
 0.00000000E+00  0.85720723E+03
 0.00000000E+00  -.12214558E-03
 0.00000000E+00  0.66437506E-04
 0.00000000E+00  0.10036520E-03
 0.00000000E+00  0.87386229E-04
 0.00000000E+00  -.49060972E-04
 0.00000000E+00  -.58823056E-04
 0.00000000E+00  -.58724266E-04
 0.00000000E+00  -.58410020E-04
 0.00000000E+00  -.37980312E-04
 0.00000000E+00  -.24634066E-04
 0.00000000E+00  -.22513308E-04
 0.00000000E+00  -.25039961E-04
 0.00000000E+00  -.29189887E-04
 0.00000000E+00  -.32597256E-04
 0.00000000E+00  -.37635583E-04
 0.00000000E+00  -.40908468E-04
 0.00000000E+00  -.41778890E-04
 0.00000000E+00  -.39628946E-04
 0.00000000E+00  -.36763500E-04
 0.00000000E+00  -.30027671E-04
 0.00000000E+00  -.19096729E-04
 0.00000000E+00  -.72166624E-05
 0.00000000E+00  0.11604489E-04
 0.00000000E+00  0.36324127E-04
 0.00000000E+00  0.19857924E-03
 0.00000000E+00  0.13391873E-03
 0.00000000E+00  0.66624131E-04
 0.00000000E+00  0.13424313E-05
 0.00000000E+00  -.74439718E-04
 0.00000000E+00  -.11059512E-03
 0.00000000E+00  0.35974871E-04
 0.00000000E+00  0.13748168E-03
 0.00000000E+00  -.13156130E-03
 0.00000000E+00  0.18682033E-03
 0.00000000E+00  -.27594815E-03
 0.00000000E+00  -.48589175E-03
 0.00000000E+00  -.10667858E-02
 0.00000000E+00  -.80962424E+02
 0.00000000E+00  -.10785493E+04
 0.00000000E+00  -.11020426E+04
 0.00000000E+00  -.11229505E+04
 0.00000000E+00  -.11396162E+04
 0.00000000E+00  -.11559121E+04
 0.00000000E+00  -.11754775E+04
 0.00000000E+00  -.12016373E+04
 0.00000000E+00  -.12375353E+04
 0.00000000E+00  -.12494718E+04
 0.00000000E+00  -.12498077E+04
 0.00000000E+00  -.12521427E+04
 0.00000000E+00  -.12571809E+04
 0.00000000E+00  -.12649289E+04
 0.00000000E+00  -.12753469E+04
 0.00000000E+00  -.12883443E+04
 0.00000000E+00  -.13036406E+04
 0.00000000E+00  -.13206105E+04
 0.00000000E+00  -.13385582E+04
 0.00000000E+00  -.13041700E+04
 0.00000000E+00  -.12724181E+04
 0.00000000E+00  -.12530422E+04
 0.00000000E+00  -.12389502E+04
 0.00000000E+00  -.12282117E+04
 0.00000000E+00  -.12199394E+04
 0.00000000E+00  -.12136327E+04
 0.00000000E+00  -.12089746E+04
 0.00000000E+00  -.12057498E+04
 0.00000000E+00  -.12038057E+04
 0.00000000E+00  -.12030315E+04
 0.00000000E+00  -.12033463E+04
 0.00000000E+00  -.12046917E+04
 0.00000000E+00  -.12070287E+04
 0.00000000E+00  -.12103347E+04
 0.00000000E+00  -.12146033E+04
 0.00000000E+00  -.12198457E+04
 0.00000000E+00  -.12260924E+04
 0.00000000E+00  -.12333998E+04
 0.00000000E+00  -.12418583E+04
 0.00000000E+00  -.12516101E+04
 0.00000000E+00  -.12628813E+04
 0.00000000E+00  -.12760507E+04
 0.00000000E+00  -.12918206E+04
 0.00000000E+00  -.13117808E+04
 0.00000000E+00  -.13420600E+04
 0.00000000E+00  -.84125813E+03
 0.00000000E+00  -.83124412E+03
 0.00000000E+00  -.82236793E+03
 0.00000000E+00  -.81454832E+03
 0.00000000E+00  -.80771700E+03
 0.00000000E+00  -.80181557E+03
 0.00000000E+00  -.79679419E+03
 0.00000000E+00  -.79260904E+03
 0.00000000E+00  -.78922181E+03
 0.00000000E+00  -.78659874E+03
 0.00000000E+00  -.78470994E+03
 0.00000000E+00  -.78352893E+03
 0.00000000E+00  -.78303220E+03
 0.00000000E+00  -.78319905E+03
 0.00000000E+00  -.78401128E+03
 0.00000000E+00  -.78545314E+03
 0.00000000E+00  -.78751120E+03
 0.00000000E+00  -.79017434E+03
 0.00000000E+00  -.79343377E+03
 0.00000000E+00  -.79728306E+03
 0.00000000E+00  -.80171825E+03
 0.00000000E+00  -.80673803E+03
 0.00000000E+00  -.81234387E+03
 0.00000000E+00  -.81854035E+03
 0.00000000E+00  -.82533547E+03
 0.00000000E+00  -.83274106E+03
 0.00000000E+00  -.84077338E+03
 0.00000000E+00  -.84945378E+03
 0.00000000E+00  -.85880961E+03
 0.00000000E+00  -.86887541E+03
 0.00000000E+00  -.87969450E+03
 0.00000000E+00  -.89132106E+03
 0.00000000E+00  -.90382302E+03
 0.00000000E+00  -.91728610E+03
 0.00000000E+00  -.93181960E+03
 0.00000000E+00  -.94756509E+03
 0.00000000E+00  -.96470956E+03
 0.00000000E+00  -.98350735E+03
 0.00000000E+00  -.10043173E+04
 0.00000000E+00  -.10276720E+04
 0.00000000E+00  -.10544230E+04
 0.00000000E+00  -.10860917E+04
 0.00000000E+00  -.11259797E+04
 0.00000000E+00  -.11853229E+04
 0.00000000E+00  -.58653157E+03
 0.00000000E+00  -.59481636E+03
 0.00000000E+00  -.60402079E+03
 0.00000000E+00  -.61423131E+03
 0.00000000E+00  -.62558964E+03
 0.00000000E+00  -.63833914E+03
 0.00000000E+00  -.65294546E+03
 0.00000000E+00  -.67053948E+03
 0.00000000E+00  -.69961843E+03
 0.00000000E+00  -.20386655E-03
 0.00000000E+00  0.32094910E-04
 0.00000000E+00  0.48432550E-04
 0.00000000E+00  0.56313168E-04
 0.00000000E+00  0.63899354E-04
 0.00000000E+00  0.71181938E-04
 0.00000000E+00  0.78160212E-04
 0.00000000E+00  0.90714329E-04
 0.00000000E+00  0.96754759E-04
 0.00000000E+00  0.10249132E-03
 0.00000000E+00  0.10792587E-03
 0.00000000E+00  0.11306003E-03
 0.00000000E+00  0.11789579E-03
 0.00000000E+00  0.12243550E-03
 0.00000000E+00  0.12668179E-03
 0.00000000E+00  0.13063763E-03
 0.00000000E+00  0.13430624E-03
 0.00000000E+00  0.13769116E-03
 0.00000000E+00  0.14079616E-03
 0.00000000E+00  0.14362528E-03
 0.00000000E+00  0.14618280E-03
 0.00000000E+00  0.14847320E-03
 0.00000000E+00  0.15050123E-03
 0.00000000E+00  0.15227177E-03
