Mu-Hu               
 0.26147000E+05  0.74271823E+06
 0.26059843E+05  0.74332425E+06
 0.25972687E+05  0.74392806E+06
 0.25885530E+05  0.74452967E+06
 0.25798373E+05  0.74512905E+06
 0.25711217E+05  0.74572621E+06
 0.25624060E+05  0.74632114E+06
 0.25536903E+05  0.74691382E+06
 0.25449747E+05  0.74750424E+06
 0.25362590E+05  0.74809240E+06
 0.25275433E+05  0.74867828E+06
 0.25188277E+05  0.74926185E+06
 0.25101120E+05  0.74984311E+06
 0.25013963E+05  0.75042203E+06
 0.24926807E+05  0.75099858E+06
 0.24839650E+05  0.75157272E+06
 0.24752493E+05  0.75214443E+06
 0.24665337E+05  0.75271365E+06
 0.24578180E+05  0.75328032E+06
 0.24491023E+05  0.75384437E+06
 0.24403867E+05  0.75440570E+06
 0.24316710E+05  0.75496419E+06
 0.24229553E+05  0.75551966E+06
 0.24142397E+05  0.75607190E+06
 0.24055240E+05  0.75662057E+06
 0.23968083E+05  0.75716519E+06
 0.23880927E+05  0.75770500E+06
 0.23793770E+05  0.75823873E+06
 0.23706613E+05  0.75876406E+06
 0.23619457E+05  0.75927619E+06
 0.23532300E+05  0.75976319E+06
 0.23445143E+05  0.76018410E+06
 0.23357987E+05  0.29858672E+06
 0.23270830E+05  0.29728473E+06
 0.23183673E+05  0.29598012E+06
 0.23096517E+05  0.29467262E+06
 0.23009360E+05  0.29336196E+06
 0.22922203E+05  0.29204804E+06
 0.22835047E+05  0.29073095E+06
 0.22747890E+05  0.28941113E+06
 0.22660733E+05  0.28808933E+06
 0.22573577E+05  0.28676669E+06
 0.22486420E+05  0.28544468E+06
 0.22399263E+05  0.28412504E+06
 0.22312107E+05  0.28280968E+06
 0.22224950E+05  0.28150055E+06
 0.22137793E+05  0.28019957E+06
 0.22050637E+05  0.27890849E+06
 0.21963480E+05  0.27762890E+06
 0.21876323E+05  0.27636210E+06
 0.21789167E+05  0.27510920E+06
 0.21702010E+05  0.27387103E+06
 0.21614853E+05  0.27264824E+06
 0.21527697E+05  0.27144126E+06
 0.21440540E+05  0.27025032E+06
 0.21353383E+05  0.26907552E+06
 0.21266227E+05  0.26791674E+06
 0.21179070E+05  0.26677374E+06
 0.21091913E+05  0.26564612E+06
 0.21004757E+05  0.26453333E+06
 0.20917600E+05  0.26343473E+06
 0.20830443E+05  0.26234957E+06
 0.20743287E+05  0.26127707E+06
 0.20656130E+05  0.26021639E+06
 0.20568973E+05  0.25916669E+06
 0.20481817E+05  0.25812717E+06
 0.20394660E+05  0.25709708E+06
 0.20307503E+05  0.25607576E+06
 0.20220347E+05  0.25506267E+06
 0.20133190E+05  0.25405737E+06
 0.20046033E+05  0.25305960E+06
 0.19958877E+05  0.25206922E+06
 0.19871720E+05  0.25108625E+06
 0.19784563E+05  0.25011086E+06
 0.19697407E+05  0.24914333E+06
 0.19610250E+05  0.24818401E+06
 0.19523093E+05  0.24723333E+06
 0.19435937E+05  0.24629174E+06
 0.19348780E+05  0.24535965E+06
 0.19261623E+05  0.24443741E+06
 0.19174467E+05  0.24352530E+06
 0.19087310E+05  0.24262346E+06
 0.19000153E+05  0.24173192E+06
 0.18912997E+05  0.24085056E+06
 0.18825840E+05  0.23997914E+06
 0.18738683E+05  0.23911729E+06
 0.18651527E+05  0.23826453E+06
 0.18564370E+05  0.23742027E+06
 0.18477213E+05  0.23658382E+06
 0.18390057E+05  0.23575444E+06
 0.18302900E+05  0.23493132E+06
 0.18215743E+05  0.23411357E+06
 0.18128587E+05  0.23330030E+06
 0.18041430E+05  0.23249053E+06
 0.17954273E+05  0.23168329E+06
 0.17867117E+05  0.23087756E+06
 0.17779960E+05  0.23007226E+06
 0.17692803E+05  0.22926631E+06
 0.17605647E+05  0.22845859E+06
 0.17518490E+05  0.22764792E+06
 0.17431333E+05  0.22683309E+06
 0.17344177E+05  0.22601285E+06
 0.17257020E+05  0.22518587E+06
 0.17169863E+05  0.22435079E+06
 0.17082707E+05  0.22350616E+06
 0.16995550E+05  0.22265047E+06
 0.16908393E+05  0.22178212E+06
 0.16821237E+05  0.22089942E+06
 0.16734080E+05  0.22000059E+06
 0.16646923E+05  0.21908369E+06
 0.16559767E+05  0.21814664E+06
 0.16472610E+05  0.21718716E+06
 0.16385453E+05  0.21620267E+06
 0.16298297E+05  0.21519020E+06
 0.16211140E+05  0.21414620E+06
 0.16123983E+05  0.21306634E+06
 0.16036827E+05  0.21194522E+06
 0.15949670E+05  0.21077595E+06
 0.15862513E+05  0.20954976E+06
 0.15775357E+05  0.20825547E+06
 0.15688200E+05  0.20687925E+06
 0.15601043E+05  0.20540505E+06
 0.15513887E+05  0.20381736E+06
 0.15426730E+05  0.20210885E+06
 0.15339573E+05  0.20029533E+06
 0.15252417E+05  0.19843007E+06
 0.15165260E+05  0.19659334E+06
 0.15078103E+05  0.19485315E+06
 0.14990947E+05  0.19323851E+06
 0.14903790E+05  0.19174630E+06
 0.14816633E+05  0.19035917E+06
 0.14729477E+05  0.18905700E+06
 0.14642320E+05  0.18782153E+06
 0.14555163E+05  0.18663743E+06
 0.14468007E+05  0.18549203E+06
 0.14380850E+05  0.18437492E+06
 0.14293693E+05  0.18327735E+06
 0.14206537E+05  0.18219190E+06
 0.14119380E+05  0.18111211E+06
 0.14032223E+05  0.18003233E+06
 0.13945067E+05  0.17894746E+06
 0.13857910E+05  0.17785293E+06
 0.13770753E+05  0.17674449E+06
 0.13683597E+05  0.17561816E+06
 0.13596440E+05  0.17447006E+06
 0.13509283E+05  0.17329630E+06
 0.13422127E+05  0.17209288E+06
 0.13334970E+05  0.17085570E+06
 0.13247813E+05  0.16958084E+06
 0.13160657E+05  0.16826521E+06
 0.13073500E+05  0.16690786E+06
 0.12986343E+05  0.16551183E+06
 0.12899187E+05  0.16408640E+06
 0.12812030E+05  0.16264818E+06
 0.12724873E+05  0.16121955E+06
 0.12637717E+05  0.15982396E+06
 0.12550560E+05  0.15848034E+06
 0.12463403E+05  0.15719976E+06
 0.12376247E+05  0.15598564E+06
 0.12289090E+05  0.15483587E+06
 0.12201933E+05  0.15374525E+06
 0.12114777E+05  0.15270737E+06
 0.12027620E+05  0.15171563E+06
 0.11940463E+05  0.15076382E+06
 0.11853307E+05  0.14984632E+06
 0.11766150E+05  0.14895815E+06
 0.11678993E+05  0.14809491E+06
 0.11591837E+05  0.14725271E+06
 0.11504680E+05  0.14642809E+06
 0.11417523E+05  0.14561793E+06
 0.11330367E+05  0.14481939E+06
 0.11243210E+05  0.14402982E+06
 0.11156053E+05  0.14324669E+06
 0.11068897E+05  0.14246754E+06
 0.10981740E+05  0.14168990E+06
 0.10894583E+05  0.14091125E+06
 0.10807427E+05  0.14012890E+06
 0.10720270E+05  0.13933991E+06
 0.10633113E+05  0.13854099E+06
 0.10545957E+05  0.13772831E+06
 0.10458800E+05  0.13689727E+06
 0.10371643E+05  0.13604222E+06
 0.10284487E+05  0.13515593E+06
 0.10197330E+05  0.13422883E+06
 0.10110173E+05  0.13324779E+06
 0.10023017E+05  0.13219388E+06
 0.99358600E+04  0.13103850E+06
 0.98487033E+04  0.12973583E+06
 0.97615467E+04  0.12820891E+06
 0.96743900E+04  0.12633392E+06
 0.95872333E+04  0.12401761E+06
 0.95000767E+04  0.12158083E+06
 0.94129200E+04  0.11952545E+06
 0.93257633E+04  0.11787396E+06
 0.92386067E+04  0.11649594E+06
 0.91514500E+04  0.11529873E+06
 0.90642933E+04  0.11422671E+06
 0.89771367E+04  0.11324562E+06
 0.88899800E+04  0.11233317E+06
 0.88028233E+04  0.11147415E+06
 0.87156667E+04  0.11065765E+06
 0.86285100E+04  0.10987561E+06
 0.85413533E+04  0.10912183E+06
 0.84541967E+04  0.10839142E+06
 0.83670400E+04  0.10768045E+06
 0.82798833E+04  0.10698561E+06
 0.81927267E+04  0.10630411E+06
 0.81055700E+04  0.10563352E+06
 0.80184133E+04  0.10497165E+06
 0.79312567E+04  0.10431649E+06
 0.78441000E+04  0.10366617E+06
 0.77569433E+04  0.10301884E+06
 0.76697867E+04  0.10237266E+06
 0.75826300E+04  0.10172572E+06
 0.74954733E+04  0.10107599E+06
 0.74083167E+04  0.10042119E+06
 0.73211600E+04  0.99758766E+05
 0.72340033E+04  0.99085637E+05
 0.71468467E+04  0.98398041E+05
 0.70596900E+04  0.97691163E+05
 0.69725333E+04  0.96958572E+05
 0.68853767E+04  0.96191235E+05
 0.67982200E+04  0.95375621E+05
 0.67110633E+04  0.94489674E+05
 0.66239067E+04  0.93492636E+05
 0.65367500E+04  0.92291346E+05
 0.64495933E+04  0.90532098E+05
 0.63624367E+04  0.77700283E+05
 0.62752800E+04  0.76450829E+05
 0.61881233E+04  0.75416140E+05
 0.61009667E+04  0.74505479E+05
 0.60138100E+04  0.73677477E+05
 0.59266533E+04  0.72909238E+05
 0.58394967E+04  0.72186548E+05
 0.57523400E+04  0.71499876E+05
 0.56651833E+04  0.70842466E+05
 0.55780267E+04  0.70209321E+05
 0.54908700E+04  0.69596620E+05
 0.54037133E+04  0.69001354E+05
 0.53165567E+04  0.68421101E+05
 0.52294000E+04  0.67853873E+05
 0.51422433E+04  0.67298001E+05
 0.50550867E+04  0.66752070E+05
 0.49679300E+04  0.66214853E+05
 0.48807733E+04  0.65685276E+05
 0.47936167E+04  0.65162378E+05
 0.47064600E+04  0.64645295E+05
 0.46193033E+04  0.64133231E+05
 0.45321467E+04  0.63625444E+05
 0.44449900E+04  0.63121230E+05
 0.43578333E+04  0.62619907E+05
 0.42706767E+04  0.62120805E+05
 0.41835200E+04  0.61623251E+05
 0.40963633E+04  0.61126554E+05
 0.40092067E+04  0.60629989E+05
 0.39220500E+04  0.60132777E+05
 0.38348933E+04  0.59634061E+05
 0.37477367E+04  0.59132877E+05
 0.36605800E+04  0.58628110E+05
 0.35734233E+04  0.58118435E+05
 0.34862667E+04  0.57602236E+05
 0.33991100E+04  0.57077478E+05
 0.33119533E+04  0.56541504E+05
 0.32247967E+04  0.55990712E+05
 0.31376400E+04  0.55419966E+05
 0.30504833E+04  0.54821459E+05
 0.29633267E+04  0.54182251E+05
 0.28761700E+04  0.53477867E+05
 0.27890133E+04  0.52649623E+05
 0.27018567E+04  0.51428666E+05
 0.26147000E+04  0.30453174E+05
 0.25275433E+04  0.29956161E+05
 0.24403867E+04  0.29471497E+05
 0.23532300E+04  0.28997918E+05
 0.22660733E+04  0.28534371E+05
 0.21789167E+04  0.28079973E+05
 0.20917600E+04  0.27633972E+05
 0.20046033E+04  0.27195727E+05
 0.19174467E+04  0.26764687E+05
 0.18302900E+04  0.26340374E+05
 0.17431333E+04  0.25922375E+05
 0.16559767E+04  0.25510329E+05
 0.15688200E+04  0.25103917E+05
 0.14816633E+04  0.24702860E+05
 0.13945067E+04  0.24306910E+05
 0.13073500E+04  0.23915840E+05
 0.12201933E+04  0.23529444E+05
 0.11330367E+04  0.23147523E+05
 0.10458800E+04  0.22769880E+05
 0.95872333E+03  0.22396308E+05
 0.87156667E+03  0.22026572E+05
 0.78441000E+03  0.21660392E+05
 0.69725333E+03  0.21297411E+05
 0.61009667E+03  0.20937153E+05
 0.52294000E+03  0.20578970E+05
 0.43578333E+03  0.20221963E+05
 0.34862667E+03  0.19864882E+05
 0.26147000E+03  0.19505991E+05
 0.17431333E+03  0.19142942E+05
 0.87156667E+02  0.18772651E+05
 0.00000000E+00  0.18391276E+05
 -.87156667E+02  0.17994327E+05
 -.17431333E+03  0.17576908E+05
 -.26147000E+03  0.17133930E+05
 -.34862667E+03  0.16660045E+05
 -.43578333E+03  0.16149084E+05
 -.52294000E+03  0.15592726E+05
 -.61009667E+03  0.14977921E+05
 -.69725333E+03  0.14281011E+05
 -.78441000E+03  0.13449785E+05
 -.87156667E+03  0.12305430E+05
 -.95872333E+03  -.11949024E+05
 -.10458800E+04  -.12338790E+05
 -.11330367E+04  -.12734541E+05
 -.12201933E+04  -.13136701E+05
 -.13073500E+04  -.13545711E+05
 -.13945067E+04  -.13962051E+05
 -.14816633E+04  -.14386254E+05
 -.15688200E+04  -.14818919E+05
 -.16559767E+04  -.15260739E+05
 -.17431333E+04  -.15712516E+05
 -.18302900E+04  -.16175193E+05
 -.19174467E+04  -.16649892E+05
 -.20046033E+04  -.17137963E+05
 -.20917600E+04  -.17641056E+05
 -.21789167E+04  -.18161215E+05
 -.22660733E+04  -.18701023E+05
 -.23532300E+04  -.19263823E+05
 -.24403867E+04  -.19854062E+05
 -.25275433E+04  -.20477877E+05
 -.26147000E+04  -.21144146E+05
 -.27018567E+04  -.21866575E+05
 -.27890133E+04  -.22668413E+05
 -.28761700E+04  -.23595505E+05
 -.29633267E+04  -.24769033E+05
 -.30504833E+04  -.45881915E+05
 -.31376400E+04  -.46365356E+05
 -.32247967E+04  -.46849129E+05
 -.33119533E+04  -.47333983E+05
 -.33991100E+04  -.47820619E+05
 -.34862667E+04  -.48309715E+05
 -.35734233E+04  -.48801935E+05
 -.36605800E+04  -.49297953E+05
 -.37477367E+04  -.49798460E+05
 -.38348933E+04  -.50304180E+05
 -.39220500E+04  -.50815886E+05
 -.40092067E+04  -.51334415E+05
 -.40963633E+04  -.51860690E+05
 -.41835200E+04  -.52395742E+05
 -.42706767E+04  -.52940739E+05
 -.43578333E+04  -.53497025E+05
 -.44449900E+04  -.54066171E+05
 -.45321467E+04  -.54650038E+05
 -.46193033E+04  -.55250874E+05
 -.47064600E+04  -.55871441E+05
 -.47936167E+04  -.56515212E+05
 -.48807733E+04  -.57186659E+05
 -.49679300E+04  -.57891726E+05
 -.50550867E+04  -.58638611E+05
 -.51422433E+04  -.59439183E+05
 -.52294000E+04  -.60311793E+05
 -.53165567E+04  -.61287588E+05
 -.54037133E+04  -.62427884E+05
 -.54908700E+04  -.63892420E+05
 -.55780267E+04  -.67002681E+05
 -.56651833E+04  -.79588813E+05
 -.57523400E+04  -.80556097E+05
 -.58394967E+04  -.81420372E+05
 -.59266533E+04  -.82219955E+05
 -.60138100E+04  -.82975693E+05
 -.61009667E+04  -.83700449E+05
 -.61881233E+04  -.84402876E+05
 -.62752800E+04  -.85089198E+05
 -.63624367E+04  -.85764142E+05
 -.64495933E+04  -.86431473E+05
 -.65367500E+04  -.87094332E+05
 -.66239067E+04  -.87755451E+05
 -.67110633E+04  -.88417306E+05
 -.67982200E+04  -.89082241E+05
 -.68853767E+04  -.89752553E+05
 -.69725333E+04  -.90430594E+05
 -.70596900E+04  -.91118846E+05
 -.71468467E+04  -.91820030E+05
 -.72340033E+04  -.92537218E+05
 -.73211600E+04  -.93273987E+05
 -.74083167E+04  -.94034628E+05
 -.74954733E+04  -.94824441E+05
 -.75826300E+04  -.95650182E+05
 -.76697867E+04  -.96520760E+05
 -.77569433E+04  -.97448389E+05
 -.78441000E+04  -.98450608E+05
 -.79312567E+04  -.99554099E+05
 -.80184133E+04  -.10080257E+06
 -.81055700E+04  -.10227495E+06
 -.81927267E+04  -.10413216E+06
 -.82798833E+04  -.10671114E+06
 -.83670400E+04  -.11001543E+06
 -.84541967E+04  -.11265890E+06
 -.85413533E+04  -.11453478E+06
 -.86285100E+04  -.11601029E+06
 -.87156667E+04  -.11726195E+06
 -.88028233E+04  -.11837432E+06
 -.88899800E+04  -.11939339E+06
 -.89771367E+04  -.12034689E+06
 -.90642933E+04  -.12125295E+06
 -.91514500E+04  -.12212418E+06
 -.92386067E+04  -.12296988E+06
 -.93257633E+04  -.12379719E+06
 -.94129200E+04  -.12461187E+06
 -.95000767E+04  -.12541878E+06
 -.95872333E+04  -.12622215E+06
 -.96743900E+04  -.12702589E+06
 -.97615467E+04  -.12783371E+06
 -.98487033E+04  -.12864930E+06
 -.99358600E+04  -.12947649E+06
 -.10023017E+05  -.13031939E+06
 -.10110173E+05  -.13118256E+06
 -.10197330E+05  -.13207122E+06
 -.10284487E+05  -.13299155E+06
 -.10371643E+05  -.13395099E+06
 -.10458800E+05  -.13495877E+06
 -.10545957E+05  -.13602647E+06
 -.10633113E+05  -.13716880E+06
 -.10720270E+05  -.13840434E+06
 -.10807427E+05  -.13975552E+06
 -.10894583E+05  -.14124562E+06
 -.10981740E+05  -.14288762E+06
 -.11068897E+05  -.14465946E+06
 -.11156053E+05  -.14648191E+06
 -.11243210E+05  -.14824623E+06
 -.11330367E+05  -.14987944E+06
 -.11417523E+05  -.15136516E+06
 -.11504680E+05  -.15271897E+06
 -.11591837E+05  -.15396486E+06
 -.11678993E+05  -.15512530E+06
 -.11766150E+05  -.15621875E+06
 -.11853307E+05  -.15725983E+06
 -.11940463E+05  -.15826011E+06
 -.12027620E+05  -.15922883E+06
 -.12114777E+05  -.16017355E+06
 -.12201933E+05  -.16110057E+06
 -.12289090E+05  -.16201530E+06
 -.12376247E+05  -.16292251E+06
 -.12463403E+05  -.16382653E+06
 -.12550560E+05  -.16473138E+06
 -.12637717E+05  -.16564095E+06
 -.12724873E+05  -.16655904E+06
 -.12812030E+05  -.16748951E+06
 -.12899187E+05  -.16843631E+06
 -.12986343E+05  -.16940352E+06
 -.13073500E+05  -.17039541E+06
 -.13160657E+05  -.17141640E+06
 -.13247813E+05  -.17247089E+06
 -.13334970E+05  -.17356308E+06
 -.13422127E+05  -.17469644E+06
 -.13509283E+05  -.17587296E+06
 -.13596440E+05  -.17709217E+06
 -.13683597E+05  -.17834998E+06
 -.13770753E+05  -.17963788E+06
 -.13857910E+05  -.18094320E+06
 -.13945067E+05  -.18225077E+06
 -.14032223E+05  -.18354563E+06
 -.14119380E+05  -.18481560E+06
 -.14206537E+05  -.18605271E+06
 -.14293693E+05  -.18725322E+06
 -.14380850E+05  -.18841675E+06
 -.14468007E+05  -.18954521E+06
 -.14555163E+05  -.19064181E+06
 -.14642320E+05  -.19171040E+06
 -.14729477E+05  -.19275505E+06
 -.14816633E+05  -.19377980E+06
 -.14903790E+05  -.19478856E+06
 -.14990947E+05  -.19578504E+06
 -.15078103E+05  -.19677281E+06
 -.15165260E+05  -.19775526E+06
 -.15252417E+05  -.19873566E+06
 -.15339573E+05  -.19971718E+06
 -.15426730E+05  -.20070295E+06
 -.15513887E+05  -.20169599E+06
 -.15601043E+05  -.20269931E+06
 -.15688200E+05  -.20371583E+06
 -.15775357E+05  -.20474832E+06
 -.15862513E+05  -.20579935E+06
 -.15949670E+05  -.20687110E+06
 -.16036827E+05  -.20796519E+06
 -.16123983E+05  -.20908238E+06
 -.16211140E+05  -.21022231E+06
 -.16298297E+05  -.21138321E+06
 -.16385453E+05  -.21256174E+06
 -.16472610E+05  -.21375310E+06
 -.16559767E+05  -.21495137E+06
 -.16646923E+05  -.21615018E+06
 -.16734080E+05  -.21734339E+06
 -.16821237E+05  -.21852585E+06
 -.16908393E+05  -.21969375E+06
 -.16995550E+05  -.22084479E+06
 -.17082707E+05  -.22197808E+06
 -.17169863E+05  -.22309389E+06
 -.17257020E+05  -.22419338E+06
 -.17344177E+05  -.22527830E+06
 -.17431333E+05  -.22635082E+06
 -.17518490E+05  -.22741335E+06
 -.17605647E+05  -.22846844E+06
 -.17692803E+05  -.22951867E+06
 -.17779960E+05  -.23056665E+06
 -.17867117E+05  -.23161497E+06
 -.17954273E+05  -.23266617E+06
 -.18041430E+05  -.23372271E+06
 -.18128587E+05  -.23478695E+06
 -.18215743E+05  -.23586108E+06
 -.18302900E+05  -.23694706E+06
 -.18390057E+05  -.23804652E+06
 -.18477213E+05  -.23916065E+06
 -.18564370E+05  -.24028999E+06
 -.18651527E+05  -.24143438E+06
 -.18738683E+05  -.24259271E+06
 -.18825840E+05  -.24376297E+06
 -.18912997E+05  -.24494217E+06
 -.19000153E+05  -.24612660E+06
 -.19087310E+05  -.24731206E+06
 -.19174467E+05  -.24849427E+06
 -.19261623E+05  -.24966927E+06
 -.19348780E+05  -.25083372E+06
 -.19435937E+05  -.25198511E+06
 -.19523093E+05  -.25312185E+06
 -.19610250E+05  -.25424317E+06
 -.19697407E+05  -.25534908E+06
 -.19784563E+05  -.25644017E+06
 -.19871720E+05  -.25751747E+06
 -.19958877E+05  -.25858235E+06
 -.20046033E+05  -.25963637E+06
 -.20133190E+05  -.26068126E+06
 -.20220347E+05  -.26171879E+06
 -.20307503E+05  -.26275081E+06
 -.20394660E+05  -.26377915E+06
 -.20481817E+05  -.26480564E+06
 -.20568973E+05  -.26583206E+06
 -.20656130E+05  -.26686018E+06
 -.20743287E+05  -.26789168E+06
 -.20830443E+05  -.26892813E+06
 -.20917600E+05  -.26997099E+06
 -.21004757E+05  -.27102153E+06
 -.21091913E+05  -.27208078E+06
 -.21179070E+05  -.27314944E+06
 -.21266227E+05  -.27422786E+06
 -.21353383E+05  -.27531589E+06
 -.21440540E+05  -.27641288E+06
 -.21527697E+05  -.27751761E+06
 -.21614853E+05  -.27862833E+06
 -.21702010E+05  -.27974281E+06
 -.21789167E+05  -.28085844E+06
 -.21876323E+05  -.28197245E+06
 -.21963480E+05  -.28308208E+06
 -.22050637E+05  -.28418475E+06
 -.22137793E+05  -.28527825E+06
 -.22224950E+05  -.28636080E+06
 -.22312107E+05  -.28743117E+06
 -.22399263E+05  -.28848860E+06
 -.22486420E+05  -.28953282E+06
 -.22573577E+05  -.29056397E+06
 -.22660733E+05  -.29158253E+06
 -.22747890E+05  -.29258927E+06
 -.22835047E+05  -.29358515E+06
 -.22922203E+05  -.29457133E+06
 -.23009360E+05  -.29554905E+06
 -.23096517E+05  -.29651964E+06
 -.23183673E+05  -.29748452E+06
 -.23270830E+05  -.29844509E+06
 -.23357987E+05  -.29940281E+06
 -.23445143E+05  -.30035912E+06
 -.23532300E+05  -.30131545E+06
 -.23619457E+05  -.30227318E+06
 -.23706613E+05  -.30323367E+06
 -.23793770E+05  -.30419816E+06
 -.23880927E+05  -.30516782E+06
 -.23968083E+05  -.30614367E+06
 -.24055240E+05  -.30712653E+06
 -.24142397E+05  -.30811702E+06
 -.24229553E+05  -.30911546E+06
 -.24316710E+05  -.31012184E+06
 -.24403867E+05  -.31113579E+06
 -.24491023E+05  -.31215654E+06
 -.24578180E+05  -.31318290E+06
 -.24665337E+05  -.31421332E+06
 -.24752493E+05  -.31524591E+06
 -.24839650E+05  -.31627858E+06
 -.24926807E+05  -.31730914E+06
 -.25013963E+05  -.31833541E+06
 -.25101120E+05  -.31935540E+06
 -.25188277E+05  -.32036737E+06
 -.25275433E+05  -.32136993E+06
 -.25362590E+05  -.32236207E+06
 -.25449747E+05  -.32334317E+06
 -.25536903E+05  -.32431295E+06
 -.25624060E+05  -.32527149E+06
 -.25711217E+05  -.32621911E+06
 -.25798373E+05  -.32715636E+06
 -.25885530E+05  -.32808395E+06
 -.25972687E+05  -.32900271E+06
 -.26059843E+05  -.32991355E+06
 -.26147000E+05  -.33081744E+06
Mv-Hv               
 0.00000000E+00  -.42171058E+03
 0.00000000E+00  -.42447069E+03
 0.00000000E+00  -.42721940E+03
 0.00000000E+00  -.42996033E+03
 0.00000000E+00  -.43269064E+03
 0.00000000E+00  -.43540709E+03
 0.00000000E+00  -.43810607E+03
 0.00000000E+00  -.44078348E+03
 0.00000000E+00  -.44343470E+03
 0.00000000E+00  -.44605446E+03
 0.00000000E+00  -.44863677E+03
 0.00000000E+00  -.45117478E+03
 0.00000000E+00  -.45366058E+03
 0.00000000E+00  -.45608505E+03
 0.00000000E+00  -.45843759E+03
 0.00000000E+00  -.46070580E+03
 0.00000000E+00  -.46287505E+03
 0.00000000E+00  -.46492798E+03
 0.00000000E+00  -.46684378E+03
 0.00000000E+00  -.46859720E+03
 0.00000000E+00  -.47015727E+03
 0.00000000E+00  -.47148543E+03
 0.00000000E+00  -.47253287E+03
 0.00000000E+00  -.47323649E+03
 0.00000000E+00  -.47351277E+03
 0.00000000E+00  -.47324783E+03
 0.00000000E+00  -.47228058E+03
 0.00000000E+00  -.47037239E+03
 0.00000000E+00  -.46714782E+03
 0.00000000E+00  -.46196576E+03
 0.00000000E+00  -.45358910E+03
 0.00000000E+00  -.43903533E+03
 0.00000000E+00  0.18625303E+03
 0.00000000E+00  0.25120564E+03
 0.00000000E+00  0.31980671E+03
 0.00000000E+00  0.39121876E+03
 0.00000000E+00  0.46459212E+03
 0.00000000E+00  0.53907428E+03
 0.00000000E+00  0.61380337E+03
 0.00000000E+00  0.68790298E+03
 0.00000000E+00  0.76048158E+03
 0.00000000E+00  0.83064008E+03
 0.00000000E+00  0.89749073E+03
 0.00000000E+00  0.96018756E+03
 0.00000000E+00  0.10179668E+04
 0.00000000E+00  0.10701937E+04
 0.00000000E+00  0.11164089E+04
 0.00000000E+00  0.11563699E+04
 0.00000000E+00  0.11900791E+04
 0.00000000E+00  0.12177979E+04
 0.00000000E+00  0.12400421E+04
 0.00000000E+00  0.12575597E+04
 0.00000000E+00  0.12712952E+04
 0.00000000E+00  0.12823416E+04
 0.00000000E+00  0.12918871E+04
 0.00000000E+00  0.13011612E+04
 0.00000000E+00  0.13113836E+04
 0.00000000E+00  0.13237215E+04
 0.00000000E+00  0.13392555E+04
 0.00000000E+00  0.13589566E+04
 0.00000000E+00  0.13836715E+04
 0.00000000E+00  0.14141163E+04
 0.00000000E+00  0.14508750E+04
 0.00000000E+00  0.14944017E+04
 0.00000000E+00  0.15450239E+04
 0.00000000E+00  0.16029460E+04
 0.00000000E+00  0.16682508E+04
 0.00000000E+00  0.17409004E+04
 0.00000000E+00  0.18207345E+04
 0.00000000E+00  0.19074693E+04
 0.00000000E+00  0.20006950E+04
 0.00000000E+00  0.20998765E+04
 0.00000000E+00  0.22043558E+04
 0.00000000E+00  0.23133598E+04
 0.00000000E+00  0.24260124E+04
 0.00000000E+00  0.25413531E+04
 0.00000000E+00  0.26583597E+04
 0.00000000E+00  0.27759753E+04
 0.00000000E+00  0.28931368E+04
 0.00000000E+00  0.30088023E+04
 0.00000000E+00  0.31219764E+04
 0.00000000E+00  0.32317296E+04
 0.00000000E+00  0.33372129E+04
 0.00000000E+00  0.34376646E+04
 0.00000000E+00  0.35324130E+04
 0.00000000E+00  0.36208719E+04
 0.00000000E+00  0.37025339E+04
 0.00000000E+00  0.37769598E+04
 0.00000000E+00  0.38437668E+04
 0.00000000E+00  0.39026155E+04
 0.00000000E+00  0.39531974E+04
 0.00000000E+00  0.39952227E+04
 0.00000000E+00  0.40284085E+04
 0.00000000E+00  0.40524683E+04
 0.00000000E+00  0.40671020E+04
 0.00000000E+00  0.40719881E+04
 0.00000000E+00  0.40667754E+04
 0.00000000E+00  0.40510766E+04
 0.00000000E+00  0.40244637E+04
 0.00000000E+00  0.39864633E+04
 0.00000000E+00  0.39365552E+04
 0.00000000E+00  0.38741721E+04
 0.00000000E+00  0.37987032E+04
 0.00000000E+00  0.37095002E+04
 0.00000000E+00  0.36058892E+04
 0.00000000E+00  0.34871876E+04
 0.00000000E+00  0.33527273E+04
 0.00000000E+00  0.32018843E+04
 0.00000000E+00  0.30341154E+04
 0.00000000E+00  0.28489979E+04
 0.00000000E+00  0.26462674E+04
 0.00000000E+00  0.24258496E+04
 0.00000000E+00  0.21878715E+04
 0.00000000E+00  0.19326444E+04
 0.00000000E+00  0.16606051E+04
 0.00000000E+00  0.13722085E+04
 0.00000000E+00  0.10677680E+04
 0.00000000E+00  0.74724793E+03
 0.00000000E+00  0.41002937E+03
 0.00000000E+00  0.54680583E+02
 0.00000000E+00  -.32120010E+03
 0.00000000E+00  -.72082425E+03
 0.00000000E+00  -.11472222E+04
 0.00000000E+00  -.16003928E+04
 0.00000000E+00  -.20718132E+04
 0.00000000E+00  -.25392737E+04
 0.00000000E+00  -.29711362E+04
 0.00000000E+00  -.33413271E+04
 0.00000000E+00  -.36392513E+04
 0.00000000E+00  -.38667873E+04
 0.00000000E+00  -.40311613E+04
 0.00000000E+00  -.41404102E+04
 0.00000000E+00  -.42016086E+04
 0.00000000E+00  -.42204877E+04
 0.00000000E+00  -.42015648E+04
 0.00000000E+00  -.41484101E+04
 0.00000000E+00  -.40639221E+04
 0.00000000E+00  -.39505827E+04
 0.00000000E+00  -.38106867E+04
 0.00000000E+00  -.36465505E+04
 0.00000000E+00  -.34606823E+04
 0.00000000E+00  -.32559548E+04
 0.00000000E+00  -.30356930E+04
 0.00000000E+00  -.28037094E+04
 0.00000000E+00  -.25642692E+04
 0.00000000E+00  -.23219895E+04
 0.00000000E+00  -.20816979E+04
 0.00000000E+00  -.18482887E+04
 0.00000000E+00  -.16266027E+04
 0.00000000E+00  -.14213069E+04
 0.00000000E+00  -.12367574E+04
 0.00000000E+00  -.10767166E+04
 0.00000000E+00  -.94382739E+03
 0.00000000E+00  -.83888129E+03
 0.00000000E+00  -.76022218E+03
 0.00000000E+00  -.70380948E+03
 0.00000000E+00  -.66412231E+03
 0.00000000E+00  -.63543042E+03
 0.00000000E+00  -.61276365E+03
 0.00000000E+00  -.59231099E+03
 0.00000000E+00  -.57139045E+03
 0.00000000E+00  -.54823171E+03
 0.00000000E+00  -.52173363E+03
 0.00000000E+00  -.49126186E+03
 0.00000000E+00  -.45649927E+03
 0.00000000E+00  -.41734152E+03
 0.00000000E+00  -.37382520E+03
 0.00000000E+00  -.32608308E+03
 0.00000000E+00  -.27430894E+03
 0.00000000E+00  -.21873391E+03
 0.00000000E+00  -.15961011E+03
 0.00000000E+00  -.97198348E+02
 0.00000000E+00  -.31758526E+02
 0.00000000E+00  0.36458181E+02
 0.00000000E+00  0.10721655E+03
 0.00000000E+00  0.18030375E+03
 0.00000000E+00  0.25553580E+03
 0.00000000E+00  0.33276479E+03
 0.00000000E+00  0.41188760E+03
 0.00000000E+00  0.49285670E+03
 0.00000000E+00  0.57569498E+03
 0.00000000E+00  0.66051693E+03
 0.00000000E+00  0.74756035E+03
 0.00000000E+00  0.83723595E+03
 0.00000000E+00  0.93020814E+03
 0.00000000E+00  0.10275326E+04
 0.00000000E+00  0.11308997E+04
 0.00000000E+00  0.12430716E+04
 0.00000000E+00  0.13685988E+04
 0.00000000E+00  0.15139896E+04
 0.00000000E+00  0.16800271E+04
 0.00000000E+00  0.18369764E+04
 0.00000000E+00  0.19535766E+04
 0.00000000E+00  0.20362302E+04
 0.00000000E+00  0.20977585E+04
 0.00000000E+00  0.21459378E+04
 0.00000000E+00  0.21851344E+04
 0.00000000E+00  0.22179222E+04
 0.00000000E+00  0.22459153E+04
 0.00000000E+00  0.22701823E+04
 0.00000000E+00  0.22914620E+04
 0.00000000E+00  0.23102839E+04
 0.00000000E+00  0.23270383E+04
 0.00000000E+00  0.23420196E+04
 0.00000000E+00  0.23554540E+04
 0.00000000E+00  0.23675174E+04
 0.00000000E+00  0.23783485E+04
 0.00000000E+00  0.23880565E+04
 0.00000000E+00  0.23967278E+04
 0.00000000E+00  0.24044302E+04
 0.00000000E+00  0.24112158E+04
 0.00000000E+00  0.24171236E+04
 0.00000000E+00  0.24221808E+04
 0.00000000E+00  0.24264033E+04
 0.00000000E+00  0.24297968E+04
 0.00000000E+00  0.24323568E+04
 0.00000000E+00  0.24340681E+04
 0.00000000E+00  0.24349033E+04
 0.00000000E+00  0.24348230E+04
 0.00000000E+00  0.24337720E+04
 0.00000000E+00  0.24316786E+04
 0.00000000E+00  0.24284505E+04
 0.00000000E+00  0.24239726E+04
 0.00000000E+00  0.24181101E+04
 0.00000000E+00  0.24107371E+04
 0.00000000E+00  0.24019130E+04
 0.00000000E+00  0.23935168E+04
 0.00000000E+00  0.29031154E+04
 0.00000000E+00  0.29625212E+04
 0.00000000E+00  0.30070987E+04
 0.00000000E+00  0.30428890E+04
 0.00000000E+00  0.30727132E+04
 0.00000000E+00  0.30981636E+04
 0.00000000E+00  0.31202435E+04
 0.00000000E+00  0.31396323E+04
 0.00000000E+00  0.31568149E+04
 0.00000000E+00  0.31721518E+04
 0.00000000E+00  0.31859190E+04
 0.00000000E+00  0.31983336E+04
 0.00000000E+00  0.32095697E+04
 0.00000000E+00  0.32197694E+04
 0.00000000E+00  0.32290504E+04
 0.00000000E+00  0.32375111E+04
 0.00000000E+00  0.32452350E+04
 0.00000000E+00  0.32522933E+04
 0.00000000E+00  0.32587472E+04
 0.00000000E+00  0.32646495E+04
 0.00000000E+00  0.32700457E+04
 0.00000000E+00  0.32749754E+04
 0.00000000E+00  0.32794724E+04
 0.00000000E+00  0.32835658E+04
 0.00000000E+00  0.32872800E+04
 0.00000000E+00  0.32906348E+04
 0.00000000E+00  0.32936459E+04
 0.00000000E+00  0.32963238E+04
 0.00000000E+00  0.32986745E+04
 0.00000000E+00  0.33006980E+04
 0.00000000E+00  0.33023880E+04
 0.00000000E+00  0.33037300E+04
 0.00000000E+00  0.33046995E+04
 0.00000000E+00  0.33052585E+04
 0.00000000E+00  0.33053505E+04
 0.00000000E+00  0.33048933E+04
 0.00000000E+00  0.33037656E+04
 0.00000000E+00  0.33017850E+04
 0.00000000E+00  0.32986643E+04
 0.00000000E+00  0.32939224E+04
 0.00000000E+00  0.32866349E+04
 0.00000000E+00  0.32746264E+04
 0.00000000E+00  0.32482860E+04
 0.00000000E+00  0.37813424E+04
 0.00000000E+00  0.37922743E+04
 0.00000000E+00  0.38024735E+04
 0.00000000E+00  0.38120342E+04
 0.00000000E+00  0.38210357E+04
 0.00000000E+00  0.38295461E+04
 0.00000000E+00  0.38376249E+04
 0.00000000E+00  0.38453243E+04
 0.00000000E+00  0.38526905E+04
 0.00000000E+00  0.38597645E+04
 0.00000000E+00  0.38665829E+04
 0.00000000E+00  0.38731783E+04
 0.00000000E+00  0.38795794E+04
 0.00000000E+00  0.38858114E+04
 0.00000000E+00  0.38918957E+04
 0.00000000E+00  0.38978498E+04
 0.00000000E+00  0.39036868E+04
 0.00000000E+00  0.39094145E+04
 0.00000000E+00  0.39150349E+04
 0.00000000E+00  0.39205419E+04
 0.00000000E+00  0.39259198E+04
 0.00000000E+00  0.39311397E+04
 0.00000000E+00  0.39361559E+04
 0.00000000E+00  0.39409001E+04
 0.00000000E+00  0.39452749E+04
 0.00000000E+00  0.39491422E+04
 0.00000000E+00  0.39523158E+04
 0.00000000E+00  0.39545476E+04
 0.00000000E+00  0.39555209E+04
 0.00000000E+00  0.39548535E+04
 0.00000000E+00  0.39521194E+04
 0.00000000E+00  0.39468937E+04
 0.00000000E+00  0.39388128E+04
 0.00000000E+00  0.39276190E+04
 0.00000000E+00  0.39131536E+04
 0.00000000E+00  0.38952998E+04
 0.00000000E+00  0.38738743E+04
 0.00000000E+00  0.38484695E+04
 0.00000000E+00  0.38181746E+04
 0.00000000E+00  0.37808061E+04
 0.00000000E+00  0.37288722E+04
 0.00000000E+00  0.42200221E+04
 0.00000000E+00  0.42009038E+04
 0.00000000E+00  0.41813975E+04
 0.00000000E+00  0.41615061E+04
 0.00000000E+00  0.41412247E+04
 0.00000000E+00  0.41205388E+04
 0.00000000E+00  0.40994250E+04
 0.00000000E+00  0.40778516E+04
 0.00000000E+00  0.40557780E+04
 0.00000000E+00  0.40331551E+04
 0.00000000E+00  0.40099237E+04
 0.00000000E+00  0.39860131E+04
 0.00000000E+00  0.39613392E+04
 0.00000000E+00  0.39358014E+04
 0.00000000E+00  0.39092780E+04
 0.00000000E+00  0.38816201E+04
 0.00000000E+00  0.38526423E+04
 0.00000000E+00  0.38221075E+04
 0.00000000E+00  0.37897033E+04
 0.00000000E+00  0.37549997E+04
 0.00000000E+00  0.37173711E+04
 0.00000000E+00  0.36758126E+04
 0.00000000E+00  0.36284822E+04
 0.00000000E+00  0.35708922E+04
 0.00000000E+00  0.43670079E+04
 0.00000000E+00  0.43527239E+04
 0.00000000E+00  0.43375994E+04
 0.00000000E+00  0.43216415E+04
 0.00000000E+00  0.43048479E+04
 0.00000000E+00  0.42872077E+04
 0.00000000E+00  0.42687025E+04
 0.00000000E+00  0.42493059E+04
 0.00000000E+00  0.42289840E+04
 0.00000000E+00  0.42076952E+04
 0.00000000E+00  0.41853891E+04
 0.00000000E+00  0.41620062E+04
 0.00000000E+00  0.41374771E+04
 0.00000000E+00  0.41117205E+04
 0.00000000E+00  0.40846415E+04
 0.00000000E+00  0.40561291E+04
 0.00000000E+00  0.40260528E+04
 0.00000000E+00  0.39942587E+04
 0.00000000E+00  0.39605632E+04
 0.00000000E+00  0.39247446E+04
 0.00000000E+00  0.38865322E+04
 0.00000000E+00  0.38455886E+04
 0.00000000E+00  0.38014845E+04
 0.00000000E+00  0.37536566E+04
 0.00000000E+00  0.37013376E+04
 0.00000000E+00  0.36434267E+04
 0.00000000E+00  0.35782176E+04
 0.00000000E+00  0.35027191E+04
 0.00000000E+00  0.34102811E+04
 0.00000000E+00  0.32621213E+04
 0.00000000E+00  0.40920613E+04
 0.00000000E+00  0.41471358E+04
 0.00000000E+00  0.41851585E+04
 0.00000000E+00  0.42113815E+04
 0.00000000E+00  0.42286960E+04
 0.00000000E+00  0.42388760E+04
 0.00000000E+00  0.42430844E+04
 0.00000000E+00  0.42421162E+04
 0.00000000E+00  0.42365276E+04
 0.00000000E+00  0.42267104E+04
 0.00000000E+00  0.42129367E+04
 0.00000000E+00  0.41953873E+04
 0.00000000E+00  0.41741699E+04
 0.00000000E+00  0.41493302E+04
 0.00000000E+00  0.41208582E+04
 0.00000000E+00  0.40886928E+04
 0.00000000E+00  0.40527212E+04
 0.00000000E+00  0.40127763E+04
 0.00000000E+00  0.39686323E+04
 0.00000000E+00  0.39199961E+04
 0.00000000E+00  0.38664944E+04
 0.00000000E+00  0.38076572E+04
 0.00000000E+00  0.37428916E+04
 0.00000000E+00  0.36714485E+04
 0.00000000E+00  0.35923736E+04
 0.00000000E+00  0.35044448E+04
 0.00000000E+00  0.34061025E+04
 0.00000000E+00  0.32954389E+04
 0.00000000E+00  0.31706206E+04
 0.00000000E+00  0.30330350E+04
 0.00000000E+00  0.29094134E+04
 0.00000000E+00  0.29251078E+04
 0.00000000E+00  0.30886160E+04
 0.00000000E+00  0.32604149E+04
 0.00000000E+00  0.34086210E+04
 0.00000000E+00  0.35333219E+04
 0.00000000E+00  0.36381798E+04
 0.00000000E+00  0.37265563E+04
 0.00000000E+00  0.38011040E+04
 0.00000000E+00  0.38638651E+04
 0.00000000E+00  0.39164144E+04
 0.00000000E+00  0.39599745E+04
 0.00000000E+00  0.39955021E+04
 0.00000000E+00  0.40237485E+04
 0.00000000E+00  0.40453034E+04
 0.00000000E+00  0.40606271E+04
 0.00000000E+00  0.40700727E+04
 0.00000000E+00  0.40739035E+04
 0.00000000E+00  0.40723047E+04
 0.00000000E+00  0.40653923E+04
 0.00000000E+00  0.40532200E+04
 0.00000000E+00  0.40357842E+04
 0.00000000E+00  0.40130300E+04
 0.00000000E+00  0.39848587E+04
 0.00000000E+00  0.39511429E+04
 0.00000000E+00  0.39117552E+04
 0.00000000E+00  0.38666295E+04
 0.00000000E+00  0.38158879E+04
 0.00000000E+00  0.37601062E+04
 0.00000000E+00  0.37008561E+04
 0.00000000E+00  0.36417334E+04
 0.00000000E+00  0.35898740E+04
 0.00000000E+00  0.35565785E+04
 0.00000000E+00  0.35532340E+04
 0.00000000E+00  0.35827384E+04
 0.00000000E+00  0.36373548E+04
 0.00000000E+00  0.37057517E+04
 0.00000000E+00  0.37788027E+04
 0.00000000E+00  0.38506891E+04
 0.00000000E+00  0.39180662E+04
 0.00000000E+00  0.39791189E+04
 0.00000000E+00  0.40329148E+04
 0.00000000E+00  0.40790151E+04
 0.00000000E+00  0.41172480E+04
 0.00000000E+00  0.41475776E+04
 0.00000000E+00  0.41700273E+04
 0.00000000E+00  0.41846339E+04
 0.00000000E+00  0.41914208E+04
 0.00000000E+00  0.41903808E+04
 0.00000000E+00  0.41814662E+04
 0.00000000E+00  0.41645827E+04
 0.00000000E+00  0.41395877E+04
 0.00000000E+00  0.41062904E+04
 0.00000000E+00  0.40644580E+04
 0.00000000E+00  0.40138281E+04
 0.00000000E+00  0.39541323E+04
 0.00000000E+00  0.38851370E+04
 0.00000000E+00  0.38067112E+04
 0.00000000E+00  0.37189324E+04
 0.00000000E+00  0.36222419E+04
 0.00000000E+00  0.35176521E+04
 0.00000000E+00  0.34069782E+04
 0.00000000E+00  0.32930154E+04
 0.00000000E+00  0.31795203E+04
 0.00000000E+00  0.30708533E+04
 0.00000000E+00  0.29712785E+04
 0.00000000E+00  0.28841586E+04
 0.00000000E+00  0.28114040E+04
 0.00000000E+00  0.27533800E+04
 0.00000000E+00  0.27091955E+04
 0.00000000E+00  0.26771461E+04
 0.00000000E+00  0.26551228E+04
 0.00000000E+00  0.26409050E+04
 0.00000000E+00  0.26323372E+04
 0.00000000E+00  0.26274181E+04
 0.00000000E+00  0.26243338E+04
 0.00000000E+00  0.26214612E+04
 0.00000000E+00  0.26173543E+04
 0.00000000E+00  0.26107245E+04
 0.00000000E+00  0.26004202E+04
 0.00000000E+00  0.25854073E+04
 0.00000000E+00  0.25647534E+04
 0.00000000E+00  0.25376169E+04
 0.00000000E+00  0.25032424E+04
 0.00000000E+00  0.24609644E+04
 0.00000000E+00  0.24102203E+04
 0.00000000E+00  0.23505776E+04
 0.00000000E+00  0.22817759E+04
 0.00000000E+00  0.22037871E+04
 0.00000000E+00  0.21168930E+04
 0.00000000E+00  0.20217734E+04
 0.00000000E+00  0.19195906E+04
 0.00000000E+00  0.18120415E+04
 0.00000000E+00  0.17013431E+04
 0.00000000E+00  0.15901177E+04
 0.00000000E+00  0.14811713E+04
 0.00000000E+00  0.13772002E+04
 0.00000000E+00  0.12804967E+04
 0.00000000E+00  0.11927328E+04
 0.00000000E+00  0.11148683E+04
 0.00000000E+00  0.10471782E+04
 0.00000000E+00  0.98936413E+03
 0.00000000E+00  0.94069873E+03
 0.00000000E+00  0.90016773E+03
 0.00000000E+00  0.86658880E+03
 0.00000000E+00  0.83870135E+03
 0.00000000E+00  0.81522997E+03
 0.00000000E+00  0.79492696E+03
 0.00000000E+00  0.77660059E+03
 0.00000000E+00  0.75913476E+03
 0.00000000E+00  0.74150418E+03
 0.00000000E+00  0.72278900E+03
 0.00000000E+00  0.70219055E+03
 0.00000000E+00  0.67905219E+03
 0.00000000E+00  0.65288485E+03
 0.00000000E+00  0.62339900E+03
 0.00000000E+00  0.59054242E+03
 0.00000000E+00  0.55454075E+03
 0.00000000E+00  0.51593605E+03
 0.00000000E+00  0.47561337E+03
 0.00000000E+00  0.43480296E+03
 0.00000000E+00  0.39504448E+03
 0.00000000E+00  0.35810304E+03
 0.00000000E+00  0.32583801E+03
 0.00000000E+00  0.30003995E+03
 0.00000000E+00  0.28226456E+03
 0.00000000E+00  0.27369744E+03
 0.00000000E+00  0.27507417E+03
 0.00000000E+00  0.28666369E+03
 0.00000000E+00  0.30830541E+03
 0.00000000E+00  0.33948113E+03
 0.00000000E+00  0.37940007E+03
 0.00000000E+00  0.42708202E+03
 0.00000000E+00  0.48142888E+03
 0.00000000E+00  0.54128177E+03
 0.00000000E+00  0.60546380E+03
 0.00000000E+00  0.67281141E+03
 0.00000000E+00  0.74219618E+03
 0.00000000E+00  0.81254124E+03
 0.00000000E+00  0.88283330E+03
 0.00000000E+00  0.95213276E+03
 0.00000000E+00  0.10195831E+04
 0.00000000E+00  0.10844198E+04
 0.00000000E+00  0.11459829E+04
 0.00000000E+00  0.12037274E+04
 0.00000000E+00  0.12572382E+04
 0.00000000E+00  0.13062462E+04
 0.00000000E+00  0.13506454E+04
 0.00000000E+00  0.13905096E+04
 0.00000000E+00  0.14261063E+04
 0.00000000E+00  0.14579041E+04
 0.00000000E+00  0.14865683E+04
 0.00000000E+00  0.15129412E+04
 0.00000000E+00  0.15380023E+04
 0.00000000E+00  0.15628096E+04
 0.00000000E+00  0.15884254E+04
 0.00000000E+00  0.16158350E+04
 0.00000000E+00  0.16458708E+04
 0.00000000E+00  0.16791527E+04
 0.00000000E+00  0.17160527E+04
 0.00000000E+00  0.17566860E+04
 0.00000000E+00  0.18009261E+04
 0.00000000E+00  0.18484370E+04
 0.00000000E+00  0.18987145E+04
 0.00000000E+00  0.19511302E+04
 0.00000000E+00  0.20049726E+04
 0.00000000E+00  0.20594836E+04
 0.00000000E+00  0.21138858E+04
 0.00000000E+00  0.21674060E+04
 0.00000000E+00  0.22192897E+04
 0.00000000E+00  0.22688121E+04
 0.00000000E+00  0.23152850E+04
 0.00000000E+00  0.23580595E+04
 0.00000000E+00  0.23965289E+04
 0.00000000E+00  0.24301286E+04
 0.00000000E+00  0.24583379E+04
 0.00000000E+00  0.24806807E+04
 0.00000000E+00  0.24967276E+04
 0.00000000E+00  0.25061004E+04
 0.00000000E+00  0.25084788E+04
 0.00000000E+00  0.25036079E+04
 0.00000000E+00  0.24913108E+04
 0.00000000E+00  0.24715013E+04
 0.00000000E+00  0.24441986E+04
 0.00000000E+00  0.24095422E+04
 0.00000000E+00  0.23678038E+04
 0.00000000E+00  0.23193939E+04
 0.00000000E+00  0.22648608E+04
 0.00000000E+00  0.22048772E+04
 0.00000000E+00  0.21402151E+04
 0.00000000E+00  0.20717094E+04
 0.00000000E+00  0.20002114E+04
 0.00000000E+00  0.19265416E+04
 0.00000000E+00  0.18514432E+04
 0.00000000E+00  0.17755462E+04
 0.00000000E+00  0.16993423E+04
 0.00000000E+00  0.16231748E+04
 0.00000000E+00  0.15472396E+04
 0.00000000E+00  0.14715971E+04
 0.00000000E+00  0.13961890E+04
 0.00000000E+00  0.13208599E+04
 0.00000000E+00  0.12453789E+04
 0.00000000E+00  0.11694600E+04
 0.00000000E+00  0.10927819E+04
 0.00000000E+00  0.10150045E+04
 0.00000000E+00  0.93578392E+03
Mw-Hw               
 0.29885900E+06  0.39542948E+06
 0.29786280E+06  0.39422645E+06
 0.29686661E+06  0.39302239E+06
 0.29587041E+06  0.39181732E+06
 0.29487421E+06  0.39061123E+06
 0.29387802E+06  0.38940412E+06
 0.29288182E+06  0.38819601E+06
 0.29188562E+06  0.38698689E+06
 0.29088943E+06  0.38577677E+06
 0.28989323E+06  0.38456566E+06
 0.28889703E+06  0.38335355E+06
 0.28790084E+06  0.38214045E+06
 0.28690464E+06  0.38092636E+06
 0.28590844E+06  0.37971129E+06
 0.28491225E+06  0.37849525E+06
 0.28391605E+06  0.37727823E+06
 0.28291985E+06  0.37606024E+06
 0.28192366E+06  0.37484128E+06
 0.28092746E+06  0.37362136E+06
 0.27993126E+06  0.37240048E+06
 0.27893507E+06  0.37117864E+06
 0.27793887E+06  0.36995586E+06
 0.27694267E+06  0.36873212E+06
 0.27594648E+06  0.36750744E+06
 0.27495028E+06  0.36628181E+06
 0.27395408E+06  0.36505525E+06
 0.27295789E+06  0.36382774E+06
 0.27196169E+06  0.36259929E+06
 0.27096549E+06  0.36136989E+06
 0.26996930E+06  0.36013952E+06
 0.26897310E+06  0.35890811E+06
 0.26797690E+06  0.35767547E+06
 0.26698071E+06  0.33555821E+06
 0.26598451E+06  0.33431735E+06
 0.26498831E+06  0.33307635E+06
 0.26399212E+06  0.33183521E+06
 0.26299592E+06  0.33059393E+06
 0.26199972E+06  0.32935250E+06
 0.26100353E+06  0.32811092E+06
 0.26000733E+06  0.32686917E+06
 0.25901113E+06  0.32562726E+06
 0.25801494E+06  0.32438518E+06
 0.25701874E+06  0.32314295E+06
 0.25602254E+06  0.32190057E+06
 0.25502635E+06  0.32065806E+06
 0.25403015E+06  0.31941542E+06
 0.25303395E+06  0.31817268E+06
 0.25203776E+06  0.31692986E+06
 0.25104156E+06  0.31568697E+06
 0.25004536E+06  0.31444403E+06
 0.24904917E+06  0.31320106E+06
 0.24805297E+06  0.31195807E+06
 0.24705677E+06  0.31071508E+06
 0.24606058E+06  0.30947209E+06
 0.24506438E+06  0.30822912E+06
 0.24406818E+06  0.30698617E+06
 0.24307199E+06  0.30574326E+06
 0.24207579E+06  0.30450039E+06
 0.24107959E+06  0.30325756E+06
 0.24008340E+06  0.30201478E+06
 0.23908720E+06  0.30077205E+06
 0.23809100E+06  0.29952935E+06
 0.23709481E+06  0.29828670E+06
 0.23609861E+06  0.29704409E+06
 0.23510241E+06  0.29580151E+06
 0.23410622E+06  0.29455895E+06
 0.23311002E+06  0.29331641E+06
 0.23211382E+06  0.29207388E+06
 0.23111763E+06  0.29083136E+06
 0.23012143E+06  0.28958882E+06
 0.22912523E+06  0.28834628E+06
 0.22812904E+06  0.28710373E+06
 0.22713284E+06  0.28586115E+06
 0.22613664E+06  0.28461855E+06
 0.22514045E+06  0.28337593E+06
 0.22414425E+06  0.28213329E+06
 0.22314805E+06  0.28089063E+06
 0.22215186E+06  0.27964795E+06
 0.22115566E+06  0.27840527E+06
 0.22015946E+06  0.27716258E+06
 0.21916327E+06  0.27591990E+06
 0.21816707E+06  0.27467722E+06
 0.21717087E+06  0.27343455E+06
 0.21617468E+06  0.27219191E+06
 0.21517848E+06  0.27094929E+06
 0.21418228E+06  0.26970669E+06
 0.21318609E+06  0.26846413E+06
 0.21218989E+06  0.26722159E+06
 0.21119369E+06  0.26597909E+06
 0.21019750E+06  0.26473662E+06
 0.20920130E+06  0.26349418E+06
 0.20820510E+06  0.26225177E+06
 0.20720891E+06  0.26100938E+06
 0.20621271E+06  0.25976702E+06
 0.20521651E+06  0.25852468E+06
 0.20422032E+06  0.25728236E+06
 0.20322412E+06  0.25604005E+06
 0.20222792E+06  0.25479774E+06
 0.20123173E+06  0.25355544E+06
 0.20023553E+06  0.25231313E+06
 0.19923933E+06  0.25107080E+06
 0.19824314E+06  0.24982846E+06
 0.19724694E+06  0.24858609E+06
 0.19625074E+06  0.24734368E+06
 0.19525455E+06  0.24610122E+06
 0.19425835E+06  0.24485870E+06
 0.19326215E+06  0.24361611E+06
 0.19226596E+06  0.24237344E+06
 0.19126976E+06  0.24113067E+06
 0.19027356E+06  0.23988779E+06
 0.18927737E+06  0.23864478E+06
 0.18828117E+06  0.23740162E+06
 0.18728497E+06  0.23615830E+06
 0.18628878E+06  0.23491480E+06
 0.18529258E+06  0.23367110E+06
 0.18429638E+06  0.23242717E+06
 0.18330019E+06  0.23118299E+06
 0.18230399E+06  0.22993851E+06
 0.18130779E+06  0.22869368E+06
 0.18031160E+06  0.22744842E+06
 0.17931540E+06  0.22620261E+06
 0.17831920E+06  0.22495609E+06
 0.17732301E+06  0.22370863E+06
 0.17632681E+06  0.22245998E+06
 0.17533061E+06  0.22120995E+06
 0.17433442E+06  0.21995857E+06
 0.17333822E+06  0.21870627E+06
 0.17234202E+06  0.21745365E+06
 0.17134583E+06  0.21620122E+06
 0.17034963E+06  0.21494923E+06
 0.16935343E+06  0.21369779E+06
 0.16835724E+06  0.21244690E+06
 0.16736104E+06  0.21119652E+06
 0.16636484E+06  0.20994659E+06
 0.16536865E+06  0.20869707E+06
 0.16437245E+06  0.20744789E+06
 0.16337625E+06  0.20619900E+06
 0.16238006E+06  0.20495037E+06
 0.16138386E+06  0.20370194E+06
 0.16038766E+06  0.20245366E+06
 0.15939147E+06  0.20120549E+06
 0.15839527E+06  0.19995739E+06
 0.15739907E+06  0.19870931E+06
 0.15640288E+06  0.19746121E+06
 0.15540668E+06  0.19621303E+06
 0.15441048E+06  0.19496474E+06
 0.15341429E+06  0.19371627E+06
 0.15241809E+06  0.19246758E+06
 0.15142189E+06  0.19121859E+06
 0.15042570E+06  0.18996924E+06
 0.14942950E+06  0.18871946E+06
 0.14843330E+06  0.18746916E+06
 0.14743711E+06  0.18621829E+06
 0.14644091E+06  0.18496684E+06
 0.14544471E+06  0.18371487E+06
 0.14444852E+06  0.18246251E+06
 0.14345232E+06  0.18120990E+06
 0.14245612E+06  0.17995720E+06
 0.14145993E+06  0.17870453E+06
 0.14046373E+06  0.17745197E+06
 0.13946753E+06  0.17619959E+06
 0.13847134E+06  0.17494739E+06
 0.13747514E+06  0.17369541E+06
 0.13647894E+06  0.17244362E+06
 0.13548275E+06  0.17119204E+06
 0.13448655E+06  0.16994065E+06
 0.13349035E+06  0.16868945E+06
 0.13249416E+06  0.16743842E+06
 0.13149796E+06  0.16618756E+06
 0.13050176E+06  0.16493685E+06
 0.12950557E+06  0.16368630E+06
 0.12850937E+06  0.16243590E+06
 0.12751317E+06  0.16118564E+06
 0.12651698E+06  0.15993552E+06
 0.12552078E+06  0.15868554E+06
 0.12452458E+06  0.15743569E+06
 0.12352839E+06  0.15618598E+06
 0.12253219E+06  0.15493640E+06
 0.12153599E+06  0.15368696E+06
 0.12053980E+06  0.15243766E+06
 0.11954360E+06  0.15118850E+06
 0.11854740E+06  0.14993948E+06
 0.11755121E+06  0.14869060E+06
 0.11655501E+06  0.14744186E+06
 0.11555881E+06  0.14619324E+06
 0.11456262E+06  0.14494473E+06
 0.11356642E+06  0.14369625E+06
 0.11257022E+06  0.14244767E+06
 0.11157403E+06  0.14119864E+06
 0.11057783E+06  0.13994828E+06
 0.10958163E+06  0.13869463E+06
 0.10858544E+06  0.13743649E+06
 0.10758924E+06  0.13617648E+06
 0.10659304E+06  0.13491686E+06
 0.10559685E+06  0.13365811E+06
 0.10460065E+06  0.13240018E+06
 0.10360445E+06  0.13114296E+06
 0.10260826E+06  0.12988633E+06
 0.10161206E+06  0.12863020E+06
 0.10061586E+06  0.12737452E+06
 0.99619667E+05  0.12611923E+06
 0.98623470E+05  0.12486429E+06
 0.97627273E+05  0.12360966E+06
 0.96631077E+05  0.12235532E+06
 0.95634880E+05  0.12110125E+06
 0.94638683E+05  0.11984744E+06
 0.93642487E+05  0.11859387E+06
 0.92646290E+05  0.11734054E+06
 0.91650093E+05  0.11608743E+06
 0.90653897E+05  0.11483454E+06
 0.89657700E+05  0.11358188E+06
 0.88661503E+05  0.11232945E+06
 0.87665307E+05  0.11107724E+06
 0.86669110E+05  0.10982527E+06
 0.85672913E+05  0.10857354E+06
 0.84676717E+05  0.10732208E+06
 0.83680520E+05  0.10607089E+06
 0.82684323E+05  0.10482000E+06
 0.81688127E+05  0.10356944E+06
 0.80691930E+05  0.10231925E+06
 0.79695733E+05  0.10106948E+06
 0.78699537E+05  0.99820211E+05
 0.77703340E+05  0.98571543E+05
 0.76707143E+05  0.97323641E+05
 0.75710947E+05  0.96076789E+05
 0.74714750E+05  0.94831571E+05
 0.73718553E+05  0.93589911E+05
 0.72722357E+05  0.92300679E+05
 0.71726160E+05  0.91035579E+05
 0.70729963E+05  0.89772544E+05
 0.69733767E+05  0.88510793E+05
 0.68737570E+05  0.87249953E+05
 0.67741373E+05  0.85989806E+05
 0.66745177E+05  0.84730215E+05
 0.65748980E+05  0.83471084E+05
 0.64752783E+05  0.82212344E+05
 0.63756587E+05  0.80953943E+05
 0.62760390E+05  0.79695842E+05
 0.61764193E+05  0.78438008E+05
 0.60767997E+05  0.77180416E+05
 0.59771800E+05  0.75923048E+05
 0.58775603E+05  0.74665885E+05
 0.57779407E+05  0.73408915E+05
 0.56783210E+05  0.72152128E+05
 0.55787013E+05  0.70895515E+05
 0.54790817E+05  0.69639070E+05
 0.53794620E+05  0.68382787E+05
 0.52798423E+05  0.67126664E+05
 0.51802227E+05  0.65870701E+05
 0.50806030E+05  0.64614896E+05
 0.49809833E+05  0.63359251E+05
 0.48813637E+05  0.62103771E+05
 0.47817440E+05  0.60848462E+05
 0.46821243E+05  0.59593329E+05
 0.45825047E+05  0.58338384E+05
 0.44828850E+05  0.57083640E+05
 0.43832653E+05  0.55829114E+05
 0.42836457E+05  0.54574825E+05
 0.41840260E+05  0.53320800E+05
 0.40844063E+05  0.52067073E+05
 0.39847867E+05  0.50813687E+05
 0.38851670E+05  0.49560696E+05
 0.37855473E+05  0.48308175E+05
 0.36859277E+05  0.47056225E+05
 0.35863080E+05  0.45804989E+05
 0.34866883E+05  0.44554681E+05
 0.33870687E+05  0.43305652E+05
 0.32874490E+05  0.42058539E+05
 0.31878293E+05  0.40814818E+05
 0.30882097E+05  0.39580898E+05
 0.29885900E+05  0.38186539E+05
 0.28889703E+05  0.36921686E+05
 0.27893507E+05  0.35656859E+05
 0.26897310E+05  0.34392015E+05
 0.25901113E+05  0.33127115E+05
 0.24904917E+05  0.31862117E+05
 0.23908720E+05  0.30596984E+05
 0.22912523E+05  0.29331675E+05
 0.21916327E+05  0.28066149E+05
 0.20920130E+05  0.26800362E+05
 0.19923933E+05  0.25534268E+05
 0.18927737E+05  0.24267816E+05
 0.17931540E+05  0.23000953E+05
 0.16935343E+05  0.21733616E+05
 0.15939147E+05  0.20465739E+05
 0.14942950E+05  0.19197246E+05
 0.13946753E+05  0.17928052E+05
 0.12950557E+05  0.16658059E+05
 0.11954360E+05  0.15387156E+05
 0.10958163E+05  0.14115217E+05
 0.99619667E+04  0.12842094E+05
 0.89657700E+04  0.11567620E+05
 0.79695733E+04  0.10291602E+05
 0.69733767E+04  0.90138224E+04
 0.59771800E+04  0.77340377E+04
 0.49809833E+04  0.64519844E+04
 0.39847867E+04  0.51673921E+04
 0.29885900E+04  0.38800108E+04
 0.19923933E+04  0.25896553E+04
 0.99619667E+03  0.12962698E+04
 0.00000000E+00  -.61552237E-05
 -.99619667E+03  -.12987609E+04
 -.19923933E+04  -.25993945E+04
 -.29885900E+04  -.39011735E+04
 -.39847867E+04  -.52034384E+04
 -.49809833E+04  -.65057643E+04
 -.59771800E+04  -.78080778E+04
 -.69733767E+04  -.91107521E+04
 -.79695733E+04  -.10414814E+05
 -.89657700E+04  -.11722702E+05
 -.99619667E+04  -.13042753E+05
 -.10958163E+05  -.14122879E+05
 -.11954360E+05  -.15397165E+05
 -.12950557E+05  -.16670471E+05
 -.13946753E+05  -.17942917E+05
 -.14942950E+05  -.19214614E+05
 -.15939147E+05  -.20485661E+05
 -.16935343E+05  -.21756147E+05
 -.17931540E+05  -.23026156E+05
 -.18927737E+05  -.24295764E+05
 -.19923933E+05  -.25565044E+05
 -.20920130E+05  -.26834065E+05
 -.21916327E+05  -.28102895E+05
 -.22912523E+05  -.29371602E+05
 -.23908720E+05  -.30640256E+05
 -.24904917E+05  -.31908932E+05
 -.25901113E+05  -.33177713E+05
 -.26897310E+05  -.34446696E+05
 -.27893507E+05  -.35715995E+05
 -.28889703E+05  -.36985760E+05
 -.29885900E+05  -.38256191E+05
 -.30882097E+05  -.39527585E+05
 -.31878293E+05  -.40800426E+05
 -.32874490E+05  -.42075639E+05
 -.33870687E+05  -.43355618E+05
 -.34866883E+05  -.44547085E+05
 -.35863080E+05  -.45803217E+05
 -.36859277E+05  -.47059553E+05
 -.37855473E+05  -.48316078E+05
 -.38851670E+05  -.49572784E+05
 -.39847867E+05  -.50829664E+05
 -.40844063E+05  -.52086712E+05
 -.41840260E+05  -.53343926E+05
 -.42836457E+05  -.54601306E+05
 -.43832653E+05  -.55858854E+05
 -.44828850E+05  -.57116572E+05
 -.45825047E+05  -.58374464E+05
 -.46821243E+05  -.59632539E+05
 -.47817440E+05  -.60890805E+05
 -.48813637E+05  -.62149273E+05
 -.49809833E+05  -.63407957E+05
 -.50806030E+05  -.64666874E+05
 -.51802227E+05  -.65926044E+05
 -.52798423E+05  -.67185494E+05
 -.53794620E+05  -.68445256E+05
 -.54790817E+05  -.69705368E+05
 -.55787013E+05  -.70965882E+05
 -.56783210E+05  -.72226866E+05
 -.57779407E+05  -.73488410E+05
 -.58775603E+05  -.74750641E+05
 -.59771800E+05  -.76013754E+05
 -.60767997E+05  -.77278062E+05
 -.61764193E+05  -.78544161E+05
 -.62760390E+05  -.79813516E+05
 -.63756587E+05  -.81097061E+05
 -.64752783E+05  -.82324826E+05
 -.65748980E+05  -.83571694E+05
 -.66745177E+05  -.84819849E+05
 -.67741373E+05  -.86068941E+05
 -.68737570E+05  -.87318765E+05
 -.69733767E+05  -.88569194E+05
 -.70729963E+05  -.89820137E+05
 -.71726160E+05  -.91071531E+05
 -.72722357E+05  -.92323329E+05
 -.73718553E+05  -.93575497E+05
 -.74714750E+05  -.94828009E+05
 -.75710947E+05  -.96080844E+05
 -.76707143E+05  -.97333990E+05
 -.77703340E+05  -.98587436E+05
 -.78699537E+05  -.99841177E+05
 -.79695733E+05  -.10109521E+06
 -.80691930E+05  -.10234955E+06
 -.81688127E+05  -.10360418E+06
 -.82684323E+05  -.10485913E+06
 -.83680520E+05  -.10611440E+06
 -.84676717E+05  -.10737002E+06
 -.85672913E+05  -.10862602E+06
 -.86669110E+05  -.10988242E+06
 -.87665307E+05  -.11113928E+06
 -.88661503E+05  -.11239666E+06
 -.89657700E+05  -.11365463E+06
 -.90653897E+05  -.11491332E+06
 -.91650093E+05  -.11617286E+06
 -.92646290E+05  -.11743348E+06
 -.93642487E+05  -.11869538E+06
 -.94638683E+05  -.11995790E+06
 -.95634880E+05  -.12121535E+06
 -.96631077E+05  -.12246454E+06
 -.97627273E+05  -.12371139E+06
 -.98623470E+05  -.12495816E+06
 -.99619667E+05  -.12620528E+06
 -.10061586E+06  -.12745284E+06
 -.10161206E+06  -.12870083E+06
 -.10260826E+06  -.12994923E+06
 -.10360445E+06  -.13119799E+06
 -.10460065E+06  -.13244711E+06
 -.10559685E+06  -.13369655E+06
 -.10659304E+06  -.13494630E+06
 -.10758924E+06  -.13619635E+06
 -.10858544E+06  -.13744668E+06
 -.10958163E+06  -.13869729E+06
 -.11057783E+06  -.13994817E+06
 -.11157403E+06  -.14119932E+06
 -.11257022E+06  -.14245074E+06
 -.11356642E+06  -.14370244E+06
 -.11456262E+06  -.14495442E+06
 -.11555881E+06  -.14620669E+06
 -.11655501E+06  -.14745926E+06
 -.11755121E+06  -.14871216E+06
 -.11854740E+06  -.14996538E+06
 -.11954360E+06  -.15121897E+06
 -.12053980E+06  -.15247292E+06
 -.12153599E+06  -.15372726E+06
 -.12253219E+06  -.15498197E+06
 -.12352839E+06  -.15623701E+06
 -.12452458E+06  -.15749222E+06
 -.12552078E+06  -.15874728E+06
 -.12651698E+06  -.16000162E+06
 -.12751317E+06  -.16125461E+06
 -.12850937E+06  -.16250594E+06
 -.12950557E+06  -.16375582E+06
 -.13050176E+06  -.16500470E+06
 -.13149796E+06  -.16625297E+06
 -.13249416E+06  -.16750092E+06
 -.13349035E+06  -.16874872E+06
 -.13448655E+06  -.16999649E+06
 -.13548275E+06  -.17124429E+06
 -.13647894E+06  -.17249217E+06
 -.13747514E+06  -.17374015E+06
 -.13847134E+06  -.17498826E+06
 -.13946753E+06  -.17623652E+06
 -.14046373E+06  -.17748492E+06
 -.14145993E+06  -.17873348E+06
 -.14245612E+06  -.17998221E+06
 -.14345232E+06  -.18123112E+06
 -.14444852E+06  -.18248020E+06
 -.14544471E+06  -.18372946E+06
 -.14644091E+06  -.18497891E+06
 -.14743711E+06  -.18622855E+06
 -.14843330E+06  -.18747839E+06
 -.14942950E+06  -.18872841E+06
 -.15042570E+06  -.18997862E+06
 -.15142189E+06  -.19122900E+06
 -.15241809E+06  -.19247952E+06
 -.15341429E+06  -.19373016E+06
 -.15441048E+06  -.19498085E+06
 -.15540668E+06  -.19623152E+06
 -.15640288E+06  -.19748207E+06
 -.15739907E+06  -.19873237E+06
 -.15839527E+06  -.19998233E+06
 -.15939147E+06  -.20123185E+06
 -.16038766E+06  -.20248089E+06
 -.16138386E+06  -.20372943E+06
 -.16238006E+06  -.20497753E+06
 -.16337625E+06  -.20622522E+06
 -.16437245E+06  -.20747258E+06
 -.16536865E+06  -.20871968E+06
 -.16636484E+06  -.20996657E+06
 -.16736104E+06  -.21121330E+06
 -.16835724E+06  -.21245993E+06
 -.16935343E+06  -.21370648E+06
 -.17034963E+06  -.21495299E+06
 -.17134583E+06  -.21619948E+06
 -.17234202E+06  -.21744599E+06
 -.17333822E+06  -.21869252E+06
 -.17433442E+06  -.21993909E+06
 -.17533061E+06  -.22118573E+06
 -.17632681E+06  -.22243244E+06
 -.17732301E+06  -.22367924E+06
 -.17831920E+06  -.22492613E+06
 -.17931540E+06  -.22617311E+06
 -.18031160E+06  -.22742020E+06
 -.18130779E+06  -.22866738E+06
 -.18230399E+06  -.22991465E+06
 -.18330019E+06  -.23116199E+06
 -.18429638E+06  -.23240938E+06
 -.18529258E+06  -.23365678E+06
 -.18628878E+06  -.23490414E+06
 -.18728497E+06  -.23615143E+06
 -.18828117E+06  -.23739859E+06
 -.18927737E+06  -.23864556E+06
 -.19027356E+06  -.23989231E+06
 -.19126976E+06  -.24113881E+06
 -.19226596E+06  -.24238504E+06
 -.19326215E+06  -.24363102E+06
 -.19425835E+06  -.24487675E+06
 -.19525455E+06  -.24612225E+06
 -.19625074E+06  -.24736756E+06
 -.19724694E+06  -.24861270E+06
 -.19824314E+06  -.24985770E+06
 -.19923933E+06  -.25110260E+06
 -.20023553E+06  -.25234741E+06
 -.20123173E+06  -.25359216E+06
 -.20222792E+06  -.25483687E+06
 -.20322412E+06  -.25608157E+06
 -.20422032E+06  -.25732626E+06
 -.20521651E+06  -.25857097E+06
 -.20621271E+06  -.25981570E+06
 -.20720891E+06  -.26106047E+06
 -.20820510E+06  -.26230528E+06
 -.20920130E+06  -.26355012E+06
 -.21019750E+06  -.26479501E+06
 -.21119369E+06  -.26603993E+06
 -.21218989E+06  -.26728485E+06
 -.21318609E+06  -.26852977E+06
 -.21418228E+06  -.26977464E+06
 -.21517848E+06  -.27101943E+06
 -.21617468E+06  -.27226409E+06
 -.21717087E+06  -.27350860E+06
 -.21816707E+06  -.27475289E+06
 -.21916327E+06  -.27599695E+06
 -.22015946E+06  -.27724075E+06
 -.22115566E+06  -.27848427E+06
 -.22215186E+06  -.27972751E+06
 -.22314805E+06  -.28097048E+06
 -.22414425E+06  -.28221318E+06
 -.22514045E+06  -.28345565E+06
 -.22613664E+06  -.28469789E+06
 -.22713284E+06  -.28593994E+06
 -.22812904E+06  -.28718181E+06
 -.22912523E+06  -.28842352E+06
 -.23012143E+06  -.28966510E+06
 -.23111763E+06  -.29090657E+06
 -.23211382E+06  -.29214794E+06
 -.23311002E+06  -.29338924E+06
 -.23410622E+06  -.29463048E+06
 -.23510241E+06  -.29587167E+06
 -.23609861E+06  -.29711283E+06
 -.23709481E+06  -.29835396E+06
 -.23809100E+06  -.29959508E+06
 -.23908720E+06  -.30083619E+06
 -.24008340E+06  -.30207729E+06
 -.24107959E+06  -.30331838E+06
 -.24207579E+06  -.30455945E+06
 -.24307199E+06  -.30580049E+06
 -.24406818E+06  -.30704149E+06
 -.24506438E+06  -.30828242E+06
 -.24606058E+06  -.30952324E+06
 -.24705677E+06  -.31076394E+06
 -.24805297E+06  -.31200447E+06
 -.24904917E+06  -.31324480E+06
 -.25004536E+06  -.31448490E+06
 -.25104156E+06  -.31572474E+06
 -.25203776E+06  -.31696430E+06
 -.25303395E+06  -.31820356E+06
 -.25403015E+06  -.31944251E+06
 -.25502635E+06  -.32068117E+06
 -.25602254E+06  -.32191952E+06
 -.25701874E+06  -.32315760E+06
 -.25801494E+06  -.32439540E+06
 -.25901113E+06  -.32563295E+06
 -.26000733E+06  -.32687027E+06
 -.26100353E+06  -.32810738E+06
 -.26199972E+06  -.32934430E+06
 -.26299592E+06  -.33058105E+06
 -.26399212E+06  -.33181766E+06
 -.26498831E+06  -.33305414E+06
 -.26598451E+06  -.33429051E+06
 -.26698071E+06  -.33552679E+06
 -.26797690E+06  -.33676301E+06
 -.26897310E+06  -.33799917E+06
 -.26996930E+06  -.33923529E+06
 -.27096549E+06  -.34047139E+06
 -.27196169E+06  -.34170747E+06
 -.27295789E+06  -.34294354E+06
 -.27395408E+06  -.34417962E+06
 -.27495028E+06  -.34541569E+06
 -.27594648E+06  -.34665175E+06
 -.27694267E+06  -.34788781E+06
 -.27793887E+06  -.34912383E+06
 -.27893507E+06  -.35035981E+06
 -.27993126E+06  -.35159571E+06
 -.28092746E+06  -.35283151E+06
 -.28192366E+06  -.35406717E+06
 -.28291985E+06  -.35530265E+06
 -.28391605E+06  -.35653791E+06
 -.28491225E+06  -.35777292E+06
 -.28590844E+06  -.35900764E+06
 -.28690464E+06  -.36024205E+06
 -.28790084E+06  -.36147613E+06
 -.28889703E+06  -.36270985E+06
 -.28989323E+06  -.36394323E+06
 -.29088943E+06  -.36517624E+06
 -.29188562E+06  -.36640891E+06
 -.29288182E+06  -.36764124E+06
 -.29387802E+06  -.36887324E+06
 -.29487421E+06  -.37010494E+06
 -.29587041E+06  -.37133633E+06
 -.29686661E+06  -.37256745E+06
 -.29786280E+06  -.37379832E+06
 -.29885900E+06  -.37502893E+06
