Mu-Hu               
 0.77664000E+05  0.78538452E+06
 0.77405120E+05  0.78572507E+06
 0.77146240E+05  0.78606457E+06
 0.76887360E+05  0.78640301E+06
 0.76628480E+05  0.78674039E+06
 0.76369600E+05  0.78707670E+06
 0.76110720E+05  0.78741195E+06
 0.75851840E+05  0.78774613E+06
 0.75592960E+05  0.78807924E+06
 0.75334080E+05  0.78841127E+06
 0.75075200E+05  0.78874221E+06
 0.74816320E+05  0.78907207E+06
 0.74557440E+05  0.78940084E+06
 0.74298560E+05  0.78972852E+06
 0.74039680E+05  0.79005510E+06
 0.73780800E+05  0.79038058E+06
 0.73521920E+05  0.79070496E+06
 0.73263040E+05  0.79102823E+06
 0.73004160E+05  0.79135040E+06
 0.72745280E+05  0.79167144E+06
 0.72486400E+05  0.79199137E+06
 0.72227520E+05  0.79231018E+06
 0.71968640E+05  0.79262786E+06
 0.71709760E+05  0.79294441E+06
 0.71450880E+05  0.79325983E+06
 0.71192000E+05  0.79357412E+06
 0.70933120E+05  0.79388726E+06
 0.70674240E+05  0.79419926E+06
 0.70415360E+05  0.79451012E+06
 0.70156480E+05  0.79481983E+06
 0.69897600E+05  0.79512838E+06
 0.69638720E+05  0.79543578E+06
 0.69379840E+05  0.79574201E+06
 0.69120960E+05  0.79604708E+06
 0.68862080E+05  0.79635099E+06
 0.68603200E+05  0.79665372E+06
 0.68344320E+05  0.79695528E+06
 0.68085440E+05  0.79725566E+06
 0.67826560E+05  0.79755486E+06
 0.67567680E+05  0.79785288E+06
 0.67308800E+05  0.79814971E+06
 0.67049920E+05  0.79844534E+06
 0.66791040E+05  0.79873979E+06
 0.66532160E+05  0.79903303E+06
 0.66273280E+05  0.79932507E+06
 0.66014400E+05  0.79961591E+06
 0.65755520E+05  0.79990553E+06
 0.65496640E+05  0.80019395E+06
 0.65237760E+05  0.80048115E+06
 0.64978880E+05  0.80076713E+06
 0.64720000E+05  0.80105189E+06
 0.64461120E+05  0.80133543E+06
 0.64202240E+05  0.80161773E+06
 0.63943360E+05  0.80189881E+06
 0.63684480E+05  0.80217865E+06
 0.63425600E+05  0.80245724E+06
 0.63166720E+05  0.80273460E+06
 0.62907840E+05  0.80301071E+06
 0.62648960E+05  0.80328558E+06
 0.62390080E+05  0.80355919E+06
 0.62131200E+05  0.80383154E+06
 0.61872320E+05  0.80410264E+06
 0.61613440E+05  0.80437248E+06
 0.61354560E+05  0.80464104E+06
 0.61095680E+05  0.80490835E+06
 0.60836800E+05  0.80517437E+06
 0.60577920E+05  0.80543913E+06
 0.60319040E+05  0.80570260E+06
 0.60060160E+05  0.80596480E+06
 0.59801280E+05  0.80622571E+06
 0.59542400E+05  0.80648532E+06
 0.59283520E+05  0.80674365E+06
 0.59024640E+05  0.80700069E+06
 0.58765760E+05  0.80725642E+06
 0.58506880E+05  0.80751085E+06
 0.58248000E+05  0.80776398E+06
 0.57989120E+05  0.80801580E+06
 0.57730240E+05  0.80826631E+06
 0.57471360E+05  0.80851551E+06
 0.57212480E+05  0.80876338E+06
 0.56953600E+05  0.80900994E+06
 0.56694720E+05  0.80925517E+06
 0.56435840E+05  0.80949907E+06
 0.56176960E+05  0.80974164E+06
 0.55918080E+05  0.80998288E+06
 0.55659200E+05  0.81022278E+06
 0.55400320E+05  0.81046134E+06
 0.55141440E+05  0.81069855E+06
 0.54882560E+05  0.81093442E+06
 0.54623680E+05  0.81116894E+06
 0.54364800E+05  0.81140210E+06
 0.54105920E+05  0.81163390E+06
 0.53847040E+05  0.81186435E+06
 0.53588160E+05  0.81209343E+06
 0.53329280E+05  0.81232114E+06
 0.53070400E+05  0.81254748E+06
 0.52811520E+05  0.81277245E+06
 0.52552640E+05  0.81299604E+06
 0.52293760E+05  0.81321825E+06
 0.52034880E+05  0.81343908E+06
 0.51776000E+05  0.81365852E+06
 0.51517120E+05  0.81387657E+06
 0.51258240E+05  0.81409322E+06
 0.50999360E+05  0.81430848E+06
 0.50740480E+05  0.81452233E+06
 0.50481600E+05  0.81473479E+06
 0.50222720E+05  0.81494583E+06
 0.49963840E+05  0.81515546E+06
 0.49704960E+05  0.81536368E+06
 0.49446080E+05  0.81557048E+06
 0.49187200E+05  0.81577586E+06
 0.48928320E+05  0.81597982E+06
 0.48669440E+05  0.81618235E+06
 0.48410560E+05  0.81638344E+06
 0.48151680E+05  0.81658310E+06
 0.47892800E+05  0.81678132E+06
 0.47633920E+05  0.81697810E+06
 0.47375040E+05  0.81717344E+06
 0.47116160E+05  0.81736733E+06
 0.46857280E+05  0.81755976E+06
 0.46598400E+05  0.81775074E+06
 0.46339520E+05  0.81794025E+06
 0.46080640E+05  0.81812831E+06
 0.45821760E+05  0.81831489E+06
 0.45562880E+05  0.81850001E+06
 0.45304000E+05  0.81868365E+06
 0.45045120E+05  0.81886582E+06
 0.44786240E+05  0.81904650E+06
 0.44527360E+05  0.81922570E+06
 0.44268480E+05  0.81940341E+06
 0.44009600E+05  0.81957963E+06
 0.43750720E+05  0.81975435E+06
 0.43491840E+05  0.81992757E+06
 0.43232960E+05  0.82009929E+06
 0.42974080E+05  0.82026950E+06
 0.42715200E+05  0.82043820E+06
 0.42456320E+05  0.82060539E+06
 0.42197440E+05  0.82077105E+06
 0.41938560E+05  0.82093519E+06
 0.41679680E+05  0.82109781E+06
 0.41420800E+05  0.82125890E+06
 0.41161920E+05  0.82141845E+06
 0.40903040E+05  0.82157646E+06
 0.40644160E+05  0.82173293E+06
 0.40385280E+05  0.82188785E+06
 0.40126400E+05  0.82204123E+06
 0.39867520E+05  0.82219305E+06
 0.39608640E+05  0.82234331E+06
 0.39349760E+05  0.82249201E+06
 0.39090880E+05  0.82263914E+06
 0.38832000E+05  0.82278470E+06
 0.38573120E+05  0.82292868E+06
 0.38314240E+05  0.82307109E+06
 0.38055360E+05  0.82321191E+06
 0.37796480E+05  0.82335114E+06
 0.37537600E+05  0.82348878E+06
 0.37278720E+05  0.82362483E+06
 0.37019840E+05  0.82375927E+06
 0.36760960E+05  0.82389211E+06
 0.36502080E+05  0.82402334E+06
 0.36243200E+05  0.82415295E+06
 0.35984320E+05  0.82428094E+06
 0.35725440E+05  0.82440731E+06
 0.35466560E+05  0.82453206E+06
 0.35207680E+05  0.82465517E+06
 0.34948800E+05  0.82477664E+06
 0.34689920E+05  0.82489647E+06
 0.34431040E+05  0.82501465E+06
 0.34172160E+05  0.82513118E+06
 0.33913280E+05  0.82524605E+06
 0.33654400E+05  0.82535926E+06
 0.33395520E+05  0.82547080E+06
 0.33136640E+05  0.82558066E+06
 0.32877760E+05  0.82568885E+06
 0.32618880E+05  0.82579536E+06
 0.32360000E+05  0.82590018E+06
 0.32101120E+05  0.82600330E+06
 0.31842240E+05  0.82610472E+06
 0.31583360E+05  0.82620443E+06
 0.31324480E+05  0.82630243E+06
 0.31065600E+05  0.82639871E+06
 0.30806720E+05  0.82649326E+06
 0.30547840E+05  0.82658608E+06
 0.30288960E+05  0.82667716E+06
 0.30030080E+05  0.82676648E+06
 0.29771200E+05  0.82685405E+06
 0.29512320E+05  0.82693984E+06
 0.29253440E+05  0.82702385E+06
 0.28994560E+05  0.82710606E+06
 0.28735680E+05  0.82718646E+06
 0.28476800E+05  0.82726502E+06
 0.28217920E+05  0.82734172E+06
 0.27959040E+05  0.82741652E+06
 0.27700160E+05  0.82748937E+06
 0.27441280E+05  0.82756020E+06
 0.27182400E+05  0.82762890E+06
 0.26923520E+05  0.82769531E+06
 0.26664640E+05  0.82775913E+06
 0.26405760E+05  0.82781987E+06
 0.26146880E+05  0.82787654E+06
 0.25888000E+05  0.82792706E+06
 0.25629120E+05  0.82796651E+06
 0.25370240E+05  0.82798197E+06
 0.25111360E+05  0.82793964E+06
 0.24852480E+05  0.82777504E+06
 0.24593600E+05  0.82744386E+06
 0.24334720E+05  0.82698624E+06
 0.24075840E+05  0.82644512E+06
 0.23816960E+05  0.82381969E+06
 0.23558080E+05  0.82263357E+06
 0.23299200E+05  0.82143608E+06
 0.23040320E+05  0.82020178E+06
 0.22781440E+05  0.81891741E+06
 0.22522560E+05  0.81757315E+06
 0.22263680E+05  0.81615996E+06
 0.22004800E+05  0.81466809E+06
 0.21745920E+05  0.81308671E+06
 0.21487040E+05  0.81140175E+06
 0.21228160E+05  0.80959620E+06
 0.20969280E+05  0.80764082E+06
 0.20710400E+05  0.80549588E+06
 0.20451520E+05  0.80307327E+06
 0.20192640E+05  0.80020989E+06
 0.19933760E+05  0.79635469E+06
 0.19674880E+05  0.36451120E+06
 0.19416000E+05  0.36190598E+06
 0.19157120E+05  0.35908245E+06
 0.18898240E+05  0.35584005E+06
 0.18639360E+05  0.34314226E+06
 0.18380480E+05  0.34090917E+06
 0.18121600E+05  0.33866108E+06
 0.17862720E+05  0.33632548E+06
 0.17603840E+05  0.33377863E+06
 0.17344960E+05  0.33083254E+06
 0.17086080E+05  0.32771394E+06
 0.16827200E+05  0.32027135E+06
 0.16568320E+05  0.31866856E+06
 0.16309440E+05  0.31703757E+06
 0.16050560E+05  0.31533694E+06
 0.15791680E+05  0.31333494E+06
 0.15532800E+05  0.30860588E+06
 0.15273920E+05  0.30551100E+06
 0.15015040E+05  0.30007545E+06
 0.14756160E+05  0.28576857E+06
 0.14497280E+05  0.28273218E+06
 0.14238400E+05  0.27989718E+06
 0.13979520E+05  0.27699294E+06
 0.13720640E+05  0.26712176E+06
 0.13461760E+05  0.26274954E+06
 0.13202880E+05  0.25921929E+06
 0.12944000E+05  0.25561377E+06
 0.12685120E+05  0.24634382E+06
 0.12426240E+05  0.24237304E+06
 0.12167360E+05  0.23928363E+06
 0.11908480E+05  0.23601676E+06
 0.11649600E+05  0.22576273E+06
 0.11390720E+05  0.22265621E+06
 0.11131840E+05  0.21996082E+06
 0.10872960E+05  0.21720983E+06
 0.10614080E+05  0.21371018E+06
 0.10355200E+05  0.20314773E+06
 0.10096320E+05  0.20041146E+06
 0.98374400E+04  0.19764340E+06
 0.95785600E+04  0.19234547E+06
 0.93196800E+04  0.18932601E+06
 0.90608000E+04  0.17765798E+06
 0.88019200E+04  0.17480669E+06
 0.85430400E+04  0.17221092E+06
 0.82841600E+04  0.16951565E+06
 0.80252800E+04  0.15733326E+06
 0.77664000E+04  0.15447682E+06
 0.75075200E+04  0.15190652E+06
 0.72486400E+04  0.14926003E+06
 0.69897600E+04  0.14567777E+06
 0.67308800E+04  0.13403888E+06
 0.64720000E+04  0.13155798E+06
 0.62131200E+04  0.12901937E+06
 0.59542400E+04  0.12589862E+06
 0.56953600E+04  0.11376652E+06
 0.54364800E+04  0.11131887E+06
 0.51776000E+04  0.10875365E+06
 0.49187200E+04  0.10236461E+06
 0.46598400E+04  0.98927451E+05
 0.44009600E+04  0.86946013E+05
 0.41420800E+04  0.84624825E+05
 0.38832000E+04  0.82289393E+05
 0.36243200E+04  0.79655698E+05
 0.33654400E+04  0.66557054E+05
 0.31065600E+04  0.64220419E+05
 0.28476800E+04  0.61835032E+05
 0.25888000E+04  0.59042701E+05
 0.23299200E+04  0.52105854E+05
 0.20710400E+04  0.39303430E+05
 0.18121600E+04  0.36861686E+05
 0.15532800E+04  0.34446672E+05
 0.12944000E+04  0.31630367E+05
 0.10355200E+04  0.18454890E+05
 0.77664000E+03  0.16222970E+05
 0.51776000E+03  0.13969019E+05
 0.25888000E+03  0.11400078E+05
 0.00000000E+00  -.19332741E+04
 -.25888000E+03  -.39488830E+04
 -.51776000E+03  -.59840002E+04
 -.77664000E+03  -.81893912E+04
 -.10355200E+04  -.27434799E+05
 -.12944000E+04  -.29352156E+05
 -.15532800E+04  -.31182540E+05
 -.18121600E+04  -.32991923E+05
 -.20710400E+04  -.34861929E+05
 -.23299200E+04  -.37039193E+05
 -.25888000E+04  -.51148371E+05
 -.28476800E+04  -.53316171E+05
 -.31065600E+04  -.55832185E+05
 -.33654400E+04  -.68930415E+05
 -.36243200E+04  -.71285627E+05
 -.38832000E+04  -.74111676E+05
 -.41420800E+04  -.91210729E+05
 -.44009600E+04  -.93498111E+05
 -.46598400E+04  -.95695669E+05
 -.49187200E+04  -.97968116E+05
 -.51776000E+04  -.10059716E+06
 -.54364800E+04  -.11351279E+06
 -.56953600E+04  -.11575328E+06
 -.59542400E+04  -.11806452E+06
 -.62131200E+04  -.12073428E+06
 -.64720000E+04  -.13389217E+06
 -.67308800E+04  -.13654488E+06
 -.69897600E+04  -.14214744E+06
 -.72486400E+04  -.14452461E+06
 -.75075200E+04  -.14721663E+06
 -.77664000E+04  -.15803926E+06
 -.80252800E+04  -.16084059E+06
 -.82841600E+04  -.16341400E+06
 -.85430400E+04  -.16611382E+06
 -.88019200E+04  -.16951105E+06
 -.90608000E+04  -.17999008E+06
 -.93196800E+04  -.18175769E+06
 -.95785600E+04  -.18358422E+06
 -.98374400E+04  -.18551985E+06
 -.10096320E+05  -.18769226E+06
 -.10355200E+05  -.19099149E+06
 -.10614080E+05  -.21593920E+06
 -.10872960E+05  -.21995841E+06
 -.11131840E+05  -.22324815E+06
 -.11390720E+05  -.22697553E+06
 -.11649600E+05  -.23203453E+06
 -.11908480E+05  -.23941653E+06
 -.12167360E+05  -.24293989E+06
 -.12426240E+05  -.24570674E+06
 -.12685120E+05  -.24841556E+06
 -.12944000E+05  -.25149347E+06
 -.13202880E+05  -.25826064E+06
 -.13461760E+05  -.26173840E+06
 -.13720640E+05  -.26844071E+06
 -.13979520E+05  -.27183261E+06
 -.14238400E+05  -.27467442E+06
 -.14497280E+05  -.27747745E+06
 -.14756160E+05  -.28058970E+06
 -.15015040E+05  -.28547782E+06
 -.15273920E+05  -.28996748E+06
 -.15532800E+05  -.29370071E+06
 -.15791680E+05  -.29833983E+06
 -.16050560E+05  -.30197176E+06
 -.16309440E+05  -.30506096E+06
 -.16568320E+05  -.30814412E+06
 -.16827200E+05  -.31174020E+06
 -.17086080E+05  -.31602145E+06
 -.17344960E+05  -.31968692E+06
 -.17603840E+05  -.32339011E+06
 -.17862720E+05  -.32855061E+06
 -.18121600E+05  -.34662694E+06
 -.18380480E+05  -.34839420E+06
 -.18639360E+05  -.35014644E+06
 -.18898240E+05  -.35190591E+06
 -.19157120E+05  -.35369851E+06
 -.19416000E+05  -.35556529E+06
 -.19674880E+05  -.35760230E+06
 -.19933760E+05  -.36771766E+06
 -.20192640E+05  -.37038956E+06
 -.20451520E+05  -.37316480E+06
 -.20710400E+05  -.37661533E+06
 -.20969280E+05  -.38246131E+06
 -.21228160E+05  -.38578554E+06
 -.21487040E+05  -.38868374E+06
 -.21745920E+05  -.39164635E+06
 -.22004800E+05  -.39506335E+06
 -.22263680E+05  -.39941998E+06
 -.22522560E+05  -.40482894E+06
 -.22781440E+05  -.40881371E+06
 -.23040320E+05  -.41200953E+06
 -.23299200E+05  -.41492727E+06
 -.23558080E+05  -.41787277E+06
 -.23816960E+05  -.42132190E+06
 -.24075840E+05  -.42691801E+06
 -.24334720E+05  -.43106563E+06
 -.24593600E+05  -.43399027E+06
 -.24852480E+05  -.43669431E+06
 -.25111360E+05  -.43944714E+06
 -.25370240E+05  -.44251815E+06
 -.25629120E+05  -.44671814E+06
 -.25888000E+05  -.45167424E+06
 -.26146880E+05  -.45508721E+06
 -.26405760E+05  -.45803006E+06
 -.26664640E+05  -.46098192E+06
 -.26923520E+05  -.46441351E+06
 -.27182400E+05  -.46909730E+06
 -.27441280E+05  -.47314208E+06
 -.27700160E+05  -.47618635E+06
 -.27959040E+05  -.47890854E+06
 -.28217920E+05  -.48152571E+06
 -.28476800E+05  -.48415211E+06
 -.28735680E+05  -.48692862E+06
 -.28994560E+05  -.49013385E+06
 -.29253440E+05  -.49408946E+06
 -.29512320E+05  -.49793612E+06
 -.29771200E+05  -.50131043E+06
 -.30030080E+05  -.50467511E+06
 -.30288960E+05  -.50821942E+06
 -.30547840E+05  -.51119506E+06
 -.30806720E+05  -.51352926E+06
 -.31065600E+05  -.51554062E+06
 -.31324480E+05  -.51738097E+06
 -.31583360E+05  -.51912116E+06
 -.31842240E+05  -.52080001E+06
 -.32101120E+05  -.52244244E+06
 -.32360000E+05  -.52406710E+06
 -.32618880E+05  -.52569050E+06
 -.32877760E+05  -.52733006E+06
 -.33136640E+05  -.52900787E+06
 -.33395520E+05  -.53075749E+06
 -.33654400E+05  -.53264156E+06
 -.33913280E+05  -.53481903E+06
 -.34172160E+05  -.53827531E+06
 -.34431040E+05  -.54817866E+06
 -.34689920E+05  -.55186555E+06
 -.34948800E+05  -.55603138E+06
 -.35207680E+05  -.55994520E+06
 -.35466560E+05  -.56279810E+06
 -.35725440E+05  -.56519283E+06
 -.35984320E+05  -.56743257E+06
 -.36243200E+05  -.56969159E+06
 -.36502080E+05  -.57218026E+06
 -.36760960E+05  -.57541670E+06
 -.37019840E+05  -.57940934E+06
 -.37278720E+05  -.58213785E+06
 -.37537600E+05  -.58424228E+06
 -.37796480E+05  -.58609874E+06
 -.38055360E+05  -.58783972E+06
 -.38314240E+05  -.58953362E+06
 -.38573120E+05  -.59123182E+06
 -.38832000E+05  -.59299228E+06
 -.39090880E+05  -.59491426E+06
 -.39349760E+05  -.59727054E+06
 -.39608640E+05  -.60131838E+06
 -.39867520E+05  -.60477942E+06
 -.40126400E+05  -.60695043E+06
 -.40385280E+05  -.60876961E+06
 -.40644160E+05  -.61044069E+06
 -.40903040E+05  -.61204672E+06
 -.41161920E+05  -.61364008E+06
 -.41420800E+05  -.61527091E+06
 -.41679680E+05  -.61701270E+06
 -.41938560E+05  -.61903249E+06
 -.42197440E+05  -.62207160E+06
 -.42456320E+05  -.62645879E+06
 -.42715200E+05  -.62883330E+06
 -.42974080E+05  -.63068731E+06
 -.43232960E+05  -.63234987E+06
 -.43491840E+05  -.63392936E+06
 -.43750720E+05  -.63548617E+06
 -.44009600E+05  -.63707298E+06
 -.44268480E+05  -.63876223E+06
 -.44527360E+05  -.64071126E+06
 -.44786240E+05  -.64357473E+06
 -.45045120E+05  -.64798204E+06
 -.45304000E+05  -.65038550E+06
 -.45562880E+05  -.65222591E+06
 -.45821760E+05  -.65386559E+06
 -.46080640E+05  -.65542054E+06
 -.46339520E+05  -.65695603E+06
 -.46598400E+05  -.65853217E+06
 -.46857280E+05  -.66024114E+06
 -.47116160E+05  -.66233326E+06
 -.47375040E+05  -.66740301E+06
 -.47633920E+05  -.67087467E+06
 -.47892800E+05  -.67285169E+06
 -.48151680E+05  -.67452676E+06
 -.48410560E+05  -.67608397E+06
 -.48669440E+05  -.67760705E+06
 -.48928320E+05  -.67916605E+06
 -.49187200E+05  -.68087022E+06
 -.49446080E+05  -.68310243E+06
 -.49704960E+05  -.69360325E+06
 -.49963840E+05  -.69547564E+06
 -.50222720E+05  -.69715438E+06
 -.50481600E+05  -.69878687E+06
 -.50740480E+05  -.70049042E+06
 -.50999360E+05  -.70252722E+06
 -.51258240E+05  -.81409322E+06
 -.51517120E+05  -.81387657E+06
 -.51776000E+05  -.81365852E+06
 -.52034880E+05  -.81343908E+06
 -.52293760E+05  -.81321825E+06
 -.52552640E+05  -.81299604E+06
 -.52811520E+05  -.81277245E+06
 -.53070400E+05  -.81254748E+06
 -.53329280E+05  -.81232114E+06
 -.53588160E+05  -.81209343E+06
 -.53847040E+05  -.81186435E+06
 -.54105920E+05  -.81163390E+06
 -.54364800E+05  -.81140210E+06
 -.54623680E+05  -.81116894E+06
 -.54882560E+05  -.81093442E+06
 -.55141440E+05  -.81069855E+06
 -.55400320E+05  -.81046134E+06
 -.55659200E+05  -.81022278E+06
 -.55918080E+05  -.80998288E+06
 -.56176960E+05  -.80974164E+06
 -.56435840E+05  -.80949907E+06
 -.56694720E+05  -.80925517E+06
 -.56953600E+05  -.80900994E+06
 -.57212480E+05  -.80876338E+06
 -.57471360E+05  -.80851551E+06
 -.57730240E+05  -.80826631E+06
 -.57989120E+05  -.80801580E+06
 -.58248000E+05  -.80776398E+06
 -.58506880E+05  -.80751085E+06
 -.58765760E+05  -.80725642E+06
 -.59024640E+05  -.80700069E+06
 -.59283520E+05  -.80674365E+06
 -.59542400E+05  -.80648533E+06
 -.59801280E+05  -.80622571E+06
 -.60060160E+05  -.80596480E+06
 -.60319040E+05  -.80570260E+06
 -.60577920E+05  -.80543913E+06
 -.60836800E+05  -.80517438E+06
 -.61095680E+05  -.80490835E+06
 -.61354560E+05  -.80464105E+06
 -.61613440E+05  -.80437248E+06
 -.61872320E+05  -.80410264E+06
 -.62131200E+05  -.80383154E+06
 -.62390080E+05  -.80355919E+06
 -.62648960E+05  -.80328558E+06
 -.62907840E+05  -.80301071E+06
 -.63166720E+05  -.80273460E+06
 -.63425600E+05  -.80245724E+06
 -.63684480E+05  -.80217864E+06
 -.63943360E+05  -.80189881E+06
 -.64202240E+05  -.80161773E+06
 -.64461120E+05  -.80133543E+06
 -.64720000E+05  -.80105189E+06
 -.64978880E+05  -.80076713E+06
 -.65237760E+05  -.80048115E+06
 -.65496640E+05  -.80019395E+06
 -.65755520E+05  -.79990553E+06
 -.66014400E+05  -.79961591E+06
 -.66273280E+05  -.79932507E+06
 -.66532160E+05  -.79903303E+06
 -.66791040E+05  -.79873979E+06
 -.67049920E+05  -.79844534E+06
 -.67308800E+05  -.79814971E+06
 -.67567680E+05  -.79785288E+06
 -.67826560E+05  -.79755486E+06
 -.68085440E+05  -.79725566E+06
 -.68344320E+05  -.79695528E+06
 -.68603200E+05  -.79665372E+06
 -.68862080E+05  -.79635099E+06
 -.69120960E+05  -.79604708E+06
 -.69379840E+05  -.79574201E+06
 -.69638720E+05  -.79543578E+06
 -.69897600E+05  -.79512838E+06
 -.70156480E+05  -.79481983E+06
 -.70415360E+05  -.79451012E+06
 -.70674240E+05  -.79419926E+06
 -.70933120E+05  -.79388726E+06
 -.71192000E+05  -.79357412E+06
 -.71450880E+05  -.79325983E+06
 -.71709760E+05  -.79294441E+06
 -.71968640E+05  -.79262786E+06
 -.72227520E+05  -.79231018E+06
 -.72486400E+05  -.79199137E+06
 -.72745280E+05  -.79167144E+06
 -.73004160E+05  -.79135039E+06
 -.73263040E+05  -.79102823E+06
 -.73521920E+05  -.79070496E+06
 -.73780800E+05  -.79038058E+06
 -.74039680E+05  -.79005510E+06
 -.74298560E+05  -.78972852E+06
 -.74557440E+05  -.78940084E+06
 -.74816320E+05  -.78907207E+06
 -.75075200E+05  -.78874221E+06
 -.75334080E+05  -.78841127E+06
 -.75592960E+05  -.78807924E+06
 -.75851840E+05  -.78774613E+06
 -.76110720E+05  -.78741195E+06
 -.76369600E+05  -.78707670E+06
 -.76628480E+05  -.78674039E+06
 -.76887360E+05  -.78640301E+06
 -.77146240E+05  -.78606457E+06
 -.77405120E+05  -.78572507E+06
 -.77664000E+05  -.78538452E+06
Mv-Hv               
 0.00000000E+00  -.24967043E+02
 0.00000000E+00  -.25125239E+02
 0.00000000E+00  -.25284439E+02
 0.00000000E+00  -.25444891E+02
 0.00000000E+00  -.25606608E+02
 0.00000000E+00  -.25769605E+02
 0.00000000E+00  -.25933896E+02
 0.00000000E+00  -.26099496E+02
 0.00000000E+00  -.26266418E+02
 0.00000000E+00  -.26434680E+02
 0.00000000E+00  -.26604295E+02
 0.00000000E+00  -.26775279E+02
 0.00000000E+00  -.26947648E+02
 0.00000000E+00  -.27121418E+02
 0.00000000E+00  -.27296519E+02
 0.00000000E+00  -.27468707E+02
 0.00000000E+00  -.27647127E+02
 0.00000000E+00  -.27827000E+02
 0.00000000E+00  -.28008354E+02
 0.00000000E+00  -.28191187E+02
 0.00000000E+00  -.28375549E+02
 0.00000000E+00  -.28561414E+02
 0.00000000E+00  -.28748857E+02
 0.00000000E+00  -.28937828E+02
 0.00000000E+00  -.29128382E+02
 0.00000000E+00  -.29320582E+02
 0.00000000E+00  -.29514359E+02
 0.00000000E+00  -.29709777E+02
 0.00000000E+00  -.29906858E+02
 0.00000000E+00  -.30105677E+02
 0.00000000E+00  -.30306145E+02
 0.00000000E+00  -.30508339E+02
 0.00000000E+00  -.30712281E+02
 0.00000000E+00  -.30917993E+02
 0.00000000E+00  -.31125498E+02
 0.00000000E+00  -.31334818E+02
 0.00000000E+00  -.31545977E+02
 0.00000000E+00  -.31759000E+02
 0.00000000E+00  -.31973910E+02
 0.00000000E+00  -.32190732E+02
 0.00000000E+00  -.32409492E+02
 0.00000000E+00  -.32630276E+02
 0.00000000E+00  -.32852988E+02
 0.00000000E+00  -.33077714E+02
 0.00000000E+00  -.33304483E+02
 0.00000000E+00  -.33533323E+02
 0.00000000E+00  -.33764260E+02
 0.00000000E+00  -.33997387E+02
 0.00000000E+00  -.34232605E+02
 0.00000000E+00  -.34470073E+02
 0.00000000E+00  -.34709690E+02
 0.00000000E+00  -.34951617E+02
 0.00000000E+00  -.35195754E+02
 0.00000000E+00  -.35442263E+02
 0.00000000E+00  -.35691112E+02
 0.00000000E+00  -.35942332E+02
 0.00000000E+00  -.36195955E+02
 0.00000000E+00  -.36452083E+02
 0.00000000E+00  -.36710614E+02
 0.00000000E+00  -.36971717E+02
 0.00000000E+00  -.37235423E+02
 0.00000000E+00  -.37505008E+02
 0.00000000E+00  -.37773144E+02
 0.00000000E+00  -.38043992E+02
 0.00000000E+00  -.38317586E+02
 0.00000000E+00  -.38593993E+02
 0.00000000E+00  -.38873199E+02
 0.00000000E+00  -.39155265E+02
 0.00000000E+00  -.39440271E+02
 0.00000000E+00  -.39728180E+02
 0.00000000E+00  -.40019116E+02
 0.00000000E+00  -.40313033E+02
 0.00000000E+00  -.40610068E+02
 0.00000000E+00  -.40910169E+02
 0.00000000E+00  -.41213429E+02
 0.00000000E+00  -.41519949E+02
 0.00000000E+00  -.41829673E+02
 0.00000000E+00  -.42142756E+02
 0.00000000E+00  -.42459143E+02
 0.00000000E+00  -.42778937E+02
 0.00000000E+00  -.43102194E+02
 0.00000000E+00  -.43428968E+02
 0.00000000E+00  -.43759316E+02
 0.00000000E+00  -.44093239E+02
 0.00000000E+00  -.44430854E+02
 0.00000000E+00  -.44772221E+02
 0.00000000E+00  -.45117349E+02
 0.00000000E+00  -.45466361E+02
 0.00000000E+00  -.45819215E+02
 0.00000000E+00  -.46176157E+02
 0.00000000E+00  -.46537158E+02
 0.00000000E+00  -.46902319E+02
 0.00000000E+00  -.47271609E+02
 0.00000000E+00  -.47645419E+02
 0.00000000E+00  -.48024337E+02
 0.00000000E+00  -.48407378E+02
 0.00000000E+00  -.48794653E+02
 0.00000000E+00  -.49186372E+02
 0.00000000E+00  -.49582664E+02
 0.00000000E+00  -.49983566E+02
 0.00000000E+00  -.50389297E+02
 0.00000000E+00  -.50799840E+02
 0.00000000E+00  -.51215375E+02
 0.00000000E+00  -.51635957E+02
 0.00000000E+00  -.52061686E+02
 0.00000000E+00  -.52492658E+02
 0.00000000E+00  -.52928975E+02
 0.00000000E+00  -.53370738E+02
 0.00000000E+00  -.53818050E+02
 0.00000000E+00  -.54271019E+02
 0.00000000E+00  -.54729751E+02
 0.00000000E+00  -.55194397E+02
 0.00000000E+00  -.55664993E+02
 0.00000000E+00  -.56141695E+02
 0.00000000E+00  -.56624584E+02
 0.00000000E+00  -.57113860E+02
 0.00000000E+00  -.57609610E+02
 0.00000000E+00  -.58111928E+02
 0.00000000E+00  -.58620985E+02
 0.00000000E+00  -.59136952E+02
 0.00000000E+00  -.59659901E+02
 0.00000000E+00  -.60190011E+02
 0.00000000E+00  -.60727398E+02
 0.00000000E+00  -.61272285E+02
 0.00000000E+00  -.61824763E+02
 0.00000000E+00  -.62385029E+02
 0.00000000E+00  -.62953253E+02
 0.00000000E+00  -.63529608E+02
 0.00000000E+00  -.64114242E+02
 0.00000000E+00  -.64707374E+02
 0.00000000E+00  -.65309195E+02
 0.00000000E+00  -.65919872E+02
 0.00000000E+00  -.66539673E+02
 0.00000000E+00  -.67168749E+02
 0.00000000E+00  -.67807319E+02
 0.00000000E+00  -.68455673E+02
 0.00000000E+00  -.69113985E+02
 0.00000000E+00  -.69782503E+02
 0.00000000E+00  -.70461538E+02
 0.00000000E+00  -.71151268E+02
 0.00000000E+00  -.71852053E+02
 0.00000000E+00  -.72564121E+02
 0.00000000E+00  -.73287773E+02
 0.00000000E+00  -.74023342E+02
 0.00000000E+00  -.74771151E+02
 0.00000000E+00  -.75531512E+02
 0.00000000E+00  -.76304776E+02
 0.00000000E+00  -.77091337E+02
 0.00000000E+00  -.77891553E+02
 0.00000000E+00  -.78705851E+02
 0.00000000E+00  -.79534631E+02
 0.00000000E+00  -.80378335E+02
 0.00000000E+00  -.81237451E+02
 0.00000000E+00  -.82112427E+02
 0.00000000E+00  -.83003822E+02
 0.00000000E+00  -.83912158E+02
 0.00000000E+00  -.84838011E+02
 0.00000000E+00  -.85781989E+02
 0.00000000E+00  -.86744739E+02
 0.00000000E+00  -.87726942E+02
 0.00000000E+00  -.88729310E+02
 0.00000000E+00  -.89752635E+02
 0.00000000E+00  -.90797742E+02
 0.00000000E+00  -.91865515E+02
 0.00000000E+00  -.92956867E+02
 0.00000000E+00  -.94072847E+02
 0.00000000E+00  -.95214547E+02
 0.00000000E+00  -.96383114E+02
 0.00000000E+00  -.97579839E+02
 0.00000000E+00  -.98806103E+02
 0.00000000E+00  -.10006339E+03
 0.00000000E+00  -.10135335E+03
 0.00000000E+00  -.10267776E+03
 0.00000000E+00  -.10403859E+03
 0.00000000E+00  -.10543800E+03
 0.00000000E+00  -.10687836E+03
 0.00000000E+00  -.10836233E+03
 0.00000000E+00  -.10989286E+03
 0.00000000E+00  -.11147324E+03
 0.00000000E+00  -.11310719E+03
 0.00000000E+00  -.11479888E+03
 0.00000000E+00  -.11655309E+03
 0.00000000E+00  -.11837525E+03
 0.00000000E+00  -.12027158E+03
 0.00000000E+00  -.12224932E+03
 0.00000000E+00  -.12431688E+03
 0.00000000E+00  -.12648412E+03
 0.00000000E+00  -.12876275E+03
 0.00000000E+00  -.13116671E+03
 0.00000000E+00  -.13371287E+03
 0.00000000E+00  -.13642181E+03
 0.00000000E+00  -.13931900E+03
 0.00000000E+00  -.14243640E+03
 0.00000000E+00  -.14581482E+03
 0.00000000E+00  -.14950740E+03
 0.00000000E+00  -.15358501E+03
 0.00000000E+00  -.15814494E+03
 0.00000000E+00  -.16332569E+03
 0.00000000E+00  -.16933377E+03
 0.00000000E+00  -.17649656E+03
 0.00000000E+00  -.18537691E+03
 0.00000000E+00  -.19704732E+03
 0.00000000E+00  -.21376959E+03
 0.00000000E+00  -.24019101E+03
 0.00000000E+00  -.28187536E+03
 0.00000000E+00  -.33757635E+03
 0.00000000E+00  -.40672735E+03
 0.00000000E+00  -.51714492E+03
 0.00000000E+00  -.78988185E+03
 0.00000000E+00  -.87283090E+03
 0.00000000E+00  -.96773842E+03
 0.00000000E+00  -.10729424E+04
 0.00000000E+00  -.11881478E+04
 0.00000000E+00  -.13137189E+04
 0.00000000E+00  -.14504723E+04
 0.00000000E+00  -.15995230E+04
 0.00000000E+00  -.17626419E+04
 0.00000000E+00  -.19418177E+04
 0.00000000E+00  -.21407456E+04
 0.00000000E+00  -.23621914E+04
 0.00000000E+00  -.26141331E+04
 0.00000000E+00  -.29019245E+04
 0.00000000E+00  -.32474492E+04
 0.00000000E+00  -.37006224E+04
 0.00000000E+00  0.26954065E+04
 0.00000000E+00  0.34884175E+04
 0.00000000E+00  0.44200472E+04
 0.00000000E+00  0.55440273E+04
 0.00000000E+00  -.10049446E+04
 0.00000000E+00  -.52352323E+03
 0.00000000E+00  0.36048045E+02
 0.00000000E+00  0.72619643E+03
 0.00000000E+00  0.16713760E+04
 0.00000000E+00  0.30778246E+04
 0.00000000E+00  0.44616219E+04
 0.00000000E+00  -.14206389E+05
 0.00000000E+00  -.13953067E+05
 0.00000000E+00  -.13605946E+05
 0.00000000E+00  -.13075765E+05
 0.00000000E+00  -.11801657E+05
 0.00000000E+00  -.49277358E+04
 0.00000000E+00  -.25989574E+04
 0.00000000E+00  0.26862616E+04
 0.00000000E+00  0.27902057E+04
 0.00000000E+00  0.36452731E+04
 0.00000000E+00  0.43335437E+04
 0.00000000E+00  0.47140871E+04
 0.00000000E+00  0.11194940E+04
 0.00000000E+00  0.18307284E+04
 0.00000000E+00  0.27276339E+04
 0.00000000E+00  0.29853269E+04
 0.00000000E+00  0.17553641E+04
 0.00000000E+00  0.21394843E+04
 0.00000000E+00  0.23230917E+04
 0.00000000E+00  0.22811750E+04
 0.00000000E+00  -.99327817E+02
 0.00000000E+00  -.11559993E+03
 0.00000000E+00  -.27299927E+02
 0.00000000E+00  0.92335199E+02
 0.00000000E+00  0.15055867E+03
 0.00000000E+00  -.28314274E+04
 0.00000000E+00  -.26544898E+04
 0.00000000E+00  -.20394399E+04
 0.00000000E+00  0.48839862E+04
 0.00000000E+00  0.50808368E+04
 0.00000000E+00  0.23031929E+04
 0.00000000E+00  0.26224377E+04
 0.00000000E+00  0.28238170E+04
 0.00000000E+00  0.29127521E+04
 0.00000000E+00  0.28127548E+02
 0.00000000E+00  0.10687591E+03
 0.00000000E+00  0.20792422E+03
 0.00000000E+00  0.28086697E+03
 0.00000000E+00  0.14553879E+03
 0.00000000E+00  -.26632879E+04
 0.00000000E+00  -.26030981E+04
 0.00000000E+00  -.25131870E+04
 0.00000000E+00  -.24405592E+04
 0.00000000E+00  -.57917815E+04
 0.00000000E+00  -.56735569E+04
 0.00000000E+00  -.53207219E+04
 0.00000000E+00  0.42520261E+04
 0.00000000E+00  0.39512320E+04
 0.00000000E+00  0.10063162E+04
 0.00000000E+00  0.11124276E+04
 0.00000000E+00  0.11927362E+04
 0.00000000E+00  0.12125209E+04
 0.00000000E+00  -.23866934E+04
 0.00000000E+00  -.23017959E+04
 0.00000000E+00  -.21533027E+04
 0.00000000E+00  -.18998894E+04
 0.00000000E+00  0.78419968E+04
 0.00000000E+00  0.46500302E+04
 0.00000000E+00  0.49092949E+04
 0.00000000E+00  0.50300628E+04
 0.00000000E+00  0.49303235E+04
 0.00000000E+00  0.16010421E+04
 0.00000000E+00  0.17067831E+04
 0.00000000E+00  0.17643432E+04
 0.00000000E+00  0.17125308E+04
 0.00000000E+00  -.24099732E+04
 0.00000000E+00  -.23701378E+04
 0.00000000E+00  -.23224218E+04
 0.00000000E+00  -.22719392E+04
 0.00000000E+00  0.46314205E+04
 0.00000000E+00  0.47233180E+04
 0.00000000E+00  0.47799367E+04
 0.00000000E+00  0.48038164E+04
 0.00000000E+00  0.47811531E+04
 0.00000000E+00  0.46386248E+04
 0.00000000E+00  -.55871155E+03
 0.00000000E+00  -.54173120E+03
 0.00000000E+00  -.55765582E+03
 0.00000000E+00  -.52931004E+04
 0.00000000E+00  -.50937346E+04
 0.00000000E+00  -.44045574E+04
 0.00000000E+00  0.41438109E+03
 0.00000000E+00  0.40754041E+03
 0.00000000E+00  0.41822174E+03
 0.00000000E+00  0.42504527E+03
 0.00000000E+00  0.38379276E+03
 0.00000000E+00  -.37339055E+04
 0.00000000E+00  -.36514970E+04
 0.00000000E+00  -.34732690E+04
 0.00000000E+00  -.31147713E+04
 0.00000000E+00  -.62616032E+04
 0.00000000E+00  -.55579971E+04
 0.00000000E+00  0.41125576E+04
 0.00000000E+00  0.40819708E+04
 0.00000000E+00  0.39378428E+04
 0.00000000E+00  0.60127339E+03
 0.00000000E+00  0.26644771E+03
 0.00000000E+00  0.38305117E+02
 0.00000000E+00  -.21346508E+03
 0.00000000E+00  -.73342401E+03
 0.00000000E+00  -.18958569E+05
 0.00000000E+00  -.18898008E+05
 0.00000000E+00  -.18807607E+05
 0.00000000E+00  -.18671822E+05
 0.00000000E+00  -.18447370E+05
 0.00000000E+00  -.17815540E+05
 0.00000000E+00  0.33063247E+04
 0.00000000E+00  0.38191373E+04
 0.00000000E+00  0.36273838E+04
 0.00000000E+00  0.24392631E+04
 0.00000000E+00  -.14111922E+04
 0.00000000E+00  0.18662797E+04
 0.00000000E+00  0.23804570E+04
 0.00000000E+00  0.24328589E+04
 0.00000000E+00  0.23020074E+04
 0.00000000E+00  0.18398261E+04
 0.00000000E+00  -.30847359E+04
 0.00000000E+00  -.32375226E+04
 0.00000000E+00  0.89504253E+03
 0.00000000E+00  0.13767394E+04
 0.00000000E+00  0.14310993E+04
 0.00000000E+00  0.13138621E+04
 0.00000000E+00  0.92616460E+03
 0.00000000E+00  -.14084352E+04
 0.00000000E+00  -.33455303E+04
 0.00000000E+00  -.29533945E+04
 0.00000000E+00  -.15519340E+04
 0.00000000E+00  -.10618664E+04
 0.00000000E+00  -.10666529E+04
 0.00000000E+00  -.14187932E+04
 0.00000000E+00  -.24534751E+04
 0.00000000E+00  -.41512411E+04
 0.00000000E+00  -.47470669E+04
 0.00000000E+00  -.46290089E+04
 0.00000000E+00  -.35964635E+04
 0.00000000E+00  0.15523875E+05
 0.00000000E+00  0.15419879E+05
 0.00000000E+00  0.15280932E+05
 0.00000000E+00  0.15101394E+05
 0.00000000E+00  0.14866783E+05
 0.00000000E+00  0.14543532E+05
 0.00000000E+00  0.14034484E+05
 0.00000000E+00  0.36494618E+04
 0.00000000E+00  0.35777394E+04
 0.00000000E+00  0.33723915E+04
 0.00000000E+00  0.25845379E+04
 0.00000000E+00  -.81937038E+02
 0.00000000E+00  -.48673881E+03
 0.00000000E+00  -.45640730E+03
 0.00000000E+00  -.20587695E+03
 0.00000000E+00  0.27346532E+03
 0.00000000E+00  0.62850001E+03
 0.00000000E+00  -.35672833E+03
 0.00000000E+00  -.49967272E+03
 0.00000000E+00  -.26185658E+03
 0.00000000E+00  -.35660927E+01
 0.00000000E+00  0.21905352E+03
 0.00000000E+00  0.32808600E+03
 0.00000000E+00  -.40798201E+03
 0.00000000E+00  -.10572924E+04
 0.00000000E+00  -.10848195E+04
 0.00000000E+00  -.90134612E+03
 0.00000000E+00  -.64844852E+03
 0.00000000E+00  -.45524385E+03
 0.00000000E+00  -.56035138E+03
 0.00000000E+00  -.78967701E+03
 0.00000000E+00  -.60536484E+03
 0.00000000E+00  -.31386719E+03
 0.00000000E+00  -.24661868E+01
 0.00000000E+00  0.26904701E+03
 0.00000000E+00  0.27326563E+03
 0.00000000E+00  0.25948211E+03
 0.00000000E+00  0.49091742E+03
 0.00000000E+00  0.82780724E+03
 0.00000000E+00  0.11757022E+04
 0.00000000E+00  0.14619977E+04
 0.00000000E+00  0.16260138E+04
 0.00000000E+00  0.15891302E+04
 0.00000000E+00  0.13393326E+04
 0.00000000E+00  0.13516653E+04
 0.00000000E+00  0.17519140E+04
 0.00000000E+00  0.25138266E+04
 0.00000000E+00  0.36392735E+04
 0.00000000E+00  0.45227920E+04
 0.00000000E+00  0.50163101E+04
 0.00000000E+00  0.53089182E+04
 0.00000000E+00  0.54936285E+04
 0.00000000E+00  0.56117038E+04
 0.00000000E+00  0.56835637E+04
 0.00000000E+00  0.57200715E+04
 0.00000000E+00  0.57269901E+04
 0.00000000E+00  0.57068462E+04
 0.00000000E+00  0.56595778E+04
 0.00000000E+00  0.55823152E+04
 0.00000000E+00  0.54679596E+04
 0.00000000E+00  0.53006796E+04
 0.00000000E+00  0.50383380E+04
 0.00000000E+00  0.44294478E+04
 0.00000000E+00  0.22840204E+04
 0.00000000E+00  0.14516431E+04
 0.00000000E+00  0.61356014E+03
 0.00000000E+00  0.17297217E+03
 0.00000000E+00  0.12702100E+02
 0.00000000E+00  -.91831000E+02
 0.00000000E+00  -.19125805E+03
 0.00000000E+00  -.30046134E+03
 0.00000000E+00  -.42671902E+03
 0.00000000E+00  -.56189069E+03
 0.00000000E+00  -.56156312E+03
 0.00000000E+00  -.45854446E+03
 0.00000000E+00  -.36168527E+03
 0.00000000E+00  -.27690133E+03
 0.00000000E+00  -.20197807E+03
 0.00000000E+00  -.13473041E+03
 0.00000000E+00  -.73382103E+02
 0.00000000E+00  -.16360529E+02
 0.00000000E+00  0.38066835E+02
 0.00000000E+00  0.92701854E+02
 0.00000000E+00  0.14634491E+03
 0.00000000E+00  0.14948701E+03
 0.00000000E+00  0.13998234E+03
 0.00000000E+00  0.12843037E+03
 0.00000000E+00  0.11583627E+03
 0.00000000E+00  0.10232476E+03
 0.00000000E+00  0.87749818E+02
 0.00000000E+00  0.71743768E+02
 0.00000000E+00  0.53572119E+02
 0.00000000E+00  0.31596705E+02
 0.00000000E+00  0.14026364E+01
 0.00000000E+00  -.81712905E+01
 0.00000000E+00  0.13594248E+01
 0.00000000E+00  0.10632001E+02
 0.00000000E+00  0.19251983E+02
 0.00000000E+00  0.27508340E+02
 0.00000000E+00  0.35769840E+02
 0.00000000E+00  0.44532553E+02
 0.00000000E+00  0.54672849E+02
 0.00000000E+00  0.68421999E+02
 0.00000000E+00  0.96706087E+02
 0.00000000E+00  0.16192867E+03
 0.00000000E+00  0.19457852E+03
 0.00000000E+00  0.21504733E+03
 0.00000000E+00  0.23059270E+03
 0.00000000E+00  0.24364609E+03
 0.00000000E+00  0.25548374E+03
 0.00000000E+00  0.26707663E+03
 0.00000000E+00  0.27960227E+03
 0.00000000E+00  0.29575873E+03
 0.00000000E+00  0.33529875E+03
 0.00000000E+00  0.33724930E+03
 0.00000000E+00  0.32830742E+03
 0.00000000E+00  0.31769042E+03
 0.00000000E+00  0.30641899E+03
 0.00000000E+00  0.29468035E+03
 0.00000000E+00  0.28229028E+03
 0.00000000E+00  0.26853118E+03
 0.00000000E+00  0.25027328E+03
 0.00000000E+00  0.15475604E+03
 0.00000000E+00  0.13720286E+03
 0.00000000E+00  0.12232438E+03
 0.00000000E+00  0.10876021E+03
 0.00000000E+00  0.95621408E+02
 0.00000000E+00  0.81395012E+02
 0.00000000E+00  0.51214932E+02
 0.00000000E+00  0.50799843E+02
 0.00000000E+00  0.50389300E+02
 0.00000000E+00  0.49983571E+02
 0.00000000E+00  0.49582671E+02
 0.00000000E+00  0.49186382E+02
 0.00000000E+00  0.48794666E+02
 0.00000000E+00  0.48407363E+02
 0.00000000E+00  0.48024358E+02
 0.00000000E+00  0.47645431E+02
 0.00000000E+00  0.47271619E+02
 0.00000000E+00  0.46902325E+02
 0.00000000E+00  0.46537162E+02
 0.00000000E+00  0.46176159E+02
 0.00000000E+00  0.45819216E+02
 0.00000000E+00  0.45466360E+02
 0.00000000E+00  0.45117348E+02
 0.00000000E+00  0.44772218E+02
 0.00000000E+00  0.44430851E+02
 0.00000000E+00  0.44093235E+02
 0.00000000E+00  0.43759311E+02
 0.00000000E+00  0.43428962E+02
 0.00000000E+00  0.43102188E+02
 0.00000000E+00  0.42778930E+02
 0.00000000E+00  0.42459134E+02
 0.00000000E+00  0.42142747E+02
 0.00000000E+00  0.41829663E+02
 0.00000000E+00  0.41519938E+02
 0.00000000E+00  0.41213468E+02
 0.00000000E+00  0.40910156E+02
 0.00000000E+00  0.40610054E+02
 0.00000000E+00  0.40313018E+02
 0.00000000E+00  0.40019100E+02
 0.00000000E+00  0.39728163E+02
 0.00000000E+00  0.39440253E+02
 0.00000000E+00  0.39155282E+02
 0.00000000E+00  0.38873180E+02
 0.00000000E+00  0.38593973E+02
 0.00000000E+00  0.38317564E+02
 0.00000000E+00  0.38043970E+02
 0.00000000E+00  0.37773121E+02
 0.00000000E+00  0.37504985E+02
 0.00000000E+00  0.37235425E+02
 0.00000000E+00  0.36971719E+02
 0.00000000E+00  0.36710617E+02
 0.00000000E+00  0.36452086E+02
 0.00000000E+00  0.36195959E+02
 0.00000000E+00  0.35942336E+02
 0.00000000E+00  0.35691116E+02
 0.00000000E+00  0.35442268E+02
 0.00000000E+00  0.35195759E+02
 0.00000000E+00  0.34951622E+02
 0.00000000E+00  0.34709695E+02
 0.00000000E+00  0.34470079E+02
 0.00000000E+00  0.34232611E+02
 0.00000000E+00  0.33997393E+02
 0.00000000E+00  0.33764267E+02
 0.00000000E+00  0.33533330E+02
 0.00000000E+00  0.33304491E+02
 0.00000000E+00  0.33077722E+02
 0.00000000E+00  0.32852996E+02
 0.00000000E+00  0.32630223E+02
 0.00000000E+00  0.32409501E+02
 0.00000000E+00  0.32190742E+02
 0.00000000E+00  0.31973920E+02
 0.00000000E+00  0.31759011E+02
 0.00000000E+00  0.31545989E+02
 0.00000000E+00  0.31334830E+02
 0.00000000E+00  0.31125510E+02
 0.00000000E+00  0.30918006E+02
 0.00000000E+00  0.30712295E+02
 0.00000000E+00  0.30508354E+02
 0.00000000E+00  0.30306161E+02
 0.00000000E+00  0.30105693E+02
 0.00000000E+00  0.29906875E+02
 0.00000000E+00  0.29709795E+02
 0.00000000E+00  0.29514378E+02
 0.00000000E+00  0.29320602E+02
 0.00000000E+00  0.29128401E+02
 0.00000000E+00  0.28937849E+02
 0.00000000E+00  0.28748878E+02
 0.00000000E+00  0.28561435E+02
 0.00000000E+00  0.28375571E+02
 0.00000000E+00  0.28191209E+02
 0.00000000E+00  0.28008377E+02
 0.00000000E+00  0.27827022E+02
 0.00000000E+00  0.27647150E+02
 0.00000000E+00  0.27468731E+02
 0.00000000E+00  0.27296515E+02
 0.00000000E+00  0.27121327E+02
 0.00000000E+00  0.26947643E+02
 0.00000000E+00  0.26775274E+02
 0.00000000E+00  0.26604290E+02
 0.00000000E+00  0.26434674E+02
 0.00000000E+00  0.26266413E+02
 0.00000000E+00  0.26099490E+02
 0.00000000E+00  0.25933890E+02
 0.00000000E+00  0.25769599E+02
 0.00000000E+00  0.25606602E+02
 0.00000000E+00  0.25444885E+02
 0.00000000E+00  0.25284433E+02
 0.00000000E+00  0.25125233E+02
 0.00000000E+00  0.24967185E+02
Mw-Hw               
 0.28977900E+06  0.32184720E+06
 0.28881307E+06  0.32091901E+06
 0.28784714E+06  0.31998975E+06
 0.28688121E+06  0.31905944E+06
 0.28591528E+06  0.31812806E+06
 0.28494935E+06  0.31719562E+06
 0.28398342E+06  0.31626213E+06
 0.28301749E+06  0.31532758E+06
 0.28205156E+06  0.31439197E+06
 0.28108563E+06  0.31345531E+06
 0.28011970E+06  0.31251760E+06
 0.27915377E+06  0.31157883E+06
 0.27818784E+06  0.31063901E+06
 0.27722191E+06  0.30969815E+06
 0.27625598E+06  0.30875623E+06
 0.27529005E+06  0.30781326E+06
 0.27432412E+06  0.30686924E+06
 0.27335819E+06  0.30592418E+06
 0.27239226E+06  0.30497807E+06
 0.27142633E+06  0.30403092E+06
 0.27046040E+06  0.30308272E+06
 0.26949447E+06  0.30213349E+06
 0.26852854E+06  0.30118321E+06
 0.26756261E+06  0.30023188E+06
 0.26659668E+06  0.29927953E+06
 0.26563075E+06  0.29832613E+06
 0.26466482E+06  0.29737169E+06
 0.26369889E+06  0.29641622E+06
 0.26273296E+06  0.29545971E+06
 0.26176703E+06  0.29450217E+06
 0.26080110E+06  0.29354360E+06
 0.25983517E+06  0.29258399E+06
 0.25886924E+06  0.29162336E+06
 0.25790331E+06  0.29066169E+06
 0.25693738E+06  0.28969900E+06
 0.25597145E+06  0.28873527E+06
 0.25500552E+06  0.28777053E+06
 0.25403959E+06  0.28680475E+06
 0.25307366E+06  0.28583795E+06
 0.25210773E+06  0.28487013E+06
 0.25114180E+06  0.28390129E+06
 0.25017587E+06  0.28293143E+06
 0.24920994E+06  0.28196054E+06
 0.24824401E+06  0.28098864E+06
 0.24727808E+06  0.28001572E+06
 0.24631215E+06  0.27904179E+06
 0.24534622E+06  0.27806684E+06
 0.24438029E+06  0.27709087E+06
 0.24341436E+06  0.27611389E+06
 0.24244843E+06  0.27513590E+06
 0.24148250E+06  0.27415690E+06
 0.24051657E+06  0.27317689E+06
 0.23955064E+06  0.27219588E+06
 0.23858471E+06  0.27121385E+06
 0.23761878E+06  0.27023082E+06
 0.23665285E+06  0.26924678E+06
 0.23568692E+06  0.26826174E+06
 0.23472099E+06  0.26727570E+06
 0.23375506E+06  0.26628866E+06
 0.23278913E+06  0.26530061E+06
 0.23182320E+06  0.26431157E+06
 0.23085727E+06  0.26332153E+06
 0.22989134E+06  0.26233049E+06
 0.22892541E+06  0.26133845E+06
 0.22795948E+06  0.26034542E+06
 0.22699355E+06  0.25935140E+06
 0.22602762E+06  0.25835638E+06
 0.22506169E+06  0.25736038E+06
 0.22409576E+06  0.25636338E+06
 0.22312983E+06  0.25536539E+06
 0.22216390E+06  0.25436642E+06
 0.22119797E+06  0.25336646E+06
 0.22023204E+06  0.25236551E+06
 0.21926611E+06  0.25136358E+06
 0.21830018E+06  0.25036067E+06
 0.21733425E+06  0.24935677E+06
 0.21636832E+06  0.24835190E+06
 0.21540239E+06  0.24734604E+06
 0.21443646E+06  0.24633920E+06
 0.21347053E+06  0.24533139E+06
 0.21250460E+06  0.24432260E+06
 0.21153867E+06  0.24331283E+06
 0.21057274E+06  0.24230209E+06
 0.20960681E+06  0.24129038E+06
 0.20864088E+06  0.24027770E+06
 0.20767495E+06  0.23926404E+06
 0.20670902E+06  0.23824942E+06
 0.20574309E+06  0.23723382E+06
 0.20477716E+06  0.23621726E+06
 0.20381123E+06  0.23519973E+06
 0.20284530E+06  0.23418124E+06
 0.20187937E+06  0.23316178E+06
 0.20091344E+06  0.23214136E+06
 0.19994751E+06  0.23111997E+06
 0.19898158E+06  0.23009763E+06
 0.19801565E+06  0.22907432E+06
 0.19704972E+06  0.22805006E+06
 0.19608379E+06  0.22702483E+06
 0.19511786E+06  0.22599865E+06
 0.19415193E+06  0.22497152E+06
 0.19318600E+06  0.22394343E+06
 0.19222007E+06  0.22291439E+06
 0.19125414E+06  0.22188439E+06
 0.19028821E+06  0.22085344E+06
 0.18932228E+06  0.21982154E+06
 0.18835635E+06  0.21878869E+06
 0.18739042E+06  0.21775490E+06
 0.18642449E+06  0.21672015E+06
 0.18545856E+06  0.21568446E+06
 0.18449263E+06  0.21464782E+06
 0.18352670E+06  0.21361024E+06
 0.18256077E+06  0.21257172E+06
 0.18159484E+06  0.21153225E+06
 0.18062891E+06  0.21049184E+06
 0.17966298E+06  0.20945049E+06
 0.17869705E+06  0.20840820E+06
 0.17773112E+06  0.20736497E+06
 0.17676519E+06  0.20632081E+06
 0.17579926E+06  0.20527570E+06
 0.17483333E+06  0.20422966E+06
 0.17386740E+06  0.20318269E+06
 0.17290147E+06  0.20213478E+06
 0.17193554E+06  0.20108594E+06
 0.17096961E+06  0.20003617E+06
 0.17000368E+06  0.19898546E+06
 0.16903775E+06  0.19793382E+06
 0.16807182E+06  0.19688126E+06
 0.16710589E+06  0.19582777E+06
 0.16613996E+06  0.19477334E+06
 0.16517403E+06  0.19371800E+06
 0.16420810E+06  0.19266172E+06
 0.16324217E+06  0.19160452E+06
 0.16227624E+06  0.19054640E+06
 0.16131031E+06  0.18948735E+06
 0.16034438E+06  0.18842738E+06
 0.15937845E+06  0.18736649E+06
 0.15841252E+06  0.18630467E+06
 0.15744659E+06  0.18524194E+06
 0.15648066E+06  0.18417828E+06
 0.15551473E+06  0.18311371E+06
 0.15454880E+06  0.18204822E+06
 0.15358287E+06  0.18098181E+06
 0.15261694E+06  0.17991449E+06
 0.15165101E+06  0.17884625E+06
 0.15068508E+06  0.17777710E+06
 0.14971915E+06  0.17670703E+06
 0.14875322E+06  0.17563604E+06
 0.14778729E+06  0.17456415E+06
 0.14682136E+06  0.17349134E+06
 0.14585543E+06  0.17241762E+06
 0.14488950E+06  0.17134299E+06
 0.14392357E+06  0.17026746E+06
 0.14295764E+06  0.16919101E+06
 0.14199171E+06  0.16811365E+06
 0.14102578E+06  0.16703538E+06
 0.14005985E+06  0.16595621E+06
 0.13909392E+06  0.16487613E+06
 0.13812799E+06  0.16379515E+06
 0.13716206E+06  0.16271325E+06
 0.13619613E+06  0.16163046E+06
 0.13523020E+06  0.16054676E+06
 0.13426427E+06  0.15946215E+06
 0.13329834E+06  0.15837664E+06
 0.13233241E+06  0.15729023E+06
 0.13136648E+06  0.15620292E+06
 0.13040055E+06  0.15511471E+06
 0.12943462E+06  0.15402559E+06
 0.12846869E+06  0.15293557E+06
 0.12750276E+06  0.15184466E+06
 0.12653683E+06  0.15075284E+06
 0.12557090E+06  0.14966013E+06
 0.12460497E+06  0.14856651E+06
 0.12363904E+06  0.14747200E+06
 0.12267311E+06  0.14637659E+06
 0.12170718E+06  0.14528029E+06
 0.12074125E+06  0.14418308E+06
 0.11977532E+06  0.14308498E+06
 0.11880939E+06  0.14198599E+06
 0.11784346E+06  0.14088610E+06
 0.11687753E+06  0.13978531E+06
 0.11591160E+06  0.13868363E+06
 0.11494567E+06  0.13758105E+06
 0.11397974E+06  0.13647758E+06
 0.11301381E+06  0.13537322E+06
 0.11204788E+06  0.13426796E+06
 0.11108195E+06  0.13316181E+06
 0.11011602E+06  0.13205476E+06
 0.10915009E+06  0.13094683E+06
 0.10818416E+06  0.12983800E+06
 0.10721823E+06  0.12872828E+06
 0.10625230E+06  0.12761766E+06
 0.10528637E+06  0.12650616E+06
 0.10432044E+06  0.12539376E+06
 0.10335451E+06  0.12428048E+06
 0.10238858E+06  0.12316630E+06
 0.10142265E+06  0.12205123E+06
 0.10045672E+06  0.12093528E+06
 0.99490790E+05  0.11981843E+06
 0.98524860E+05  0.11870069E+06
 0.97558930E+05  0.11758206E+06
 0.96593000E+05  0.11646254E+06
 0.95627070E+05  0.11534213E+06
 0.94661140E+05  0.11422081E+06
 0.93695210E+05  0.11309859E+06
 0.92729280E+05  0.11197548E+06
 0.91763350E+05  0.11085167E+06
 0.90797420E+05  0.10972745E+06
 0.89831490E+05  0.10860315E+06
 0.88865560E+05  0.10748397E+06
 0.87899630E+05  0.10636141E+06
 0.86933700E+05  0.10523948E+06
 0.85967770E+05  0.10411832E+06
 0.85001840E+05  0.10299809E+06
 0.84035910E+05  0.10187901E+06
 0.83069980E+05  0.10076133E+06
 0.82104050E+05  0.99645351E+05
 0.81138120E+05  0.98531484E+05
 0.80172190E+05  0.97420255E+05
 0.79206260E+05  0.96312336E+05
 0.78240330E+05  0.95208766E+05
 0.77274400E+05  0.94110981E+05
 0.76308470E+05  0.93021797E+05
 0.75342540E+05  0.91946442E+05
 0.74376610E+05  0.90901610E+05
 0.73410680E+05  0.86041176E+05
 0.72444750E+05  0.84919530E+05
 0.71478820E+05  0.83800351E+05
 0.70512890E+05  0.82683762E+05
 0.69546960E+05  0.81514825E+05
 0.68581030E+05  0.80390472E+05
 0.67615100E+05  0.79268117E+05
 0.66649170E+05  0.78147786E+05
 0.65683240E+05  0.77029734E+05
 0.64717310E+05  0.75913574E+05
 0.63751380E+05  0.74797242E+05
 0.62785450E+05  0.73563273E+05
 0.61819520E+05  0.72440550E+05
 0.60853590E+05  0.71319620E+05
 0.59887660E+05  0.70201494E+05
 0.58921730E+05  0.69091846E+05
 0.57955800E+05  0.68013675E+05
 0.56989870E+05  0.66904382E+05
 0.56023940E+05  0.65804166E+05
 0.55058010E+05  0.64679993E+05
 0.54092080E+05  0.63550550E+05
 0.53126150E+05  0.62424330E+05
 0.52160220E+05  0.61301715E+05
 0.51194290E+05  0.60183686E+05
 0.50228360E+05  0.59049723E+05
 0.49262430E+05  0.57920138E+05
 0.48296500E+05  0.56795169E+05
 0.47330570E+05  0.55660572E+05
 0.46364640E+05  0.54523008E+05
 0.45398710E+05  0.53393143E+05
 0.44432780E+05  0.52268662E+05
 0.43466850E+05  0.51128346E+05
 0.42500920E+05  0.49993842E+05
 0.41534990E+05  0.48865206E+05
 0.40569060E+05  0.47741068E+05
 0.39603130E+05  0.46623282E+05
 0.38637200E+05  0.45479559E+05
 0.37671270E+05  0.44350442E+05
 0.36705340E+05  0.43227388E+05
 0.35739410E+05  0.42098539E+05
 0.34773480E+05  0.40975205E+05
 0.33807550E+05  0.39840257E+05
 0.32841620E+05  0.38705900E+05
 0.31875690E+05  0.37576852E+05
 0.30909760E+05  0.36452817E+05
 0.29943830E+05  0.35324861E+05
 0.28977900E+05  0.34190104E+05
 0.28011970E+05  0.33060863E+05
 0.27046040E+05  0.31936509E+05
 0.26080110E+05  0.30821391E+05
 0.25114180E+05  0.29670285E+05
 0.24148250E+05  0.28540954E+05
 0.23182320E+05  0.27416614E+05
 0.22216390E+05  0.26300089E+05
 0.21250460E+05  0.25153455E+05
 0.20284530E+05  0.24025312E+05
 0.19318600E+05  0.22903830E+05
 0.18352670E+05  0.21774498E+05
 0.17386740E+05  0.20659132E+05
 0.16420810E+05  0.19502895E+05
 0.15454880E+05  0.18372076E+05
 0.14488950E+05  0.17246171E+05
 0.13523020E+05  0.16127159E+05
 0.12557090E+05  0.14990603E+05
 0.11591160E+05  0.13861205E+05
 0.10625230E+05  0.12737267E+05
 0.96593000E+04  0.11621637E+05
 0.86933700E+04  0.10499927E+05
 0.77274400E+04  0.93576307E+04
 0.67615100E+04  0.82242433E+04
 0.57955800E+04  0.70969819E+04
 0.48296500E+04  0.59789677E+04
 0.38637200E+04  0.48258266E+04
 0.28977900E+04  0.36941529E+04
 0.19318600E+04  0.25680257E+04
 0.96593000E+03  0.14503176E+04
 0.00000000E+00  0.28518005E+03
 -.96593000E+03  -.84574211E+03
 -.19318600E+04  -.19710976E+04
 -.28977900E+04  -.30887808E+04
 -.38637200E+04  -.42544997E+04
 -.48296500E+04  -.53969283E+04
 -.57955800E+04  -.65341893E+04
 -.67615100E+04  -.76653800E+04
 -.77274400E+04  -.87876073E+04
 -.86933700E+04  -.98931308E+04
 -.96593000E+04  -.11576493E+05
 -.10625230E+05  -.12712632E+05
 -.11591160E+05  -.13855822E+05
 -.12557090E+05  -.14984503E+05
 -.13523020E+05  -.16118951E+05
 -.14488950E+05  -.17263865E+05
 -.15454880E+05  -.18368128E+05
 -.16420810E+05  -.19490749E+05
 -.17386740E+05  -.20618583E+05
 -.18352670E+05  -.21751166E+05
 -.19318600E+05  -.22890282E+05
 -.20284530E+05  -.24003159E+05
 -.21250460E+05  -.25131824E+05
 -.22216390E+05  -.26265563E+05
 -.23182320E+05  -.27406520E+05
 -.24148250E+05  -.28540923E+05
 -.25114180E+05  -.29674209E+05
 -.26080110E+05  -.30778728E+05
 -.27046040E+05  -.31908760E+05
 -.28011970E+05  -.33044477E+05
 -.28977900E+05  -.34186596E+05
 -.29943830E+05  -.35311773E+05
 -.30909760E+05  -.36441673E+05
 -.31875690E+05  -.37576012E+05
 -.32841620E+05  -.38717136E+05
 -.33807550E+05  -.39705789E+05
 -.34773480E+05  -.40838906E+05
 -.35739410E+05  -.41974376E+05
 -.36705340E+05  -.43113057E+05
 -.37671270E+05  -.44257188E+05
 -.38637200E+05  -.45421199E+05
 -.39603130E+05  -.46651413E+05
 -.40569060E+05  -.47772913E+05
 -.41534990E+05  -.48899290E+05
 -.42500920E+05  -.50030946E+05
 -.43466850E+05  -.51156115E+05
 -.44432780E+05  -.52277957E+05
 -.45398710E+05  -.53394917E+05
 -.46364640E+05  -.54518004E+05
 -.47330570E+05  -.55645355E+05
 -.48296500E+05  -.56777879E+05
 -.49262430E+05  -.57910431E+05
 -.50228360E+05  -.59037119E+05
 -.51194290E+05  -.60169584E+05
 -.52160220E+05  -.61289618E+05
 -.53126150E+05  -.62413755E+05
 -.54092080E+05  -.63541573E+05
 -.55058010E+05  -.64673760E+05
 -.56023940E+05  -.65812046E+05
 -.56989870E+05  -.66936510E+05
 -.57955800E+05  -.68065818E+05
 -.58921730E+05  -.69195395E+05
 -.59887660E+05  -.70319923E+05
 -.60853590E+05  -.71445993E+05
 -.61819520E+05  -.72574925E+05
 -.62785450E+05  -.73707309E+05
 -.63751380E+05  -.74838348E+05
 -.64717310E+05  -.75967268E+05
 -.65683240E+05  -.77100101E+05
 -.66649170E+05  -.78242896E+05
 -.67615100E+05  -.79284676E+05
 -.68581030E+05  -.80406548E+05
 -.69546960E+05  -.81530015E+05
 -.70512890E+05  -.82655119E+05
 -.71478820E+05  -.83782107E+05
 -.72444750E+05  -.84911595E+05
 -.73410680E+05  -.86045281E+05
 -.74376610E+05  -.87238927E+05
 -.75342540E+05  -.88362000E+05
 -.76308470E+05  -.89487778E+05
 -.77274400E+05  -.90618858E+05
 -.78240330E+05  -.91750617E+05
 -.79206260E+05  -.92872418E+05
 -.80172190E+05  -.93996291E+05
 -.81138120E+05  -.95123124E+05
 -.82104050E+05  -.96253807E+05
 -.83069980E+05  -.97387830E+05
 -.84035910E+05  -.98519087E+05
 -.85001840E+05  -.99641550E+05
 -.85967770E+05  -.10076349E+06
 -.86933700E+05  -.10188694E+06
 -.87899630E+05  -.10301317E+06
 -.88865560E+05  -.10414449E+06
 -.89831490E+05  -.10528431E+06
 -.90797420E+05  -.10640941E+06
 -.91763350E+05  -.10753193E+06
 -.92729280E+05  -.10865569E+06
 -.93695210E+05  -.10978142E+06
 -.94661140E+05  -.11091033E+06
 -.95627070E+05  -.11204566E+06
 -.96593000E+05  -.11317787E+06
 -.97558930E+05  -.11430141E+06
 -.98524860E+05  -.11542477E+06
 -.99490790E+05  -.11655031E+06
 -.10045672E+06  -.11768036E+06
 -.10142265E+06  -.11881561E+06
 -.10238858E+06  -.11994174E+06
 -.10335451E+06  -.12106320E+06
 -.10432044E+06  -.12218424E+06
 -.10528637E+06  -.12330588E+06
 -.10625230E+06  -.12442886E+06
 -.10721823E+06  -.12555426E+06
 -.10818416E+06  -.12668381E+06
 -.10915009E+06  -.12781730E+06
 -.11011602E+06  -.12894650E+06
 -.11108195E+06  -.13007237E+06
 -.11204788E+06  -.13119863E+06
 -.11301381E+06  -.13232380E+06
 -.11397974E+06  -.13344252E+06
 -.11494567E+06  -.13455782E+06
 -.11591160E+06  -.13567237E+06
 -.11687753E+06  -.13678694E+06
 -.11784346E+06  -.13790181E+06
 -.11880939E+06  -.13901709E+06
 -.11977532E+06  -.14013290E+06
 -.12074125E+06  -.14124934E+06
 -.12170718E+06  -.14236655E+06
 -.12267311E+06  -.14348475E+06
 -.12363904E+06  -.14460423E+06
 -.12460497E+06  -.14572554E+06
 -.12557090E+06  -.14684968E+06
 -.12653683E+06  -.14797921E+06
 -.12750276E+06  -.14912881E+06
 -.12846869E+06  -.15033942E+06
 -.12943462E+06  -.15147765E+06
 -.13040055E+06  -.15262113E+06
 -.13136648E+06  -.15375809E+06
 -.13233241E+06  -.15488367E+06
 -.13329834E+06  -.15600578E+06
 -.13426427E+06  -.15712763E+06
 -.13523020E+06  -.15825110E+06
 -.13619613E+06  -.15937858E+06
 -.13716206E+06  -.16051548E+06
 -.13812799E+06  -.16165609E+06
 -.13909392E+06  -.16277959E+06
 -.14005985E+06  -.16389723E+06
 -.14102578E+06  -.16501327E+06
 -.14199171E+06  -.16612907E+06
 -.14295764E+06  -.16724536E+06
 -.14392357E+06  -.16836281E+06
 -.14488950E+06  -.16948230E+06
 -.14585543E+06  -.17060551E+06
 -.14682136E+06  -.17173694E+06
 -.14778729E+06  -.17289351E+06
 -.14875322E+06  -.17403228E+06
 -.14971915E+06  -.17515301E+06
 -.15068508E+06  -.17627003E+06
 -.15165101E+06  -.17738608E+06
 -.15261694E+06  -.17850226E+06
 -.15358287E+06  -.17961938E+06
 -.15454880E+06  -.18073836E+06
 -.15551473E+06  -.18186072E+06
 -.15648066E+06  -.18299000E+06
 -.15744659E+06  -.18414084E+06
 -.15841252E+06  -.18530954E+06
 -.15937845E+06  -.18643815E+06
 -.16034438E+06  -.18755879E+06
 -.16131031E+06  -.18867724E+06
 -.16227624E+06  -.18979540E+06
 -.16324217E+06  -.19091442E+06
 -.16420810E+06  -.19203549E+06
 -.16517403E+06  -.19316046E+06
 -.16613996E+06  -.19429352E+06
 -.16710589E+06  -.19545130E+06
 -.16807182E+06  -.19664085E+06
 -.16903775E+06  -.19777935E+06
 -.17000368E+06  -.19890627E+06
 -.17096961E+06  -.20003001E+06
 -.17193554E+06  -.20115330E+06
 -.17290147E+06  -.20227782E+06
 -.17386740E+06  -.20340544E+06
 -.17483333E+06  -.20453934E+06
 -.17579926E+06  -.20568842E+06
 -.17676519E+06  -.20693844E+06
 -.17773112E+06  -.20812677E+06
 -.17869705E+06  -.20927012E+06
 -.17966298E+06  -.21040625E+06
 -.18062891E+06  -.21154096E+06
 -.18159484E+06  -.21267719E+06
 -.18256077E+06  -.21381797E+06
 -.18352670E+06  -.21496872E+06
 -.18449263E+06  -.21614940E+06
 -.18545856E+06  -.21773668E+06
 -.18642449E+06  -.21890958E+06
 -.18739042E+06  -.22007797E+06
 -.18835635E+06  -.22124964E+06
 -.18932228E+06  -.22243265E+06
 -.19028821E+06  -.22364825E+06
 -.19125414E+06  -.22188439E+06
 -.19222007E+06  -.22291439E+06
 -.19318600E+06  -.22394343E+06
 -.19415193E+06  -.22497152E+06
 -.19511786E+06  -.22599866E+06
 -.19608379E+06  -.22702483E+06
 -.19704972E+06  -.22805006E+06
 -.19801565E+06  -.22907432E+06
 -.19898158E+06  -.23009763E+06
 -.19994751E+06  -.23111997E+06
 -.20091344E+06  -.23214136E+06
 -.20187937E+06  -.23316178E+06
 -.20284530E+06  -.23418124E+06
 -.20381123E+06  -.23519973E+06
 -.20477716E+06  -.23621726E+06
 -.20574309E+06  -.23723382E+06
 -.20670902E+06  -.23824942E+06
 -.20767495E+06  -.23926404E+06
 -.20864088E+06  -.24027770E+06
 -.20960681E+06  -.24129038E+06
 -.21057274E+06  -.24230209E+06
 -.21153867E+06  -.24331283E+06
 -.21250460E+06  -.24432260E+06
 -.21347053E+06  -.24533139E+06
 -.21443646E+06  -.24633920E+06
 -.21540239E+06  -.24734604E+06
 -.21636832E+06  -.24835189E+06
 -.21733425E+06  -.24935677E+06
 -.21830018E+06  -.25036067E+06
 -.21926611E+06  -.25136358E+06
 -.22023204E+06  -.25236551E+06
 -.22119797E+06  -.25336646E+06
 -.22216390E+06  -.25436642E+06
 -.22312983E+06  -.25536539E+06
 -.22409576E+06  -.25636338E+06
 -.22506169E+06  -.25736038E+06
 -.22602762E+06  -.25835638E+06
 -.22699355E+06  -.25935140E+06
 -.22795948E+06  -.26034542E+06
 -.22892541E+06  -.26133845E+06
 -.22989134E+06  -.26233049E+06
 -.23085727E+06  -.26332152E+06
 -.23182320E+06  -.26431157E+06
 -.23278913E+06  -.26530061E+06
 -.23375506E+06  -.26628866E+06
 -.23472099E+06  -.26727570E+06
 -.23568692E+06  -.26826174E+06
 -.23665285E+06  -.26924678E+06
 -.23761878E+06  -.27023082E+06
 -.23858471E+06  -.27121385E+06
 -.23955064E+06  -.27219588E+06
 -.24051657E+06  -.27317690E+06
 -.24148250E+06  -.27415691E+06
 -.24244843E+06  -.27513591E+06
 -.24341436E+06  -.27611390E+06
 -.24438029E+06  -.27709087E+06
 -.24534622E+06  -.27806684E+06
 -.24631215E+06  -.27904179E+06
 -.24727808E+06  -.28001572E+06
 -.24824401E+06  -.28098864E+06
 -.24920994E+06  -.28196055E+06
 -.25017587E+06  -.28293143E+06
 -.25114180E+06  -.28390129E+06
 -.25210773E+06  -.28487013E+06
 -.25307366E+06  -.28583796E+06
 -.25403959E+06  -.28680475E+06
 -.25500552E+06  -.28777053E+06
 -.25597145E+06  -.28873528E+06
 -.25693738E+06  -.28969900E+06
 -.25790331E+06  -.29066169E+06
 -.25886924E+06  -.29162336E+06
 -.25983517E+06  -.29258399E+06
 -.26080110E+06  -.29354360E+06
 -.26176703E+06  -.29450217E+06
 -.26273296E+06  -.29545971E+06
 -.26369889E+06  -.29641622E+06
 -.26466482E+06  -.29737169E+06
 -.26563075E+06  -.29832613E+06
 -.26659668E+06  -.29927953E+06
 -.26756261E+06  -.30023189E+06
 -.26852854E+06  -.30118321E+06
 -.26949447E+06  -.30213349E+06
 -.27046040E+06  -.30308272E+06
 -.27142633E+06  -.30403092E+06
 -.27239226E+06  -.30497807E+06
 -.27335819E+06  -.30592418E+06
 -.27432412E+06  -.30686924E+06
 -.27529005E+06  -.30781326E+06
 -.27625598E+06  -.30875623E+06
 -.27722191E+06  -.30969814E+06
 -.27818784E+06  -.31063901E+06
 -.27915377E+06  -.31157883E+06
 -.28011970E+06  -.31251760E+06
 -.28108563E+06  -.31345531E+06
 -.28205156E+06  -.31439197E+06
 -.28301749E+06  -.31532758E+06
 -.28398342E+06  -.31626213E+06
 -.28494935E+06  -.31719562E+06
 -.28591528E+06  -.31812806E+06
 -.28688121E+06  -.31905943E+06
 -.28784714E+06  -.31998975E+06
 -.28881307E+06  -.32091901E+06
 -.28977900E+06  -.32184720E+06
