Mu-Hu               
 0.26147000E+05  0.76705387E+06
 0.26059843E+05  0.76753415E+06
 0.25972687E+05  0.76801265E+06
 0.25885530E+05  0.76848938E+06
 0.25798373E+05  0.76896433E+06
 0.25711217E+05  0.76943750E+06
 0.25624060E+05  0.76990889E+06
 0.25536903E+05  0.77037850E+06
 0.25449747E+05  0.77084634E+06
 0.25362590E+05  0.77131241E+06
 0.25275433E+05  0.77177670E+06
 0.25188277E+05  0.77223922E+06
 0.25101120E+05  0.77269997E+06
 0.25013963E+05  0.77315894E+06
 0.24926807E+05  0.77361614E+06
 0.24839650E+05  0.77407157E+06
 0.24752493E+05  0.77452523E+06
 0.24665337E+05  0.77497712E+06
 0.24578180E+05  0.77542725E+06
 0.24491023E+05  0.77587560E+06
 0.24403867E+05  0.77632219E+06
 0.24316710E+05  0.77676701E+06
 0.24229553E+05  0.77721006E+06
 0.24142397E+05  0.77765135E+06
 0.24055240E+05  0.77809088E+06
 0.23968083E+05  0.77852864E+06
 0.23880927E+05  0.77896463E+06
 0.23793770E+05  0.77939887E+06
 0.23706613E+05  0.77983134E+06
 0.23619457E+05  0.78026205E+06
 0.23532300E+05  0.78069100E+06
 0.23445143E+05  0.78111819E+06
 0.23357987E+05  0.78154362E+06
 0.23270830E+05  0.78196729E+06
 0.23183673E+05  0.78238920E+06
 0.23096517E+05  0.78280936E+06
 0.23009360E+05  0.78322776E+06
 0.22922203E+05  0.78364440E+06
 0.22835047E+05  0.78405929E+06
 0.22747890E+05  0.78447243E+06
 0.22660733E+05  0.78488381E+06
 0.22573577E+05  0.78529344E+06
 0.22486420E+05  0.78570131E+06
 0.22399263E+05  0.78610743E+06
 0.22312107E+05  0.78651180E+06
 0.22224950E+05  0.78691443E+06
 0.22137793E+05  0.78731530E+06
 0.22050637E+05  0.78771442E+06
 0.21963480E+05  0.78811179E+06
 0.21876323E+05  0.78850742E+06
 0.21789167E+05  0.78890129E+06
 0.21702010E+05  0.78929343E+06
 0.21614853E+05  0.78968381E+06
 0.21527697E+05  0.79007245E+06
 0.21440540E+05  0.79045935E+06
 0.21353383E+05  0.79084450E+06
 0.21266227E+05  0.79122790E+06
 0.21179070E+05  0.79160957E+06
 0.21091913E+05  0.79198949E+06
 0.21004757E+05  0.79236767E+06
 0.20917600E+05  0.79274411E+06
 0.20830443E+05  0.79311881E+06
 0.20743287E+05  0.79349177E+06
 0.20656130E+05  0.79386300E+06
 0.20568973E+05  0.79423248E+06
 0.20481817E+05  0.79460022E+06
 0.20394660E+05  0.79496623E+06
 0.20307503E+05  0.79533050E+06
 0.20220347E+05  0.79569304E+06
 0.20133190E+05  0.79605384E+06
 0.20046033E+05  0.79641290E+06
 0.19958877E+05  0.79677023E+06
 0.19871720E+05  0.79712583E+06
 0.19784563E+05  0.79747969E+06
 0.19697407E+05  0.79783182E+06
 0.19610250E+05  0.79818222E+06
 0.19523093E+05  0.79853089E+06
 0.19435937E+05  0.79887783E+06
 0.19348780E+05  0.79922304E+06
 0.19261623E+05  0.79956651E+06
 0.19174467E+05  0.79990826E+06
 0.19087310E+05  0.80024828E+06
 0.19000153E+05  0.80058657E+06
 0.18912997E+05  0.80092313E+06
 0.18825840E+05  0.80125797E+06
 0.18738683E+05  0.80159108E+06
 0.18651527E+05  0.80192247E+06
 0.18564370E+05  0.80225212E+06
 0.18477213E+05  0.80258006E+06
 0.18390057E+05  0.80290627E+06
 0.18302900E+05  0.80323075E+06
 0.18215743E+05  0.80355351E+06
 0.18128587E+05  0.80387455E+06
 0.18041430E+05  0.80419387E+06
 0.17954273E+05  0.80451146E+06
 0.17867117E+05  0.80482734E+06
 0.17779960E+05  0.80514149E+06
 0.17692803E+05  0.80545392E+06
 0.17605647E+05  0.80576463E+06
 0.17518490E+05  0.80607362E+06
 0.17431333E+05  0.80638089E+06
 0.17344177E+05  0.80668645E+06
 0.17257020E+05  0.80699028E+06
 0.17169863E+05  0.80729240E+06
 0.17082707E+05  0.80759280E+06
 0.16995550E+05  0.80789148E+06
 0.16908393E+05  0.80818845E+06
 0.16821237E+05  0.80848370E+06
 0.16734080E+05  0.80877723E+06
 0.16646923E+05  0.80906905E+06
 0.16559767E+05  0.80935915E+06
 0.16472610E+05  0.80964754E+06
 0.16385453E+05  0.80993421E+06
 0.16298297E+05  0.81021917E+06
 0.16211140E+05  0.81050242E+06
 0.16123983E+05  0.81078395E+06
 0.16036827E+05  0.81106377E+06
 0.15949670E+05  0.81134188E+06
 0.15862513E+05  0.81161828E+06
 0.15775357E+05  0.81189296E+06
 0.15688200E+05  0.81216593E+06
 0.15601043E+05  0.81243719E+06
 0.15513887E+05  0.81270674E+06
 0.15426730E+05  0.81297458E+06
 0.15339573E+05  0.81324071E+06
 0.15252417E+05  0.81350513E+06
 0.15165260E+05  0.81376783E+06
 0.15078103E+05  0.81402883E+06
 0.14990947E+05  0.81428812E+06
 0.14903790E+05  0.81454570E+06
 0.14816633E+05  0.81480157E+06
 0.14729477E+05  0.81505574E+06
 0.14642320E+05  0.81530819E+06
 0.14555163E+05  0.81555894E+06
 0.14468007E+05  0.81580798E+06
 0.14380850E+05  0.81605531E+06
 0.14293693E+05  0.81630093E+06
 0.14206537E+05  0.81654485E+06
 0.14119380E+05  0.81678706E+06
 0.14032223E+05  0.81702756E+06
 0.13945067E+05  0.81726636E+06
 0.13857910E+05  0.81750345E+06
 0.13770753E+05  0.81773883E+06
 0.13683597E+05  0.81797251E+06
 0.13596440E+05  0.81820448E+06
 0.13509283E+05  0.81843475E+06
 0.13422127E+05  0.81866331E+06
 0.13334970E+05  0.81889016E+06
 0.13247813E+05  0.81911531E+06
 0.13160657E+05  0.81933875E+06
 0.13073500E+05  0.81956049E+06
 0.12986343E+05  0.81978052E+06
 0.12899187E+05  0.81999885E+06
 0.12812030E+05  0.82021547E+06
 0.12724873E+05  0.82043039E+06
 0.12637717E+05  0.82064360E+06
 0.12550560E+05  0.82085511E+06
 0.12463403E+05  0.82106491E+06
 0.12376247E+05  0.82127301E+06
 0.12289090E+05  0.82147940E+06
 0.12201933E+05  0.82168409E+06
 0.12114777E+05  0.82188707E+06
 0.12027620E+05  0.82208835E+06
 0.11940463E+05  0.82228792E+06
 0.11853307E+05  0.82248579E+06
 0.11766150E+05  0.82268195E+06
 0.11678993E+05  0.82287641E+06
 0.11591837E+05  0.82306916E+06
 0.11504680E+05  0.82326021E+06
 0.11417523E+05  0.82344955E+06
 0.11330367E+05  0.82363719E+06
 0.11243210E+05  0.82382312E+06
 0.11156053E+05  0.82400735E+06
 0.11068897E+05  0.82418987E+06
 0.10981740E+05  0.82437068E+06
 0.10894583E+05  0.82454979E+06
 0.10807427E+05  0.82472719E+06
 0.10720270E+05  0.82490289E+06
 0.10633113E+05  0.82507688E+06
 0.10545957E+05  0.82524917E+06
 0.10458800E+05  0.82541974E+06
 0.10371643E+05  0.82558861E+06
 0.10284487E+05  0.82575578E+06
 0.10197330E+05  0.82592123E+06
 0.10110173E+05  0.82608498E+06
 0.10023017E+05  0.82624702E+06
 0.99358600E+04  0.82640735E+06
 0.98487033E+04  0.82656597E+06
 0.97615467E+04  0.82672289E+06
 0.96743900E+04  0.82687809E+06
 0.95872333E+04  0.82703159E+06
 0.95000767E+04  0.82718338E+06
 0.94129200E+04  0.82733345E+06
 0.93257633E+04  0.82748182E+06
 0.92386067E+04  0.82762847E+06
 0.91514500E+04  0.82777342E+06
 0.90642933E+04  0.82791665E+06
 0.89771367E+04  0.82805817E+06
 0.88899800E+04  0.82819798E+06
 0.88028233E+04  0.82833607E+06
 0.87156667E+04  0.82847245E+06
 0.86285100E+04  0.82860712E+06
 0.85413533E+04  0.82874007E+06
 0.84541967E+04  0.82887131E+06
 0.83670400E+04  0.82900083E+06
 0.82798833E+04  0.82912863E+06
 0.81927267E+04  0.82925472E+06
 0.81055700E+04  0.82937909E+06
 0.80184133E+04  0.82950175E+06
 0.79312567E+04  0.82962268E+06
 0.78441000E+04  0.82974189E+06
 0.77569433E+04  0.82985939E+06
 0.76697867E+04  0.82997516E+06
 0.75826300E+04  0.83008921E+06
 0.74954733E+04  0.83020154E+06
 0.74083167E+04  0.83031215E+06
 0.73211600E+04  0.83042103E+06
 0.72340033E+04  0.83052819E+06
 0.71468467E+04  0.83063362E+06
 0.70596900E+04  0.83073732E+06
 0.69725333E+04  0.83083930E+06
 0.68853767E+04  0.83093954E+06
 0.67982200E+04  0.83103806E+06
 0.67110633E+04  0.83113484E+06
 0.66239067E+04  0.83122989E+06
 0.65367500E+04  0.83132321E+06
 0.64495933E+04  0.83141479E+06
 0.63624367E+04  0.83150463E+06
 0.62752800E+04  0.83159274E+06
 0.61881233E+04  0.83167911E+06
 0.61009667E+04  0.83176373E+06
 0.60138100E+04  0.83184661E+06
 0.59266533E+04  0.83192775E+06
 0.58394967E+04  0.83200714E+06
 0.57523400E+04  0.83208478E+06
 0.56651833E+04  0.83216067E+06
 0.55780267E+04  0.83223481E+06
 0.54908700E+04  0.83230719E+06
 0.54037133E+04  0.83237782E+06
 0.53165567E+04  0.83244668E+06
 0.52294000E+04  0.83251378E+06
 0.51422433E+04  0.83257912E+06
 0.50550867E+04  0.83264268E+06
 0.49679300E+04  0.83270448E+06
 0.48807733E+04  0.83276450E+06
 0.47936167E+04  0.83282273E+06
 0.47064600E+04  0.83287919E+06
 0.46193033E+04  0.83293385E+06
 0.45321467E+04  0.83298672E+06
 0.44449900E+04  0.83303779E+06
 0.43578333E+04  0.83308706E+06
 0.42706767E+04  0.83313452E+06
 0.41835200E+04  0.83318016E+06
 0.40963633E+04  0.83322398E+06
 0.40092067E+04  0.83326596E+06
 0.39220500E+04  0.83330611E+06
 0.38348933E+04  0.83334441E+06
 0.37477367E+04  0.83338084E+06
 0.36605800E+04  0.83341541E+06
 0.35734233E+04  0.83344809E+06
 0.34862667E+04  0.83347888E+06
 0.33991100E+04  0.83350775E+06
 0.33119533E+04  0.83353469E+06
 0.32247967E+04  0.83355968E+06
 0.31376400E+04  0.83358271E+06
 0.30504833E+04  0.83360373E+06
 0.29633267E+04  0.83362274E+06
 0.28761700E+04  0.83363969E+06
 0.27890133E+04  0.83365456E+06
 0.27018567E+04  0.83366729E+06
 0.26147000E+04  0.83367785E+06
 0.25275433E+04  0.83368618E+06
 0.24403867E+04  0.83369221E+06
 0.23532300E+04  0.83369587E+06
 0.22660733E+04  0.83369707E+06
 0.21789167E+04  0.83369571E+06
 0.20917600E+04  0.83369164E+06
 0.20046033E+04  0.83368467E+06
 0.19174467E+04  0.83367452E+06
 0.18302900E+04  0.83366061E+06
 0.17431333E+04  0.83364099E+06
 0.16559767E+04  0.83359728E+06
 0.15688200E+04  0.57800875E+06
 0.14816633E+04  0.57566761E+06
 0.13945067E+04  0.57336657E+06
 0.13073500E+04  0.57109825E+06
 0.12201933E+04  0.56885569E+06
 0.11330367E+04  0.56663205E+06
 0.10458800E+04  0.56442034E+06
 0.95872333E+03  0.56221311E+06
 0.87156667E+03  0.56000209E+06
 0.78441000E+03  0.55777775E+06
 0.69725333E+03  0.55552871E+06
 0.61009667E+03  0.55324085E+06
 0.52294000E+03  0.55089606E+06
 0.43578333E+03  0.54847010E+06
 0.34862667E+03  0.54592920E+06
 0.26147000E+03  0.54322365E+06
 0.17431333E+03  0.54027540E+06
 0.87156667E+02  0.53695054E+06
 0.00000000E+00  0.53298801E+06
 -.87156667E+02  0.52776009E+06
 -.17431333E+03  0.51886128E+06
 -.26147000E+03  -.54190550E+06
 -.34862667E+03  -.54864592E+06
 -.43578333E+03  -.55505326E+06
 -.52294000E+03  -.53734268E+06
 -.61009667E+03  -.54246016E+06
 -.69725333E+03  -.54703238E+06
 -.78441000E+03  -.55126430E+06
 -.87156667E+03  -.55530083E+06
 -.95872333E+03  -.55924891E+06
 -.10458800E+04  -.56318872E+06
 -.11330367E+04  -.56716983E+06
 -.12201933E+04  -.57117733E+06
 -.13073500E+04  -.57506125E+06
 -.13945067E+04  -.57856378E+06
 -.14816633E+04  -.58159212E+06
 -.15688200E+04  -.58428556E+06
 -.16559767E+04  -.58681070E+06
 -.17431333E+04  -.58927912E+06
 -.18302900E+04  -.59176008E+06
 -.19174467E+04  -.59430060E+06
 -.20046033E+04  -.59693794E+06
 -.20917600E+04  -.59970682E+06
 -.21789167E+04  -.60264439E+06
 -.22660733E+04  -.60579488E+06
 -.23532300E+04  -.60921539E+06
 -.24403867E+04  -.61298492E+06
 -.25275433E+04  -.61722042E+06
 -.26147000E+04  -.62211141E+06
 -.27018567E+04  -.62800410E+06
 -.27890133E+04  -.63567550E+06
 -.28761700E+04  -.64794356E+06
 -.29633267E+04  -.83362274E+06
 -.30504833E+04  -.83360373E+06
 -.31376400E+04  -.83358271E+06
 -.32247967E+04  -.83355968E+06
 -.33119533E+04  -.83353469E+06
 -.33991100E+04  -.83350775E+06
 -.34862667E+04  -.83347888E+06
 -.35734233E+04  -.83344809E+06
 -.36605800E+04  -.83341541E+06
 -.37477367E+04  -.83338084E+06
 -.38348933E+04  -.83334441E+06
 -.39220500E+04  -.83330611E+06
 -.40092067E+04  -.83326596E+06
 -.40963633E+04  -.83322398E+06
 -.41835200E+04  -.83318016E+06
 -.42706767E+04  -.83313452E+06
 -.43578333E+04  -.83308706E+06
 -.44449900E+04  -.83303779E+06
 -.45321467E+04  -.83298672E+06
 -.46193033E+04  -.83293385E+06
 -.47064600E+04  -.83287918E+06
 -.47936167E+04  -.83282273E+06
 -.48807733E+04  -.83276450E+06
 -.49679300E+04  -.83270448E+06
 -.50550867E+04  -.83264268E+06
 -.51422433E+04  -.83257912E+06
 -.52294000E+04  -.83251378E+06
 -.53165567E+04  -.83244668E+06
 -.54037133E+04  -.83237782E+06
 -.54908700E+04  -.83230719E+06
 -.55780267E+04  -.83223481E+06
 -.56651833E+04  -.83216067E+06
 -.57523400E+04  -.83208478E+06
 -.58394967E+04  -.83200714E+06
 -.59266533E+04  -.83192775E+06
 -.60138100E+04  -.83184661E+06
 -.61009667E+04  -.83176373E+06
 -.61881233E+04  -.83167911E+06
 -.62752800E+04  -.83159274E+06
 -.63624367E+04  -.83150463E+06
 -.64495933E+04  -.83141479E+06
 -.65367500E+04  -.83132321E+06
 -.66239067E+04  -.83122989E+06
 -.67110633E+04  -.83113484E+06
 -.67982200E+04  -.83103806E+06
 -.68853767E+04  -.83093954E+06
 -.69725333E+04  -.83083929E+06
 -.70596900E+04  -.83073732E+06
 -.71468467E+04  -.83063362E+06
 -.72340033E+04  -.83052819E+06
 -.73211600E+04  -.83042103E+06
 -.74083167E+04  -.83031215E+06
 -.74954733E+04  -.83020154E+06
 -.75826300E+04  -.83008921E+06
 -.76697867E+04  -.82997516E+06
 -.77569433E+04  -.82985939E+06
 -.78441000E+04  -.82974189E+06
 -.79312567E+04  -.82962268E+06
 -.80184133E+04  -.82950175E+06
 -.81055700E+04  -.82937909E+06
 -.81927267E+04  -.82925472E+06
 -.82798833E+04  -.82912863E+06
 -.83670400E+04  -.82900083E+06
 -.84541967E+04  -.82887131E+06
 -.85413533E+04  -.82874007E+06
 -.86285100E+04  -.82860712E+06
 -.87156667E+04  -.82847245E+06
 -.88028233E+04  -.82833607E+06
 -.88899800E+04  -.82819798E+06
 -.89771367E+04  -.82805817E+06
 -.90642933E+04  -.82791665E+06
 -.91514500E+04  -.82777342E+06
 -.92386067E+04  -.82762847E+06
 -.93257633E+04  -.82748182E+06
 -.94129200E+04  -.82733345E+06
 -.95000767E+04  -.82718338E+06
 -.95872333E+04  -.82703159E+06
 -.96743900E+04  -.82687809E+06
 -.97615467E+04  -.82672289E+06
 -.98487033E+04  -.82656597E+06
 -.99358600E+04  -.82640735E+06
 -.10023017E+05  -.82624702E+06
 -.10110173E+05  -.82608498E+06
 -.10197330E+05  -.82592123E+06
 -.10284487E+05  -.82575578E+06
 -.10371643E+05  -.82558861E+06
 -.10458800E+05  -.82541974E+06
 -.10545957E+05  -.82524917E+06
 -.10633113E+05  -.82507688E+06
 -.10720270E+05  -.82490289E+06
 -.10807427E+05  -.82472719E+06
 -.10894583E+05  -.82454979E+06
 -.10981740E+05  -.82437068E+06
 -.11068897E+05  -.82418987E+06
 -.11156053E+05  -.82400735E+06
 -.11243210E+05  -.82382312E+06
 -.11330367E+05  -.82363719E+06
 -.11417523E+05  -.82344955E+06
 -.11504680E+05  -.82326021E+06
 -.11591837E+05  -.82306916E+06
 -.11678993E+05  -.82287641E+06
 -.11766150E+05  -.82268195E+06
 -.11853307E+05  -.82248579E+06
 -.11940463E+05  -.82228792E+06
 -.12027620E+05  -.82208835E+06
 -.12114777E+05  -.82188707E+06
 -.12201933E+05  -.82168408E+06
 -.12289090E+05  -.82147940E+06
 -.12376247E+05  -.82127300E+06
 -.12463403E+05  -.82106491E+06
 -.12550560E+05  -.82085511E+06
 -.12637717E+05  -.82064360E+06
 -.12724873E+05  -.82043039E+06
 -.12812030E+05  -.82021547E+06
 -.12899187E+05  -.81999885E+06
 -.12986343E+05  -.81978052E+06
 -.13073500E+05  -.81956049E+06
 -.13160657E+05  -.81933875E+06
 -.13247813E+05  -.81911531E+06
 -.13334970E+05  -.81889016E+06
 -.13422127E+05  -.81866331E+06
 -.13509283E+05  -.81843475E+06
 -.13596440E+05  -.81820448E+06
 -.13683597E+05  -.81797251E+06
 -.13770753E+05  -.81773883E+06
 -.13857910E+05  -.81750345E+06
 -.13945067E+05  -.81726636E+06
 -.14032223E+05  -.81702756E+06
 -.14119380E+05  -.81678706E+06
 -.14206537E+05  -.81654485E+06
 -.14293693E+05  -.81630093E+06
 -.14380850E+05  -.81605531E+06
 -.14468007E+05  -.81580798E+06
 -.14555163E+05  -.81555894E+06
 -.14642320E+05  -.81530819E+06
 -.14729477E+05  -.81505574E+06
 -.14816633E+05  -.81480157E+06
 -.14903790E+05  -.81454570E+06
 -.14990947E+05  -.81428812E+06
 -.15078103E+05  -.81402883E+06
 -.15165260E+05  -.81376783E+06
 -.15252417E+05  -.81350512E+06
 -.15339573E+05  -.81324071E+06
 -.15426730E+05  -.81297458E+06
 -.15513887E+05  -.81270674E+06
 -.15601043E+05  -.81243719E+06
 -.15688200E+05  -.81216593E+06
 -.15775357E+05  -.81189296E+06
 -.15862513E+05  -.81161827E+06
 -.15949670E+05  -.81134188E+06
 -.16036827E+05  -.81106377E+06
 -.16123983E+05  -.81078395E+06
 -.16211140E+05  -.81050242E+06
 -.16298297E+05  -.81021917E+06
 -.16385453E+05  -.80993421E+06
 -.16472610E+05  -.80964754E+06
 -.16559767E+05  -.80935915E+06
 -.16646923E+05  -.80906905E+06
 -.16734080E+05  -.80877723E+06
 -.16821237E+05  -.80848370E+06
 -.16908393E+05  -.80818845E+06
 -.16995550E+05  -.80789148E+06
 -.17082707E+05  -.80759280E+06
 -.17169863E+05  -.80729240E+06
 -.17257020E+05  -.80699028E+06
 -.17344177E+05  -.80668645E+06
 -.17431333E+05  -.80638089E+06
 -.17518490E+05  -.80607362E+06
 -.17605647E+05  -.80576463E+06
 -.17692803E+05  -.80545392E+06
 -.17779960E+05  -.80514149E+06
 -.17867117E+05  -.80482734E+06
 -.17954273E+05  -.80451146E+06
 -.18041430E+05  -.80419387E+06
 -.18128587E+05  -.80387455E+06
 -.18215743E+05  -.80355351E+06
 -.18302900E+05  -.80323075E+06
 -.18390057E+05  -.80290627E+06
 -.18477213E+05  -.80258006E+06
 -.18564370E+05  -.80225212E+06
 -.18651527E+05  -.80192246E+06
 -.18738683E+05  -.80159108E+06
 -.18825840E+05  -.80125797E+06
 -.18912997E+05  -.80092313E+06
 -.19000153E+05  -.80058657E+06
 -.19087310E+05  -.80024828E+06
 -.19174467E+05  -.79990826E+06
 -.19261623E+05  -.79956651E+06
 -.19348780E+05  -.79922303E+06
 -.19435937E+05  -.79887783E+06
 -.19523093E+05  -.79853089E+06
 -.19610250E+05  -.79818222E+06
 -.19697407E+05  -.79783182E+06
 -.19784563E+05  -.79747969E+06
 -.19871720E+05  -.79712583E+06
 -.19958877E+05  -.79677023E+06
 -.20046033E+05  -.79641290E+06
 -.20133190E+05  -.79605384E+06
 -.20220347E+05  -.79569304E+06
 -.20307503E+05  -.79533050E+06
 -.20394660E+05  -.79496623E+06
 -.20481817E+05  -.79460022E+06
 -.20568973E+05  -.79423248E+06
 -.20656130E+05  -.79386299E+06
 -.20743287E+05  -.79349177E+06
 -.20830443E+05  -.79311881E+06
 -.20917600E+05  -.79274411E+06
 -.21004757E+05  -.79236767E+06
 -.21091913E+05  -.79198949E+06
 -.21179070E+05  -.79160957E+06
 -.21266227E+05  -.79122790E+06
 -.21353383E+05  -.79084450E+06
 -.21440540E+05  -.79045934E+06
 -.21527697E+05  -.79007245E+06
 -.21614853E+05  -.78968381E+06
 -.21702010E+05  -.78929342E+06
 -.21789167E+05  -.78890129E+06
 -.21876323E+05  -.78850741E+06
 -.21963480E+05  -.78811179E+06
 -.22050637E+05  -.78771442E+06
 -.22137793E+05  -.78731529E+06
 -.22224950E+05  -.78691442E+06
 -.22312107E+05  -.78651180E+06
 -.22399263E+05  -.78610743E+06
 -.22486420E+05  -.78570131E+06
 -.22573577E+05  -.78529343E+06
 -.22660733E+05  -.78488381E+06
 -.22747890E+05  -.78447243E+06
 -.22835047E+05  -.78405929E+06
 -.22922203E+05  -.78364440E+06
 -.23009360E+05  -.78322776E+06
 -.23096517E+05  -.78280936E+06
 -.23183673E+05  -.78238920E+06
 -.23270830E+05  -.78196729E+06
 -.23357987E+05  -.78154362E+06
 -.23445143E+05  -.78111819E+06
 -.23532300E+05  -.78069100E+06
 -.23619457E+05  -.78026205E+06
 -.23706613E+05  -.77983134E+06
 -.23793770E+05  -.77939886E+06
 -.23880927E+05  -.77896463E+06
 -.23968083E+05  -.77852863E+06
 -.24055240E+05  -.77809087E+06
 -.24142397E+05  -.77765135E+06
 -.24229553E+05  -.77721006E+06
 -.24316710E+05  -.77676701E+06
 -.24403867E+05  -.77632219E+06
 -.24491023E+05  -.77587560E+06
 -.24578180E+05  -.77542725E+06
 -.24665337E+05  -.77497713E+06
 -.24752493E+05  -.77452523E+06
 -.24839650E+05  -.77407157E+06
 -.24926807E+05  -.77361614E+06
 -.25013963E+05  -.77315894E+06
 -.25101120E+05  -.77269997E+06
 -.25188277E+05  -.77223922E+06
 -.25275433E+05  -.77177670E+06
 -.25362590E+05  -.77131241E+06
 -.25449747E+05  -.77084635E+06
 -.25536903E+05  -.77037851E+06
 -.25624060E+05  -.76990889E+06
 -.25711217E+05  -.76943750E+06
 -.25798373E+05  -.76896433E+06
 -.25885530E+05  -.76848938E+06
 -.25972687E+05  -.76801266E+06
 -.26059843E+05  -.76753415E+06
 -.26147000E+05  -.76705387E+06
Mv-Hv               
 0.00000000E+00  0.63264684E+03
 0.00000000E+00  0.63801946E+03
 0.00000000E+00  0.64342289E+03
 0.00000000E+00  0.64886761E+03
 0.00000000E+00  0.65435564E+03
 0.00000000E+00  0.65988648E+03
 0.00000000E+00  0.66546047E+03
 0.00000000E+00  0.67107797E+03
 0.00000000E+00  0.67673933E+03
 0.00000000E+00  0.68244491E+03
 0.00000000E+00  0.68819506E+03
 0.00000000E+00  0.69399015E+03
 0.00000000E+00  0.69983056E+03
 0.00000000E+00  0.70571724E+03
 0.00000000E+00  0.71164992E+03
 0.00000000E+00  0.71762844E+03
 0.00000000E+00  0.72365427E+03
 0.00000000E+00  0.72972771E+03
 0.00000000E+00  0.73584812E+03
 0.00000000E+00  0.74201679E+03
 0.00000000E+00  0.74823387E+03
 0.00000000E+00  0.75449924E+03
 0.00000000E+00  0.76081332E+03
 0.00000000E+00  0.76717529E+03
 0.00000000E+00  0.77358863E+03
 0.00000000E+00  0.78005335E+03
 0.00000000E+00  0.78656947E+03
 0.00000000E+00  0.79313755E+03
 0.00000000E+00  0.79975797E+03
 0.00000000E+00  0.80643113E+03
 0.00000000E+00  0.81315707E+03
 0.00000000E+00  0.81993696E+03
 0.00000000E+00  0.82677049E+03
 0.00000000E+00  0.83365850E+03
 0.00000000E+00  0.84060145E+03
 0.00000000E+00  0.84759984E+03
 0.00000000E+00  0.85465415E+03
 0.00000000E+00  0.86176488E+03
 0.00000000E+00  0.86893254E+03
 0.00000000E+00  0.87615766E+03
 0.00000000E+00  0.88344029E+03
 0.00000000E+00  0.89078188E+03
 0.00000000E+00  0.89818251E+03
 0.00000000E+00  0.90564228E+03
 0.00000000E+00  0.91316267E+03
 0.00000000E+00  0.92074377E+03
 0.00000000E+00  0.92838571E+03
 0.00000000E+00  0.93608998E+03
 0.00000000E+00  0.94385626E+03
 0.00000000E+00  0.95168608E+03
 0.00000000E+00  0.95957911E+03
 0.00000000E+00  0.96753690E+03
 0.00000000E+00  0.97555916E+03
 0.00000000E+00  0.98364744E+03
 0.00000000E+00  0.99180147E+03
 0.00000000E+00  0.10000228E+04
 0.00000000E+00  0.10083117E+04
 0.00000000E+00  0.10166684E+04
 0.00000000E+00  0.10250944E+04
 0.00000000E+00  0.10335896E+04
 0.00000000E+00  0.10421555E+04
 0.00000000E+00  0.10507920E+04
 0.00000000E+00  0.10595007E+04
 0.00000000E+00  0.10682814E+04
 0.00000000E+00  0.10771359E+04
 0.00000000E+00  0.10860644E+04
 0.00000000E+00  0.10950672E+04
 0.00000000E+00  0.11041461E+04
 0.00000000E+00  0.11133010E+04
 0.00000000E+00  0.11225335E+04
 0.00000000E+00  0.11318440E+04
 0.00000000E+00  0.11412330E+04
 0.00000000E+00  0.11507022E+04
 0.00000000E+00  0.11602520E+04
 0.00000000E+00  0.11698833E+04
 0.00000000E+00  0.11795966E+04
 0.00000000E+00  0.11893936E+04
 0.00000000E+00  0.11992750E+04
 0.00000000E+00  0.12092415E+04
 0.00000000E+00  0.12192937E+04
 0.00000000E+00  0.12294336E+04
 0.00000000E+00  0.12396615E+04
 0.00000000E+00  0.12499787E+04
 0.00000000E+00  0.12603860E+04
 0.00000000E+00  0.12708846E+04
 0.00000000E+00  0.12814756E+04
 0.00000000E+00  0.12921599E+04
 0.00000000E+00  0.13029387E+04
 0.00000000E+00  0.13138132E+04
 0.00000000E+00  0.13247845E+04
 0.00000000E+00  0.13358537E+04
 0.00000000E+00  0.13470221E+04
 0.00000000E+00  0.13582909E+04
 0.00000000E+00  0.13696613E+04
 0.00000000E+00  0.13811345E+04
 0.00000000E+00  0.13927123E+04
 0.00000000E+00  0.14043951E+04
 0.00000000E+00  0.14161847E+04
 0.00000000E+00  0.14280824E+04
 0.00000000E+00  0.14400900E+04
 0.00000000E+00  0.14522082E+04
 0.00000000E+00  0.14644391E+04
 0.00000000E+00  0.14767834E+04
 0.00000000E+00  0.14892430E+04
 0.00000000E+00  0.15018199E+04
 0.00000000E+00  0.15145151E+04
 0.00000000E+00  0.15273299E+04
 0.00000000E+00  0.15402667E+04
 0.00000000E+00  0.15533263E+04
 0.00000000E+00  0.15665112E+04
 0.00000000E+00  0.15798227E+04
 0.00000000E+00  0.15932621E+04
 0.00000000E+00  0.16068321E+04
 0.00000000E+00  0.16205340E+04
 0.00000000E+00  0.16343698E+04
 0.00000000E+00  0.16483413E+04
 0.00000000E+00  0.16624504E+04
 0.00000000E+00  0.16766991E+04
 0.00000000E+00  0.16910895E+04
 0.00000000E+00  0.17056236E+04
 0.00000000E+00  0.17203035E+04
 0.00000000E+00  0.17351314E+04
 0.00000000E+00  0.17501098E+04
 0.00000000E+00  0.17652402E+04
 0.00000000E+00  0.17805254E+04
 0.00000000E+00  0.17959680E+04
 0.00000000E+00  0.18115696E+04
 0.00000000E+00  0.18273336E+04
 0.00000000E+00  0.18432616E+04
 0.00000000E+00  0.18593569E+04
 0.00000000E+00  0.18756219E+04
 0.00000000E+00  0.18920587E+04
 0.00000000E+00  0.19086710E+04
 0.00000000E+00  0.19254611E+04
 0.00000000E+00  0.19424320E+04
 0.00000000E+00  0.19595865E+04
 0.00000000E+00  0.19769277E+04
 0.00000000E+00  0.19944586E+04
 0.00000000E+00  0.20121825E+04
 0.00000000E+00  0.20301025E+04
 0.00000000E+00  0.20482223E+04
 0.00000000E+00  0.20665447E+04
 0.00000000E+00  0.20850737E+04
 0.00000000E+00  0.21038123E+04
 0.00000000E+00  0.21227648E+04
 0.00000000E+00  0.21419342E+04
 0.00000000E+00  0.21613251E+04
 0.00000000E+00  0.21809411E+04
 0.00000000E+00  0.22007862E+04
 0.00000000E+00  0.22208646E+04
 0.00000000E+00  0.22411804E+04
 0.00000000E+00  0.22617381E+04
 0.00000000E+00  0.22825421E+04
 0.00000000E+00  0.23035973E+04
 0.00000000E+00  0.23249078E+04
 0.00000000E+00  0.23464791E+04
 0.00000000E+00  0.23683159E+04
 0.00000000E+00  0.23904228E+04
 0.00000000E+00  0.24128059E+04
 0.00000000E+00  0.24354701E+04
 0.00000000E+00  0.24584210E+04
 0.00000000E+00  0.24816642E+04
 0.00000000E+00  0.25052060E+04
 0.00000000E+00  0.25290518E+04
 0.00000000E+00  0.25532083E+04
 0.00000000E+00  0.25776813E+04
 0.00000000E+00  0.26024780E+04
 0.00000000E+00  0.26276047E+04
 0.00000000E+00  0.26530685E+04
 0.00000000E+00  0.26788765E+04
 0.00000000E+00  0.27050363E+04
 0.00000000E+00  0.27315549E+04
 0.00000000E+00  0.27584407E+04
 0.00000000E+00  0.27857014E+04
 0.00000000E+00  0.28133454E+04
 0.00000000E+00  0.28413813E+04
 0.00000000E+00  0.28698177E+04
 0.00000000E+00  0.28986639E+04
 0.00000000E+00  0.29279294E+04
 0.00000000E+00  0.29576237E+04
 0.00000000E+00  0.29877567E+04
 0.00000000E+00  0.30183389E+04
 0.00000000E+00  0.30493808E+04
 0.00000000E+00  0.30808937E+04
 0.00000000E+00  0.31128885E+04
 0.00000000E+00  0.31453774E+04
 0.00000000E+00  0.31783727E+04
 0.00000000E+00  0.32118863E+04
 0.00000000E+00  0.32459317E+04
 0.00000000E+00  0.32805220E+04
 0.00000000E+00  0.33156718E+04
 0.00000000E+00  0.33513948E+04
 0.00000000E+00  0.33877064E+04
 0.00000000E+00  0.34246216E+04
 0.00000000E+00  0.34621572E+04
 0.00000000E+00  0.35003290E+04
 0.00000000E+00  0.35391549E+04
 0.00000000E+00  0.35786523E+04
 0.00000000E+00  0.36188400E+04
 0.00000000E+00  0.36597374E+04
 0.00000000E+00  0.37013643E+04
 0.00000000E+00  0.37437417E+04
 0.00000000E+00  0.37868910E+04
 0.00000000E+00  0.38308347E+04
 0.00000000E+00  0.38755961E+04
 0.00000000E+00  0.39211997E+04
 0.00000000E+00  0.39676708E+04
 0.00000000E+00  0.40150356E+04
 0.00000000E+00  0.40633215E+04
 0.00000000E+00  0.41125574E+04
 0.00000000E+00  0.41627728E+04
 0.00000000E+00  0.42139990E+04
 0.00000000E+00  0.42662685E+04
 0.00000000E+00  0.43196150E+04
 0.00000000E+00  0.43740739E+04
 0.00000000E+00  0.44296823E+04
 0.00000000E+00  0.44864790E+04
 0.00000000E+00  0.45445043E+04
 0.00000000E+00  0.46038005E+04
 0.00000000E+00  0.46644121E+04
 0.00000000E+00  0.47263855E+04
 0.00000000E+00  0.47897693E+04
 0.00000000E+00  0.48546148E+04
 0.00000000E+00  0.49209754E+04
 0.00000000E+00  0.49889076E+04
 0.00000000E+00  0.50584704E+04
 0.00000000E+00  0.51297262E+04
 0.00000000E+00  0.52027404E+04
 0.00000000E+00  0.52775818E+04
 0.00000000E+00  0.53543232E+04
 0.00000000E+00  0.54330411E+04
 0.00000000E+00  0.55138162E+04
 0.00000000E+00  0.55967339E+04
 0.00000000E+00  0.56818841E+04
 0.00000000E+00  0.57693624E+04
 0.00000000E+00  0.58592694E+04
 0.00000000E+00  0.59517122E+04
 0.00000000E+00  0.60468037E+04
 0.00000000E+00  0.61446643E+04
 0.00000000E+00  0.62454215E+04
 0.00000000E+00  0.63492110E+04
 0.00000000E+00  0.64561772E+04
 0.00000000E+00  0.65664738E+04
 0.00000000E+00  0.66802645E+04
 0.00000000E+00  0.67977245E+04
 0.00000000E+00  0.69190406E+04
 0.00000000E+00  0.70444130E+04
 0.00000000E+00  0.71740557E+04
 0.00000000E+00  0.73081983E+04
 0.00000000E+00  0.74470876E+04
 0.00000000E+00  0.75909889E+04
 0.00000000E+00  0.77401874E+04
 0.00000000E+00  0.78949911E+04
 0.00000000E+00  0.80557327E+04
 0.00000000E+00  0.82227715E+04
 0.00000000E+00  0.83964975E+04
 0.00000000E+00  0.85773332E+04
 0.00000000E+00  0.87657388E+04
 0.00000000E+00  0.89622152E+04
 0.00000000E+00  0.91673096E+04
 0.00000000E+00  0.93816204E+04
 0.00000000E+00  0.96058040E+04
 0.00000000E+00  0.98405825E+04
 0.00000000E+00  0.10086752E+05
 0.00000000E+00  0.10345192E+05
 0.00000000E+00  0.10616880E+05
 0.00000000E+00  0.10902904E+05
 0.00000000E+00  0.11204480E+05
 0.00000000E+00  0.11522975E+05
 0.00000000E+00  0.11859933E+05
 0.00000000E+00  0.12217113E+05
 0.00000000E+00  0.12596531E+05
 0.00000000E+00  0.13000528E+05
 0.00000000E+00  0.13431859E+05
 0.00000000E+00  0.13893840E+05
 0.00000000E+00  0.14390581E+05
 0.00000000E+00  0.14927431E+05
 0.00000000E+00  0.15511904E+05
 0.00000000E+00  0.16155950E+05
 0.00000000E+00  0.16882937E+05
 0.00000000E+00  0.17757662E+05
 0.00000000E+00  0.19149029E+05
 0.00000000E+00  0.73104548E+05
 0.00000000E+00  0.76239549E+05
 0.00000000E+00  0.79454579E+05
 0.00000000E+00  0.82752544E+05
 0.00000000E+00  0.86137808E+05
 0.00000000E+00  0.89616763E+05
 0.00000000E+00  0.93198457E+05
 0.00000000E+00  0.96895319E+05
 0.00000000E+00  0.10072406E+06
 0.00000000E+00  0.10470688E+06
 0.00000000E+00  0.10887310E+06
 0.00000000E+00  0.11326164E+06
 0.00000000E+00  0.11792465E+06
 0.00000000E+00  0.12293338E+06
 0.00000000E+00  0.12838795E+06
 0.00000000E+00  0.13443484E+06
 0.00000000E+00  0.14130074E+06
 0.00000000E+00  0.14936552E+06
 0.00000000E+00  0.15934562E+06
 0.00000000E+00  0.17288909E+06
 0.00000000E+00  0.19591959E+06
 0.00000000E+00  0.14677841E+06
 0.00000000E+00  0.12637798E+06
 0.00000000E+00  0.10361060E+06
 0.00000000E+00  -.17076516E+06
 0.00000000E+00  -.15818575E+06
 0.00000000E+00  -.14680014E+06
 0.00000000E+00  -.13612072E+06
 0.00000000E+00  -.12573865E+06
 0.00000000E+00  -.11528250E+06
 0.00000000E+00  -.10438486E+06
 0.00000000E+00  -.92687041E+05
 0.00000000E+00  -.79991506E+05
 0.00000000E+00  -.66780040E+05
 0.00000000E+00  -.54651433E+05
 0.00000000E+00  -.45035878E+05
 0.00000000E+00  -.37927718E+05
 0.00000000E+00  -.32664602E+05
 0.00000000E+00  -.28657827E+05
 0.00000000E+00  -.25510963E+05
 0.00000000E+00  -.22969007E+05
 0.00000000E+00  -.20865495E+05
 0.00000000E+00  -.19088448E+05
 0.00000000E+00  -.17560074E+05
 0.00000000E+00  -.16224655E+05
 0.00000000E+00  -.15041142E+05
 0.00000000E+00  -.13977241E+05
 0.00000000E+00  -.13011808E+05
 0.00000000E+00  -.12124823E+05
 0.00000000E+00  -.11302444E+05
 0.00000000E+00  -.10538643E+05
 0.00000000E+00  -.98570036E+04
 0.00000000E+00  -.10902904E+05
 0.00000000E+00  -.10616880E+05
 0.00000000E+00  -.10345192E+05
 0.00000000E+00  -.10086752E+05
 0.00000000E+00  -.98405825E+04
 0.00000000E+00  -.96058041E+04
 0.00000000E+00  -.93816204E+04
 0.00000000E+00  -.91673096E+04
 0.00000000E+00  -.89622153E+04
 0.00000000E+00  -.87657389E+04
 0.00000000E+00  -.85773333E+04
 0.00000000E+00  -.83964975E+04
 0.00000000E+00  -.82227716E+04
 0.00000000E+00  -.80557327E+04
 0.00000000E+00  -.78949913E+04
 0.00000000E+00  -.77401875E+04
 0.00000000E+00  -.75909890E+04
 0.00000000E+00  -.74470878E+04
 0.00000000E+00  -.73081985E+04
 0.00000000E+00  -.71740559E+04
 0.00000000E+00  -.70444133E+04
 0.00000000E+00  -.69190409E+04
 0.00000000E+00  -.67977248E+04
 0.00000000E+00  -.66802648E+04
 0.00000000E+00  -.65664740E+04
 0.00000000E+00  -.64561775E+04
 0.00000000E+00  -.63492114E+04
 0.00000000E+00  -.62454219E+04
 0.00000000E+00  -.61446646E+04
 0.00000000E+00  -.60468040E+04
 0.00000000E+00  -.59517125E+04
 0.00000000E+00  -.58592698E+04
 0.00000000E+00  -.57693628E+04
 0.00000000E+00  -.56818846E+04
 0.00000000E+00  -.55967343E+04
 0.00000000E+00  -.55138166E+04
 0.00000000E+00  -.54330415E+04
 0.00000000E+00  -.53543237E+04
 0.00000000E+00  -.52775824E+04
 0.00000000E+00  -.52027408E+04
 0.00000000E+00  -.51297267E+04
 0.00000000E+00  -.50584710E+04
 0.00000000E+00  -.49889081E+04
 0.00000000E+00  -.49209759E+04
 0.00000000E+00  -.48546153E+04
 0.00000000E+00  -.47897699E+04
 0.00000000E+00  -.47263859E+04
 0.00000000E+00  -.46644127E+04
 0.00000000E+00  -.46038011E+04
 0.00000000E+00  -.45445049E+04
 0.00000000E+00  -.44864795E+04
 0.00000000E+00  -.44296829E+04
 0.00000000E+00  -.43740744E+04
 0.00000000E+00  -.43196155E+04
 0.00000000E+00  -.42662690E+04
 0.00000000E+00  -.42139995E+04
 0.00000000E+00  -.41627733E+04
 0.00000000E+00  -.41125579E+04
 0.00000000E+00  -.40633221E+04
 0.00000000E+00  -.40150361E+04
 0.00000000E+00  -.39676713E+04
 0.00000000E+00  -.39212002E+04
 0.00000000E+00  -.38755966E+04
 0.00000000E+00  -.38308352E+04
 0.00000000E+00  -.37868915E+04
 0.00000000E+00  -.37437422E+04
 0.00000000E+00  -.37013648E+04
 0.00000000E+00  -.36597379E+04
 0.00000000E+00  -.36188407E+04
 0.00000000E+00  -.35786528E+04
 0.00000000E+00  -.35391553E+04
 0.00000000E+00  -.35003295E+04
 0.00000000E+00  -.34621576E+04
 0.00000000E+00  -.34246223E+04
 0.00000000E+00  -.33877068E+04
 0.00000000E+00  -.33513952E+04
 0.00000000E+00  -.33156722E+04
 0.00000000E+00  -.32805227E+04
 0.00000000E+00  -.32459321E+04
 0.00000000E+00  -.32118867E+04
 0.00000000E+00  -.31783731E+04
 0.00000000E+00  -.31453781E+04
 0.00000000E+00  -.31128891E+04
 0.00000000E+00  -.30808941E+04
 0.00000000E+00  -.30493812E+04
 0.00000000E+00  -.30183393E+04
 0.00000000E+00  -.29877571E+04
 0.00000000E+00  -.29576240E+04
 0.00000000E+00  -.29279297E+04
 0.00000000E+00  -.28986645E+04
 0.00000000E+00  -.28698180E+04
 0.00000000E+00  -.28413816E+04
 0.00000000E+00  -.28133457E+04
 0.00000000E+00  -.27857017E+04
 0.00000000E+00  -.27584410E+04
 0.00000000E+00  -.27315554E+04
 0.00000000E+00  -.27050365E+04
 0.00000000E+00  -.26788770E+04
 0.00000000E+00  -.26530691E+04
 0.00000000E+00  -.26276050E+04
 0.00000000E+00  -.26024785E+04
 0.00000000E+00  -.25776818E+04
 0.00000000E+00  -.25532085E+04
 0.00000000E+00  -.25290523E+04
 0.00000000E+00  -.25052063E+04
 0.00000000E+00  -.24816647E+04
 0.00000000E+00  -.24584215E+04
 0.00000000E+00  -.24354706E+04
 0.00000000E+00  -.24128064E+04
 0.00000000E+00  -.23904233E+04
 0.00000000E+00  -.23683160E+04
 0.00000000E+00  -.23464793E+04
 0.00000000E+00  -.23249083E+04
 0.00000000E+00  -.23035974E+04
 0.00000000E+00  -.22825425E+04
 0.00000000E+00  -.22617385E+04
 0.00000000E+00  -.22411805E+04
 0.00000000E+00  -.22208647E+04
 0.00000000E+00  -.22007863E+04
 0.00000000E+00  -.21809412E+04
 0.00000000E+00  -.21613256E+04
 0.00000000E+00  -.21419346E+04
 0.00000000E+00  -.21227648E+04
 0.00000000E+00  -.21038127E+04
 0.00000000E+00  -.20850738E+04
 0.00000000E+00  -.20665451E+04
 0.00000000E+00  -.20482224E+04
 0.00000000E+00  -.20301029E+04
 0.00000000E+00  -.20121828E+04
 0.00000000E+00  -.19944586E+04
 0.00000000E+00  -.19769277E+04
 0.00000000E+00  -.19595865E+04
 0.00000000E+00  -.19424320E+04
 0.00000000E+00  -.19254611E+04
 0.00000000E+00  -.19086714E+04
 0.00000000E+00  -.18920591E+04
 0.00000000E+00  -.18756218E+04
 0.00000000E+00  -.18593569E+04
 0.00000000E+00  -.18432619E+04
 0.00000000E+00  -.18273335E+04
 0.00000000E+00  -.18115700E+04
 0.00000000E+00  -.17959679E+04
 0.00000000E+00  -.17805257E+04
 0.00000000E+00  -.17652405E+04
 0.00000000E+00  -.17501097E+04
 0.00000000E+00  -.17351317E+04
 0.00000000E+00  -.17203038E+04
 0.00000000E+00  -.17056239E+04
 0.00000000E+00  -.16910898E+04
 0.00000000E+00  -.16766994E+04
 0.00000000E+00  -.16624506E+04
 0.00000000E+00  -.16483415E+04
 0.00000000E+00  -.16343701E+04
 0.00000000E+00  -.16205343E+04
 0.00000000E+00  -.16068324E+04
 0.00000000E+00  -.15932624E+04
 0.00000000E+00  -.15798225E+04
 0.00000000E+00  -.15665114E+04
 0.00000000E+00  -.15533265E+04
 0.00000000E+00  -.15402665E+04
 0.00000000E+00  -.15273302E+04
 0.00000000E+00  -.15145150E+04
 0.00000000E+00  -.15018201E+04
 0.00000000E+00  -.14892432E+04
 0.00000000E+00  -.14767836E+04
 0.00000000E+00  -.14644389E+04
 0.00000000E+00  -.14522084E+04
 0.00000000E+00  -.14400902E+04
 0.00000000E+00  -.14280826E+04
 0.00000000E+00  -.14161849E+04
 0.00000000E+00  -.14043953E+04
 0.00000000E+00  -.13927120E+04
 0.00000000E+00  -.13811347E+04
 0.00000000E+00  -.13696614E+04
 0.00000000E+00  -.13582911E+04
 0.00000000E+00  -.13470223E+04
 0.00000000E+00  -.13358539E+04
 0.00000000E+00  -.13247847E+04
 0.00000000E+00  -.13138134E+04
 0.00000000E+00  -.13029389E+04
 0.00000000E+00  -.12921600E+04
 0.00000000E+00  -.12814757E+04
 0.00000000E+00  -.12708848E+04
 0.00000000E+00  -.12603862E+04
 0.00000000E+00  -.12499788E+04
 0.00000000E+00  -.12396617E+04
 0.00000000E+00  -.12294337E+04
 0.00000000E+00  -.12192938E+04
 0.00000000E+00  -.12092411E+04
 0.00000000E+00  -.11992751E+04
 0.00000000E+00  -.11893938E+04
 0.00000000E+00  -.11795967E+04
 0.00000000E+00  -.11698830E+04
 0.00000000E+00  -.11602521E+04
 0.00000000E+00  -.11507023E+04
 0.00000000E+00  -.11412331E+04
 0.00000000E+00  -.11318441E+04
 0.00000000E+00  -.11225336E+04
 0.00000000E+00  -.11133010E+04
 0.00000000E+00  -.11041462E+04
 0.00000000E+00  -.10950673E+04
 0.00000000E+00  -.10860640E+04
 0.00000000E+00  -.10771360E+04
 0.00000000E+00  -.10682815E+04
 0.00000000E+00  -.10595008E+04
 0.00000000E+00  -.10507920E+04
 0.00000000E+00  -.10421555E+04
 0.00000000E+00  -.10335896E+04
 0.00000000E+00  -.10250945E+04
 0.00000000E+00  -.10166684E+04
 0.00000000E+00  -.10083113E+04
 0.00000000E+00  -.10000229E+04
 0.00000000E+00  -.99180151E+03
 0.00000000E+00  -.98364748E+03
 0.00000000E+00  -.97555919E+03
 0.00000000E+00  -.96753693E+03
 0.00000000E+00  -.95957913E+03
 0.00000000E+00  -.95168610E+03
 0.00000000E+00  -.94385628E+03
 0.00000000E+00  -.93608999E+03
 0.00000000E+00  -.92838571E+03
 0.00000000E+00  -.92074377E+03
 0.00000000E+00  -.91316266E+03
 0.00000000E+00  -.90564227E+03
 0.00000000E+00  -.89818250E+03
 0.00000000E+00  -.89078186E+03
 0.00000000E+00  -.88344026E+03
 0.00000000E+00  -.87615763E+03
 0.00000000E+00  -.86893251E+03
 0.00000000E+00  -.86176484E+03
 0.00000000E+00  -.85465410E+03
 0.00000000E+00  -.84759978E+03
 0.00000000E+00  -.84060138E+03
 0.00000000E+00  -.83365842E+03
 0.00000000E+00  -.82677041E+03
 0.00000000E+00  -.81993687E+03
 0.00000000E+00  -.81315696E+03
 0.00000000E+00  -.80643100E+03
 0.00000000E+00  -.79975782E+03
 0.00000000E+00  -.79313738E+03
 0.00000000E+00  -.78656927E+03
 0.00000000E+00  -.78005313E+03
 0.00000000E+00  -.77358836E+03
 0.00000000E+00  -.76717496E+03
 0.00000000E+00  -.76081306E+03
 0.00000000E+00  -.75449921E+03
 0.00000000E+00  -.74823368E+03
 0.00000000E+00  -.74201699E+03
 0.00000000E+00  -.73584798E+03
 0.00000000E+00  -.72972757E+03
 0.00000000E+00  -.72365467E+03
 0.00000000E+00  -.71762888E+03
 0.00000000E+00  -.71164983E+03
 0.00000000E+00  -.70571716E+03
 0.00000000E+00  -.69983111E+03
 0.00000000E+00  -.69399010E+03
 0.00000000E+00  -.68819501E+03
 0.00000000E+00  -.68244487E+03
 0.00000000E+00  -.67673931E+03
 0.00000000E+00  -.67107796E+03
 0.00000000E+00  -.66546047E+03
 0.00000000E+00  -.65988649E+03
 0.00000000E+00  -.65435566E+03
 0.00000000E+00  -.64886764E+03
 0.00000000E+00  -.64342293E+03
 0.00000000E+00  -.63801952E+03
 0.00000000E+00  -.63265790E+03
Mw-Hw               
 0.29885900E+06  0.35856194E+06
 0.29786280E+06  0.35743520E+06
 0.29686661E+06  0.35630786E+06
 0.29587041E+06  0.35517994E+06
 0.29487421E+06  0.35405143E+06
 0.29387802E+06  0.35292233E+06
 0.29288182E+06  0.35179265E+06
 0.29188562E+06  0.35066238E+06
 0.29088943E+06  0.34953154E+06
 0.28989323E+06  0.34840012E+06
 0.28889703E+06  0.34726812E+06
 0.28790084E+06  0.34613554E+06
 0.28690464E+06  0.34500240E+06
 0.28590844E+06  0.34386868E+06
 0.28491225E+06  0.34273439E+06
 0.28391605E+06  0.34159954E+06
 0.28291985E+06  0.34046412E+06
 0.28192366E+06  0.33932813E+06
 0.28092746E+06  0.33819159E+06
 0.27993126E+06  0.33705448E+06
 0.27893507E+06  0.33591682E+06
 0.27793887E+06  0.33477859E+06
 0.27694267E+06  0.33363982E+06
 0.27594648E+06  0.33250049E+06
 0.27495028E+06  0.33136060E+06
 0.27395408E+06  0.33022017E+06
 0.27295789E+06  0.32907919E+06
 0.27196169E+06  0.32793766E+06
 0.27096549E+06  0.32679559E+06
 0.26996930E+06  0.32565298E+06
 0.26897310E+06  0.32450982E+06
 0.26797690E+06  0.32336612E+06
 0.26698071E+06  0.32222188E+06
 0.26598451E+06  0.32107711E+06
 0.26498831E+06  0.31993180E+06
 0.26399212E+06  0.31878596E+06
 0.26299592E+06  0.31763959E+06
 0.26199972E+06  0.31649268E+06
 0.26100353E+06  0.31534525E+06
 0.26000733E+06  0.31419729E+06
 0.25901113E+06  0.31304881E+06
 0.25801494E+06  0.31189980E+06
 0.25701874E+06  0.31075026E+06
 0.25602254E+06  0.30960021E+06
 0.25502635E+06  0.30844964E+06
 0.25403015E+06  0.30729855E+06
 0.25303395E+06  0.30614694E+06
 0.25203776E+06  0.30499482E+06
 0.25104156E+06  0.30384218E+06
 0.25004536E+06  0.30268903E+06
 0.24904917E+06  0.30153537E+06
 0.24805297E+06  0.30038121E+06
 0.24705677E+06  0.29922653E+06
 0.24606058E+06  0.29807135E+06
 0.24506438E+06  0.29691566E+06
 0.24406818E+06  0.29575947E+06
 0.24307199E+06  0.29460278E+06
 0.24207579E+06  0.29344559E+06
 0.24107959E+06  0.29228790E+06
 0.24008340E+06  0.29112971E+06
 0.23908720E+06  0.28997103E+06
 0.23809100E+06  0.28881185E+06
 0.23709481E+06  0.28765218E+06
 0.23609861E+06  0.28649201E+06
 0.23510241E+06  0.28533136E+06
 0.23410622E+06  0.28417021E+06
 0.23311002E+06  0.28300858E+06
 0.23211382E+06  0.28184646E+06
 0.23111763E+06  0.28068386E+06
 0.23012143E+06  0.27952077E+06
 0.22912523E+06  0.27835720E+06
 0.22812904E+06  0.27719315E+06
 0.22713284E+06  0.27602861E+06
 0.22613664E+06  0.27486360E+06
 0.22514045E+06  0.27369812E+06
 0.22414425E+06  0.27253215E+06
 0.22314805E+06  0.27136571E+06
 0.22215186E+06  0.27019880E+06
 0.22115566E+06  0.26903142E+06
 0.22015946E+06  0.26786356E+06
 0.21916327E+06  0.26669524E+06
 0.21816707E+06  0.26552644E+06
 0.21717087E+06  0.26435718E+06
 0.21617468E+06  0.26318746E+06
 0.21517848E+06  0.26201727E+06
 0.21418228E+06  0.26084661E+06
 0.21318609E+06  0.25967549E+06
 0.21218989E+06  0.25850392E+06
 0.21119369E+06  0.25733188E+06
 0.21019750E+06  0.25615938E+06
 0.20920130E+06  0.25498643E+06
 0.20820510E+06  0.25381302E+06
 0.20720891E+06  0.25263915E+06
 0.20621271E+06  0.25146483E+06
 0.20521651E+06  0.25029006E+06
 0.20422032E+06  0.24911484E+06
 0.20322412E+06  0.24793916E+06
 0.20222792E+06  0.24676304E+06
 0.20123173E+06  0.24558647E+06
 0.20023553E+06  0.24440945E+06
 0.19923933E+06  0.24323198E+06
 0.19824314E+06  0.24205407E+06
 0.19724694E+06  0.24087572E+06
 0.19625074E+06  0.23969693E+06
 0.19525455E+06  0.23851769E+06
 0.19425835E+06  0.23733801E+06
 0.19326215E+06  0.23615789E+06
 0.19226596E+06  0.23497734E+06
 0.19126976E+06  0.23379635E+06
 0.19027356E+06  0.23261492E+06
 0.18927737E+06  0.23143306E+06
 0.18828117E+06  0.23025076E+06
 0.18728497E+06  0.22906803E+06
 0.18628878E+06  0.22788487E+06
 0.18529258E+06  0.22670128E+06
 0.18429638E+06  0.22551726E+06
 0.18330019E+06  0.22433281E+06
 0.18230399E+06  0.22314793E+06
 0.18130779E+06  0.22196263E+06
 0.18031160E+06  0.22077690E+06
 0.17931540E+06  0.21959075E+06
 0.17831920E+06  0.21840417E+06
 0.17732301E+06  0.21721717E+06
 0.17632681E+06  0.21602975E+06
 0.17533061E+06  0.21484191E+06
 0.17433442E+06  0.21365365E+06
 0.17333822E+06  0.21246497E+06
 0.17234202E+06  0.21127587E+06
 0.17134583E+06  0.21008636E+06
 0.17034963E+06  0.20889643E+06
 0.16935343E+06  0.20770609E+06
 0.16835724E+06  0.20651533E+06
 0.16736104E+06  0.20532417E+06
 0.16636484E+06  0.20413259E+06
 0.16536865E+06  0.20294059E+06
 0.16437245E+06  0.20174819E+06
 0.16337625E+06  0.20055538E+06
 0.16238006E+06  0.19936217E+06
 0.16138386E+06  0.19816854E+06
 0.16038766E+06  0.19697451E+06
 0.15939147E+06  0.19578008E+06
 0.15839527E+06  0.19458524E+06
 0.15739907E+06  0.19339000E+06
 0.15640288E+06  0.19219435E+06
 0.15540668E+06  0.19099831E+06
 0.15441048E+06  0.18980186E+06
 0.15341429E+06  0.18860502E+06
 0.15241809E+06  0.18740777E+06
 0.15142189E+06  0.18621013E+06
 0.15042570E+06  0.18501209E+06
 0.14942950E+06  0.18381366E+06
 0.14843330E+06  0.18261483E+06
 0.14743711E+06  0.18141560E+06
 0.14644091E+06  0.18021598E+06
 0.14544471E+06  0.17901597E+06
 0.14444852E+06  0.17781557E+06
 0.14345232E+06  0.17661478E+06
 0.14245612E+06  0.17541360E+06
 0.14145993E+06  0.17421203E+06
 0.14046373E+06  0.17301007E+06
 0.13946753E+06  0.17180772E+06
 0.13847134E+06  0.17060499E+06
 0.13747514E+06  0.16940187E+06
 0.13647894E+06  0.16819837E+06
 0.13548275E+06  0.16699448E+06
 0.13448655E+06  0.16579021E+06
 0.13349035E+06  0.16458555E+06
 0.13249416E+06  0.16338052E+06
 0.13149796E+06  0.16217510E+06
 0.13050176E+06  0.16096931E+06
 0.12950557E+06  0.15976314E+06
 0.12850937E+06  0.15855658E+06
 0.12751317E+06  0.15734965E+06
 0.12651698E+06  0.15614235E+06
 0.12552078E+06  0.15493466E+06
 0.12452458E+06  0.15372661E+06
 0.12352839E+06  0.15251818E+06
 0.12253219E+06  0.15130937E+06
 0.12153599E+06  0.15010019E+06
 0.12053980E+06  0.14889064E+06
 0.11954360E+06  0.14768072E+06
 0.11854740E+06  0.14647043E+06
 0.11755121E+06  0.14525977E+06
 0.11655501E+06  0.14404874E+06
 0.11555881E+06  0.14283734E+06
 0.11456262E+06  0.14162558E+06
 0.11356642E+06  0.14041345E+06
 0.11257022E+06  0.13920095E+06
 0.11157403E+06  0.13798809E+06
 0.11057783E+06  0.13677486E+06
 0.10958163E+06  0.13556127E+06
 0.10858544E+06  0.13434732E+06
 0.10758924E+06  0.13313301E+06
 0.10659304E+06  0.13191833E+06
 0.10559685E+06  0.13070329E+06
 0.10460065E+06  0.12948790E+06
 0.10360445E+06  0.12827214E+06
 0.10260826E+06  0.12705603E+06
 0.10161206E+06  0.12583956E+06
 0.10061586E+06  0.12462273E+06
 0.99619667E+05  0.12340554E+06
 0.98623470E+05  0.12218800E+06
 0.97627273E+05  0.12097011E+06
 0.96631077E+05  0.11975186E+06
 0.95634880E+05  0.11853326E+06
 0.94638683E+05  0.11731430E+06
 0.93642487E+05  0.11609499E+06
 0.92646290E+05  0.11487534E+06
 0.91650093E+05  0.11365533E+06
 0.90653897E+05  0.11243497E+06
 0.89657700E+05  0.11121426E+06
 0.88661503E+05  0.10999320E+06
 0.87665307E+05  0.10877180E+06
 0.86669110E+05  0.10755005E+06
 0.85672913E+05  0.10632795E+06
 0.84676717E+05  0.10510551E+06
 0.83680520E+05  0.10388272E+06
 0.82684323E+05  0.10265959E+06
 0.81688127E+05  0.10143611E+06
 0.80691930E+05  0.10021229E+06
 0.79695733E+05  0.98988127E+05
 0.78699537E+05  0.97763623E+05
 0.77703340E+05  0.96538778E+05
 0.76707143E+05  0.95313593E+05
 0.75710947E+05  0.94088068E+05
 0.74714750E+05  0.92862203E+05
 0.73718553E+05  0.91636000E+05
 0.72722357E+05  0.90409460E+05
 0.71726160E+05  0.89182582E+05
 0.70729963E+05  0.87955368E+05
 0.69733767E+05  0.86727817E+05
 0.68737570E+05  0.85499932E+05
 0.67741373E+05  0.84271712E+05
 0.66745177E+05  0.83043157E+05
 0.65748980E+05  0.81814270E+05
 0.64752783E+05  0.80585050E+05
 0.63756587E+05  0.79355497E+05
 0.62760390E+05  0.78125614E+05
 0.61764193E+05  0.76895399E+05
 0.60767997E+05  0.75664854E+05
 0.59771800E+05  0.74433980E+05
 0.58775603E+05  0.73202776E+05
 0.57779407E+05  0.71971244E+05
 0.56783210E+05  0.70739384E+05
 0.55787013E+05  0.69507198E+05
 0.54790817E+05  0.68274684E+05
 0.53794620E+05  0.67041845E+05
 0.52798423E+05  0.65808680E+05
 0.51802227E+05  0.64575190E+05
 0.50806030E+05  0.63341376E+05
 0.49809833E+05  0.62107239E+05
 0.48813637E+05  0.60872778E+05
 0.47817440E+05  0.59637995E+05
 0.46821243E+05  0.58402891E+05
 0.45825047E+05  0.57167465E+05
 0.44828850E+05  0.55931718E+05
 0.43832653E+05  0.54695651E+05
 0.42836457E+05  0.53459265E+05
 0.41840260E+05  0.52222560E+05
 0.40844063E+05  0.50985536E+05
 0.39847867E+05  0.49748195E+05
 0.38851670E+05  0.48510536E+05
 0.37855473E+05  0.47272560E+05
 0.36859277E+05  0.46034269E+05
 0.35863080E+05  0.44795662E+05
 0.34866883E+05  0.43556740E+05
 0.33870687E+05  0.42317503E+05
 0.32874490E+05  0.41077952E+05
 0.31878293E+05  0.39838088E+05
 0.30882097E+05  0.38597911E+05
 0.29885900E+05  0.37357422E+05
 0.28889703E+05  0.36116621E+05
 0.27893507E+05  0.34875509E+05
 0.26897310E+05  0.33634086E+05
 0.25901113E+05  0.32392353E+05
 0.24904917E+05  0.31150311E+05
 0.23908720E+05  0.29907959E+05
 0.22912523E+05  0.28665298E+05
 0.21916327E+05  0.27422330E+05
 0.20920130E+05  0.26179053E+05
 0.19923933E+05  0.24935469E+05
 0.18927737E+05  0.23691577E+05
 0.17931540E+05  0.22457092E+05
 0.16935343E+05  0.21212340E+05
 0.15939147E+05  0.19967250E+05
 0.14942950E+05  0.18721821E+05
 0.13946753E+05  0.17476052E+05
 0.12950557E+05  0.16229944E+05
 0.11954360E+05  0.14983497E+05
 0.10958163E+05  0.13736711E+05
 0.99619667E+04  0.12489586E+05
 0.89657700E+04  0.11242123E+05
 0.79695733E+04  0.99943237E+04
 0.69733767E+04  0.87461882E+04
 0.59771800E+04  0.74977183E+04
 0.49809833E+04  0.62489154E+04
 0.39847867E+04  0.49997817E+04
 0.29885900E+04  0.37503195E+04
 0.19923933E+04  0.25005320E+04
 0.99619667E+03  0.12504230E+04
 0.00000000E+00  -.20501775E-02
 -.99619667E+03  -.12507356E+04
 -.19923933E+04  -.25017675E+04
 -.29885900E+04  -.37499791E+04
 -.39847867E+04  -.49993595E+04
 -.49809833E+04  -.62484428E+04
 -.59771800E+04  -.74979795E+04
 -.69733767E+04  -.87466371E+04
 -.79695733E+04  -.99949627E+04
 -.89657700E+04  -.11242939E+05
 -.99619667E+04  -.12490553E+05
 -.10958163E+05  -.13737787E+05
 -.11954360E+05  -.14984622E+05
 -.12950557E+05  -.16231036E+05
 -.13946753E+05  -.17477012E+05
 -.14942950E+05  -.18722561E+05
 -.15939147E+05  -.19967745E+05
 -.16935343E+05  -.21212629E+05
 -.17931540E+05  -.22457229E+05
 -.18927737E+05  -.23701536E+05
 -.19923933E+05  -.24945538E+05
 -.20920130E+05  -.26189226E+05
 -.21916327E+05  -.27432594E+05
 -.22912523E+05  -.28675637E+05
 -.23908720E+05  -.29918351E+05
 -.24904917E+05  -.31160731E+05
 -.25901113E+05  -.32402772E+05
 -.26897310E+05  -.33644466E+05
 -.27893507E+05  -.34885811E+05
 -.28889703E+05  -.36126781E+05
 -.29885900E+05  -.37367359E+05
 -.30882097E+05  -.38607507E+05
 -.31878293E+05  -.39847134E+05
 -.32874490E+05  -.41085961E+05
 -.33870687E+05  -.42317504E+05
 -.34866883E+05  -.43556740E+05
 -.35863080E+05  -.44795662E+05
 -.36859277E+05  -.46034270E+05
 -.37855473E+05  -.47272561E+05
 -.38851670E+05  -.48510537E+05
 -.39847867E+05  -.49748195E+05
 -.40844063E+05  -.50985537E+05
 -.41840260E+05  -.52222560E+05
 -.42836457E+05  -.53459266E+05
 -.43832653E+05  -.54695652E+05
 -.44828850E+05  -.55931719E+05
 -.45825047E+05  -.57167465E+05
 -.46821243E+05  -.58402891E+05
 -.47817440E+05  -.59637996E+05
 -.48813637E+05  -.60872779E+05
 -.49809833E+05  -.62107239E+05
 -.50806030E+05  -.63341377E+05
 -.51802227E+05  -.64575191E+05
 -.52798423E+05  -.65808680E+05
 -.53794620E+05  -.67041845E+05
 -.54790817E+05  -.68274685E+05
 -.55787013E+05  -.69507198E+05
 -.56783210E+05  -.70739385E+05
 -.57779407E+05  -.71971245E+05
 -.58775603E+05  -.73202777E+05
 -.59771800E+05  -.74433980E+05
 -.60767997E+05  -.75664855E+05
 -.61764193E+05  -.76895400E+05
 -.62760390E+05  -.78125614E+05
 -.63756587E+05  -.79355498E+05
 -.64752783E+05  -.80585051E+05
 -.65748980E+05  -.81814271E+05
 -.66745177E+05  -.83043158E+05
 -.67741373E+05  -.84271712E+05
 -.68737570E+05  -.85499933E+05
 -.69733767E+05  -.86727818E+05
 -.70729963E+05  -.87955368E+05
 -.71726160E+05  -.89182583E+05
 -.72722357E+05  -.90409461E+05
 -.73718553E+05  -.91636001E+05
 -.74714750E+05  -.92862204E+05
 -.75710947E+05  -.94088069E+05
 -.76707143E+05  -.95313594E+05
 -.77703340E+05  -.96538779E+05
 -.78699537E+05  -.97763624E+05
 -.79695733E+05  -.98988128E+05
 -.80691930E+05  -.10021229E+06
 -.81688127E+05  -.10143611E+06
 -.82684323E+05  -.10265959E+06
 -.83680520E+05  -.10388272E+06
 -.84676717E+05  -.10510551E+06
 -.85672913E+05  -.10632795E+06
 -.86669110E+05  -.10755005E+06
 -.87665307E+05  -.10877180E+06
 -.88661503E+05  -.10999321E+06
 -.89657700E+05  -.11121426E+06
 -.90653897E+05  -.11243497E+06
 -.91650093E+05  -.11365533E+06
 -.92646290E+05  -.11487534E+06
 -.93642487E+05  -.11609500E+06
 -.94638683E+05  -.11731430E+06
 -.95634880E+05  -.11853326E+06
 -.96631077E+05  -.11975186E+06
 -.97627273E+05  -.12097011E+06
 -.98623470E+05  -.12218800E+06
 -.99619667E+05  -.12340554E+06
 -.10061586E+06  -.12462273E+06
 -.10161206E+06  -.12583956E+06
 -.10260826E+06  -.12705603E+06
 -.10360445E+06  -.12827214E+06
 -.10460065E+06  -.12948790E+06
 -.10559685E+06  -.13070329E+06
 -.10659304E+06  -.13191833E+06
 -.10758924E+06  -.13313301E+06
 -.10858544E+06  -.13434732E+06
 -.10958163E+06  -.13556127E+06
 -.11057783E+06  -.13677486E+06
 -.11157403E+06  -.13798809E+06
 -.11257022E+06  -.13920095E+06
 -.11356642E+06  -.14041345E+06
 -.11456262E+06  -.14162558E+06
 -.11555881E+06  -.14283735E+06
 -.11655501E+06  -.14404874E+06
 -.11755121E+06  -.14525977E+06
 -.11854740E+06  -.14647043E+06
 -.11954360E+06  -.14768072E+06
 -.12053980E+06  -.14889065E+06
 -.12153599E+06  -.15010020E+06
 -.12253219E+06  -.15130937E+06
 -.12352839E+06  -.15251818E+06
 -.12452458E+06  -.15372661E+06
 -.12552078E+06  -.15493467E+06
 -.12651698E+06  -.15614235E+06
 -.12751317E+06  -.15734966E+06
 -.12850937E+06  -.15855659E+06
 -.12950557E+06  -.15976314E+06
 -.13050176E+06  -.16096931E+06
 -.13149796E+06  -.16217511E+06
 -.13249416E+06  -.16338052E+06
 -.13349035E+06  -.16458556E+06
 -.13448655E+06  -.16579021E+06
 -.13548275E+06  -.16699448E+06
 -.13647894E+06  -.16819837E+06
 -.13747514E+06  -.16940187E+06
 -.13847134E+06  -.17060499E+06
 -.13946753E+06  -.17180772E+06
 -.14046373E+06  -.17301007E+06
 -.14145993E+06  -.17421203E+06
 -.14245612E+06  -.17541360E+06
 -.14345232E+06  -.17661478E+06
 -.14444852E+06  -.17781557E+06
 -.14544471E+06  -.17901598E+06
 -.14644091E+06  -.18021599E+06
 -.14743711E+06  -.18141560E+06
 -.14843330E+06  -.18261483E+06
 -.14942950E+06  -.18381366E+06
 -.15042570E+06  -.18501209E+06
 -.15142189E+06  -.18621013E+06
 -.15241809E+06  -.18740777E+06
 -.15341429E+06  -.18860502E+06
 -.15441048E+06  -.18980186E+06
 -.15540668E+06  -.19099831E+06
 -.15640288E+06  -.19219436E+06
 -.15739907E+06  -.19339000E+06
 -.15839527E+06  -.19458524E+06
 -.15939147E+06  -.19578008E+06
 -.16038766E+06  -.19697452E+06
 -.16138386E+06  -.19816855E+06
 -.16238006E+06  -.19936217E+06
 -.16337625E+06  -.20055539E+06
 -.16437245E+06  -.20174820E+06
 -.16536865E+06  -.20294060E+06
 -.16636484E+06  -.20413259E+06
 -.16736104E+06  -.20532417E+06
 -.16835724E+06  -.20651534E+06
 -.16935343E+06  -.20770609E+06
 -.17034963E+06  -.20889644E+06
 -.17134583E+06  -.21008636E+06
 -.17234202E+06  -.21127588E+06
 -.17333822E+06  -.21246497E+06
 -.17433442E+06  -.21365365E+06
 -.17533061E+06  -.21484191E+06
 -.17632681E+06  -.21602975E+06
 -.17732301E+06  -.21721717E+06
 -.17831920E+06  -.21840417E+06
 -.17931540E+06  -.21959075E+06
 -.18031160E+06  -.22077690E+06
 -.18130779E+06  -.22196263E+06
 -.18230399E+06  -.22314794E+06
 -.18330019E+06  -.22433281E+06
 -.18429638E+06  -.22551726E+06
 -.18529258E+06  -.22670128E+06
 -.18628878E+06  -.22788488E+06
 -.18728497E+06  -.22906804E+06
 -.18828117E+06  -.23025076E+06
 -.18927737E+06  -.23143306E+06
 -.19027356E+06  -.23261492E+06
 -.19126976E+06  -.23379635E+06
 -.19226596E+06  -.23497734E+06
 -.19326215E+06  -.23615790E+06
 -.19425835E+06  -.23733801E+06
 -.19525455E+06  -.23851769E+06
 -.19625074E+06  -.23969693E+06
 -.19724694E+06  -.24087572E+06
 -.19824314E+06  -.24205408E+06
 -.19923933E+06  -.24323199E+06
 -.20023553E+06  -.24440945E+06
 -.20123173E+06  -.24558647E+06
 -.20222792E+06  -.24676304E+06
 -.20322412E+06  -.24793916E+06
 -.20422032E+06  -.24911484E+06
 -.20521651E+06  -.25029006E+06
 -.20621271E+06  -.25146484E+06
 -.20720891E+06  -.25263915E+06
 -.20820510E+06  -.25381302E+06
 -.20920130E+06  -.25498643E+06
 -.21019750E+06  -.25615938E+06
 -.21119369E+06  -.25733188E+06
 -.21218989E+06  -.25850392E+06
 -.21318609E+06  -.25967550E+06
 -.21418228E+06  -.26084661E+06
 -.21517848E+06  -.26201727E+06
 -.21617468E+06  -.26318746E+06
 -.21717087E+06  -.26435719E+06
 -.21816707E+06  -.26552645E+06
 -.21916327E+06  -.26669524E+06
 -.22015946E+06  -.26786357E+06
 -.22115566E+06  -.26903142E+06
 -.22215186E+06  -.27019881E+06
 -.22314805E+06  -.27136572E+06
 -.22414425E+06  -.27253216E+06
 -.22514045E+06  -.27369812E+06
 -.22613664E+06  -.27486361E+06
 -.22713284E+06  -.27602862E+06
 -.22812904E+06  -.27719315E+06
 -.22912523E+06  -.27835720E+06
 -.23012143E+06  -.27952077E+06
 -.23111763E+06  -.28068386E+06
 -.23211382E+06  -.28184646E+06
 -.23311002E+06  -.28300858E+06
 -.23410622E+06  -.28417022E+06
 -.23510241E+06  -.28533136E+06
 -.23609861E+06  -.28649202E+06
 -.23709481E+06  -.28765218E+06
 -.23809100E+06  -.28881185E+06
 -.23908720E+06  -.28997103E+06
 -.24008340E+06  -.29112972E+06
 -.24107959E+06  -.29228790E+06
 -.24207579E+06  -.29344559E+06
 -.24307199E+06  -.29460279E+06
 -.24406818E+06  -.29575948E+06
 -.24506438E+06  -.29691567E+06
 -.24606058E+06  -.29807135E+06
 -.24705677E+06  -.29922653E+06
 -.24805297E+06  -.30038121E+06
 -.24904917E+06  -.30153538E+06
 -.25004536E+06  -.30268904E+06
 -.25104156E+06  -.30384218E+06
 -.25203776E+06  -.30499482E+06
 -.25303395E+06  -.30614694E+06
 -.25403015E+06  -.30729855E+06
 -.25502635E+06  -.30844964E+06
 -.25602254E+06  -.30960021E+06
 -.25701874E+06  -.31075027E+06
 -.25801494E+06  -.31189980E+06
 -.25901113E+06  -.31304881E+06
 -.26000733E+06  -.31419730E+06
 -.26100353E+06  -.31534526E+06
 -.26199972E+06  -.31649269E+06
 -.26299592E+06  -.31763959E+06
 -.26399212E+06  -.31878597E+06
 -.26498831E+06  -.31993181E+06
 -.26598451E+06  -.32107711E+06
 -.26698071E+06  -.32222189E+06
 -.26797690E+06  -.32336612E+06
 -.26897310E+06  -.32450982E+06
 -.26996930E+06  -.32565298E+06
 -.27096549E+06  -.32679559E+06
 -.27196169E+06  -.32793767E+06
 -.27295789E+06  -.32907919E+06
 -.27395408E+06  -.33022017E+06
 -.27495028E+06  -.33136061E+06
 -.27594648E+06  -.33250049E+06
 -.27694267E+06  -.33363982E+06
 -.27793887E+06  -.33477859E+06
 -.27893507E+06  -.33591681E+06
 -.27993126E+06  -.33705448E+06
 -.28092746E+06  -.33819158E+06
 -.28192366E+06  -.33932813E+06
 -.28291985E+06  -.34046411E+06
 -.28391605E+06  -.34159953E+06
 -.28491225E+06  -.34273439E+06
 -.28590844E+06  -.34386867E+06
 -.28690464E+06  -.34500239E+06
 -.28790084E+06  -.34613554E+06
 -.28889703E+06  -.34726811E+06
 -.28989323E+06  -.34840011E+06
 -.29088943E+06  -.34953153E+06
 -.29188562E+06  -.35066238E+06
 -.29288182E+06  -.35179264E+06
 -.29387802E+06  -.35292232E+06
 -.29487421E+06  -.35405142E+06
 -.29587041E+06  -.35517993E+06
 -.29686661E+06  -.35630786E+06
 -.29786280E+06  -.35743519E+06
 -.29885900E+06  -.35856193E+06
