Mu-Hu               
 0.15000000E+06  0.85604415E+06
 0.14925000E+06  0.85602873E+06
 0.14850000E+06  0.85601322E+06
 0.14775000E+06  0.85599763E+06
 0.14700000E+06  0.85598195E+06
 0.14625000E+06  0.85596617E+06
 0.14550000E+06  0.85595031E+06
 0.14475000E+06  0.85593436E+06
 0.14400000E+06  0.85591831E+06
 0.14325000E+06  0.85590218E+06
 0.14250000E+06  0.85588595E+06
 0.14175000E+06  0.85586962E+06
 0.14100000E+06  0.85585320E+06
 0.14025000E+06  0.85583669E+06
 0.13950000E+06  0.85582008E+06
 0.13875000E+06  0.85580338E+06
 0.13800000E+06  0.85578658E+06
 0.13725000E+06  0.85576968E+06
 0.13650000E+06  0.85575268E+06
 0.13575000E+06  0.85573559E+06
 0.13500000E+06  0.85571839E+06
 0.13425000E+06  0.85570109E+06
 0.13350000E+06  0.85568369E+06
 0.13275000E+06  0.85566619E+06
 0.13200000E+06  0.85564859E+06
 0.13125000E+06  0.85563088E+06
 0.13050000E+06  0.85561307E+06
 0.12975000E+06  0.85559515E+06
 0.12900000E+06  0.85557713E+06
 0.12825000E+06  0.85555900E+06
 0.12750000E+06  0.85554076E+06
 0.12675000E+06  0.85552241E+06
 0.12600000E+06  0.85550395E+06
 0.12525000E+06  0.85548539E+06
 0.12450000E+06  0.85546671E+06
 0.12375000E+06  0.85544792E+06
 0.12300000E+06  0.85542901E+06
 0.12225000E+06  0.85541000E+06
 0.12150000E+06  0.85539086E+06
 0.12075000E+06  0.85537162E+06
 0.12000000E+06  0.85535225E+06
 0.11925000E+06  0.85533277E+06
 0.11850000E+06  0.85531317E+06
 0.11775000E+06  0.85529345E+06
 0.11700000E+06  0.85527361E+06
 0.11625000E+06  0.85525365E+06
 0.11550000E+06  0.85523357E+06
 0.11475000E+06  0.85521337E+06
 0.11400000E+06  0.85519304E+06
 0.11325000E+06  0.85517258E+06
 0.11250000E+06  0.85515200E+06
 0.11175000E+06  0.85513130E+06
 0.11100000E+06  0.85511046E+06
 0.11025000E+06  0.85508950E+06
 0.10950000E+06  0.85506840E+06
 0.10875000E+06  0.85504718E+06
 0.10800000E+06  0.85502582E+06
 0.10725000E+06  0.85500433E+06
 0.10650000E+06  0.85498271E+06
 0.10575000E+06  0.85496095E+06
 0.10500000E+06  0.85493905E+06
 0.10425000E+06  0.85491702E+06
 0.10350000E+06  0.85489485E+06
 0.10275000E+06  0.85487253E+06
 0.10200000E+06  0.85485008E+06
 0.10125000E+06  0.85482749E+06
 0.10050000E+06  0.85480475E+06
 0.99750000E+05  0.85478187E+06
 0.99000000E+05  0.85475884E+06
 0.98250000E+05  0.85473566E+06
 0.97500000E+05  0.85471234E+06
 0.96750000E+05  0.85468887E+06
 0.96000000E+05  0.85466525E+06
 0.95250000E+05  0.85464148E+06
 0.94500000E+05  0.85461755E+06
 0.93750000E+05  0.85459347E+06
 0.93000000E+05  0.85456923E+06
 0.92250000E+05  0.85454484E+06
 0.91500000E+05  0.85452029E+06
 0.90750000E+05  0.85449558E+06
 0.90000000E+05  0.85447071E+06
 0.89250000E+05  0.85444568E+06
 0.88500000E+05  0.85442048E+06
 0.87750000E+05  0.85439512E+06
 0.87000000E+05  0.85436960E+06
 0.86250000E+05  0.85434390E+06
 0.85500000E+05  0.85431804E+06
 0.84750000E+05  0.85429201E+06
 0.84000000E+05  0.85426580E+06
 0.83250000E+05  0.85423942E+06
 0.82500000E+05  0.85421287E+06
 0.81750000E+05  0.85418614E+06
 0.81000000E+05  0.85415924E+06
 0.80250000E+05  0.85413215E+06
 0.79500000E+05  0.85410488E+06
 0.78750000E+05  0.85407744E+06
 0.78000000E+05  0.85404980E+06
 0.77250000E+05  0.85402198E+06
 0.76500000E+05  0.85399398E+06
 0.75750000E+05  0.85396579E+06
 0.75000000E+05  0.85393740E+06
 0.74250000E+05  0.85390883E+06
 0.73500000E+05  0.85388006E+06
 0.72750000E+05  0.85385109E+06
 0.72000000E+05  0.85382193E+06
 0.71250000E+05  0.85379257E+06
 0.70500000E+05  0.85376301E+06
 0.69750000E+05  0.85373325E+06
 0.69000000E+05  0.85370328E+06
 0.68250000E+05  0.85367311E+06
 0.67500000E+05  0.85364273E+06
 0.66750000E+05  0.85361214E+06
 0.66000000E+05  0.85358134E+06
 0.65250000E+05  0.85355032E+06
 0.64500000E+05  0.85351909E+06
 0.63750000E+05  0.85348765E+06
 0.63000000E+05  0.85345598E+06
 0.62250000E+05  0.85342410E+06
 0.61500000E+05  0.85339199E+06
 0.60750000E+05  0.85335966E+06
 0.60000000E+05  0.85332710E+06
 0.59250000E+05  0.85329431E+06
 0.58500000E+05  0.85326129E+06
 0.57750000E+05  0.85322803E+06
 0.57000000E+05  0.85319454E+06
 0.56250000E+05  0.85316082E+06
 0.55500000E+05  0.85312685E+06
 0.54750000E+05  0.85309264E+06
 0.54000000E+05  0.85305819E+06
 0.53250000E+05  0.85302349E+06
 0.52500000E+05  0.85298855E+06
 0.51750000E+05  0.85295335E+06
 0.51000000E+05  0.85291790E+06
 0.50250000E+05  0.85288220E+06
 0.49500000E+05  0.85284623E+06
 0.48750000E+05  0.85281001E+06
 0.48000000E+05  0.85277352E+06
 0.47250000E+05  0.85273677E+06
 0.46500000E+05  0.85269975E+06
 0.45750000E+05  0.85266246E+06
 0.45000000E+05  0.85262490E+06
 0.44250000E+05  0.85258706E+06
 0.43500000E+05  0.85254895E+06
 0.42750000E+05  0.85251055E+06
 0.42000000E+05  0.85247187E+06
 0.41250000E+05  0.85243290E+06
 0.40500000E+05  0.85239365E+06
 0.39750000E+05  0.85235410E+06
 0.39000000E+05  0.85231426E+06
 0.38250000E+05  0.85227412E+06
 0.37500000E+05  0.85223368E+06
 0.36750000E+05  0.85219294E+06
 0.36000000E+05  0.85215189E+06
 0.35250000E+05  0.85211053E+06
 0.34500000E+05  0.85206886E+06
 0.33750000E+05  0.85202687E+06
 0.33000000E+05  0.85198456E+06
 0.32250000E+05  0.85194193E+06
 0.31500000E+05  0.85189898E+06
 0.30750000E+05  0.85185569E+06
 0.30000000E+05  0.85181207E+06
 0.29250000E+05  0.85176812E+06
 0.28500000E+05  0.85172382E+06
 0.27750000E+05  0.85167918E+06
 0.27000000E+05  0.85163419E+06
 0.26250000E+05  0.85158885E+06
 0.25500000E+05  0.85154315E+06
 0.24750000E+05  0.85149710E+06
 0.24000000E+05  0.85145067E+06
 0.23250000E+05  0.85140388E+06
 0.22500000E+05  0.85135670E+06
 0.21750000E+05  0.85130915E+06
 0.21000000E+05  0.85126121E+06
 0.20250000E+05  0.85121288E+06
 0.19500000E+05  0.85116415E+06
 0.18750000E+05  0.85111501E+06
 0.18000000E+05  0.85106545E+06
 0.17250000E+05  0.85101547E+06
 0.16500000E+05  0.85096505E+06
 0.15750000E+05  0.85091418E+06
 0.15000000E+05  0.85086284E+06
 0.14250000E+05  0.85081103E+06
 0.13500000E+05  0.85075871E+06
 0.12750000E+05  0.85070585E+06
 0.12000000E+05  0.85065243E+06
 0.11250000E+05  0.85059839E+06
 0.10500000E+05  0.85054367E+06
 0.97500000E+04  0.85048816E+06
 0.90000000E+04  0.85043172E+06
 0.82500000E+04  0.85037406E+06
 0.75000000E+04  0.85031457E+06
 0.67500000E+04  0.85025078E+06
 0.60000000E+04  0.85013809E+06
 0.52500000E+04  0.71556098E+06
 0.45000000E+04  0.69974642E+06
 0.37500000E+04  0.68747185E+06
 0.30000000E+04  0.67721922E+06
 0.22500000E+04  0.66828170E+06
 0.15000000E+04  0.66022005E+06
 0.75000000E+03  0.65253946E+06
 0.00000000E+00  0.64286642E+06
 -.75000000E+03  0.29347105E+03
 -.15000000E+04  -.44536745E+04
 -.22500000E+04  -.92938626E+04
 -.30000000E+04  -.14242408E+05
 -.37500000E+04  -.19315438E+05
 -.45000000E+04  -.24527399E+05
 -.52500000E+04  -.29887797E+05
 -.60000000E+04  -.35397547E+05
 -.67500000E+04  -.41045799E+05
 -.75000000E+04  -.46808669E+05
 -.82500000E+04  -.52651174E+05
 -.90000000E+04  -.58532417E+05
 -.97500000E+04  -.64412244E+05
 -.10500000E+05  -.70256738E+05
 -.11250000E+05  -.76040736E+05
 -.12000000E+05  -.81747441E+05
 -.12750000E+05  -.87366292E+05
 -.13500000E+05  -.92890522E+05
 -.14250000E+05  -.98315346E+05
 -.15000000E+05  -.10363701E+06
 -.15750000E+05  -.10885256E+06
 -.16500000E+05  -.11396012E+06
 -.17250000E+05  -.11895920E+06
 -.18000000E+05  -.12385095E+06
 -.18750000E+05  -.12863826E+06
 -.19500000E+05  -.13332571E+06
 -.20250000E+05  -.13791936E+06
 -.21000000E+05  -.14242659E+06
 -.21750000E+05  -.14685585E+06
 -.22500000E+05  -.15121636E+06
 -.23250000E+05  -.15551791E+06
 -.24000000E+05  -.15977059E+06
 -.24750000E+05  -.16398456E+06
 -.25500000E+05  -.16816984E+06
 -.26250000E+05  -.17233611E+06
 -.27000000E+05  -.17649251E+06
 -.27750000E+05  -.18064745E+06
 -.28500000E+05  -.18480844E+06
 -.29250000E+05  -.18898192E+06
 -.30000000E+05  -.19317307E+06
 -.30750000E+05  -.19738574E+06
 -.31500000E+05  -.20162232E+06
 -.32250000E+05  -.20588375E+06
 -.33000000E+05  -.21016956E+06
 -.33750000E+05  -.21447807E+06
 -.34500000E+05  -.21880654E+06
 -.35250000E+05  -.22315149E+06
 -.36000000E+05  -.22750890E+06
 -.36750000E+05  -.23187454E+06
 -.37500000E+05  -.23624403E+06
 -.38250000E+05  -.24061294E+06
 -.39000000E+05  -.24497674E+06
 -.39750000E+05  -.24933073E+06
 -.40500000E+05  -.25366988E+06
 -.41250000E+05  -.25798881E+06
 -.42000000E+05  -.26228176E+06
 -.42750000E+05  -.26654279E+06
 -.43500000E+05  -.27076607E+06
 -.44250000E+05  -.27494622E+06
 -.45000000E+05  -.27907878E+06
 -.45750000E+05  -.28316052E+06
 -.46500000E+05  -.28718968E+06
 -.47250000E+05  -.29116611E+06
 -.48000000E+05  -.29509119E+06
 -.48750000E+05  -.29896770E+06
 -.49500000E+05  -.30279959E+06
 -.50250000E+05  -.30659168E+06
 -.51000000E+05  -.31034946E+06
 -.51750000E+05  -.31407876E+06
 -.52500000E+05  -.31778559E+06
 -.53250000E+05  -.32147586E+06
 -.54000000E+05  -.32515522E+06
 -.54750000E+05  -.32882888E+06
 -.55500000E+05  -.33250142E+06
 -.56250000E+05  -.33617665E+06
 -.57000000E+05  -.33985746E+06
 -.57750000E+05  -.34354569E+06
 -.58500000E+05  -.34724209E+06
 -.59250000E+05  -.35094628E+06
 -.60000000E+05  -.35465681E+06
 -.60750000E+05  -.35837136E+06
 -.61500000E+05  -.36208696E+06
 -.62250000E+05  -.36580034E+06
 -.63000000E+05  -.36950826E+06
 -.63750000E+05  -.37320792E+06
 -.64500000E+05  -.37689721E+06
 -.65250000E+05  -.38057502E+06
 -.66000000E+05  -.38424138E+06
 -.66750000E+05  -.38789750E+06
 -.67500000E+05  -.39154579E+06
 -.68250000E+05  -.39518981E+06
 -.69000000E+05  -.39883416E+06
 -.69750000E+05  -.40248435E+06
 -.70500000E+05  -.40614674E+06
 -.71250000E+05  -.40982838E+06
 -.72000000E+05  -.41353696E+06
 -.72750000E+05  -.41728066E+06
 -.73500000E+05  -.42106809E+06
 -.74250000E+05  -.42490819E+06
 -.75000000E+05  -.42881006E+06
 -.75750000E+05  -.43278284E+06
 -.76500000E+05  -.43683552E+06
 -.77250000E+05  -.44097674E+06
 -.78000000E+05  -.44521457E+06
 -.78750000E+05  -.44955634E+06
 -.79500000E+05  -.45400859E+06
 -.80250000E+05  -.45857725E+06
 -.81000000E+05  -.46326811E+06
 -.81750000E+05  -.46808771E+06
 -.82500000E+05  -.47304478E+06
 -.83250000E+05  -.47815215E+06
 -.84000000E+05  -.48342929E+06
 -.84750000E+05  -.48890554E+06
 -.85500000E+05  -.49462453E+06
 -.86250000E+05  -.50065084E+06
 -.87000000E+05  -.50708150E+06
 -.87750000E+05  -.51406922E+06
 -.88500000E+05  -.52187855E+06
 -.89250000E+05  -.53106573E+06
 -.90000000E+05  -.54349546E+06
 -.90750000E+05  -.85449558E+06
 -.91500000E+05  -.85452029E+06
 -.92250000E+05  -.85454484E+06
 -.93000000E+05  -.85456923E+06
 -.93750000E+05  -.85459347E+06
 -.94500000E+05  -.85461755E+06
 -.95250000E+05  -.85464148E+06
 -.96000000E+05  -.85466525E+06
 -.96750000E+05  -.85468887E+06
 -.97500000E+05  -.85471234E+06
 -.98250000E+05  -.85473566E+06
 -.99000000E+05  -.85475884E+06
 -.99750000E+05  -.85478187E+06
 -.10050000E+06  -.85480475E+06
 -.10125000E+06  -.85482749E+06
 -.10200000E+06  -.85485008E+06
 -.10275000E+06  -.85487253E+06
 -.10350000E+06  -.85489485E+06
 -.10425000E+06  -.85491702E+06
 -.10500000E+06  -.85493905E+06
 -.10575000E+06  -.85496095E+06
 -.10650000E+06  -.85498271E+06
 -.10725000E+06  -.85500433E+06
 -.10800000E+06  -.85502582E+06
 -.10875000E+06  -.85504718E+06
 -.10950000E+06  -.85506841E+06
 -.11025000E+06  -.85508950E+06
 -.11100000E+06  -.85511046E+06
 -.11175000E+06  -.85513130E+06
 -.11250000E+06  -.85515201E+06
 -.11325000E+06  -.85517259E+06
 -.11400000E+06  -.85519304E+06
 -.11475000E+06  -.85521337E+06
 -.11550000E+06  -.85523357E+06
 -.11625000E+06  -.85525366E+06
 -.11700000E+06  -.85527362E+06
 -.11775000E+06  -.85529345E+06
 -.11850000E+06  -.85531317E+06
 -.11925000E+06  -.85533277E+06
 -.12000000E+06  -.85535225E+06
 -.12075000E+06  -.85537162E+06
 -.12150000E+06  -.85539087E+06
 -.12225000E+06  -.85541000E+06
 -.12300000E+06  -.85542901E+06
 -.12375000E+06  -.85544792E+06
 -.12450000E+06  -.85546671E+06
 -.12525000E+06  -.85548539E+06
 -.12600000E+06  -.85550395E+06
 -.12675000E+06  -.85552241E+06
 -.12750000E+06  -.85554076E+06
 -.12825000E+06  -.85555900E+06
 -.12900000E+06  -.85557713E+06
 -.12975000E+06  -.85559515E+06
 -.13050000E+06  -.85561307E+06
 -.13125000E+06  -.85563088E+06
 -.13200000E+06  -.85564859E+06
 -.13275000E+06  -.85566619E+06
 -.13350000E+06  -.85568370E+06
 -.13425000E+06  -.85570109E+06
 -.13500000E+06  -.85571839E+06
 -.13575000E+06  -.85573559E+06
 -.13650000E+06  -.85575268E+06
 -.13725000E+06  -.85576968E+06
 -.13800000E+06  -.85578658E+06
 -.13875000E+06  -.85580338E+06
 -.13950000E+06  -.85582009E+06
 -.14025000E+06  -.85583669E+06
 -.14100000E+06  -.85585321E+06
 -.14175000E+06  -.85586962E+06
 -.14250000E+06  -.85588595E+06
 -.14325000E+06  -.85590218E+06
 -.14400000E+06  -.85591831E+06
 -.14475000E+06  -.85593436E+06
 -.14550000E+06  -.85595031E+06
 -.14625000E+06  -.85596617E+06
 -.14700000E+06  -.85598195E+06
 -.14775000E+06  -.85599763E+06
 -.14850000E+06  -.85601322E+06
 -.14925000E+06  -.85602873E+06
 -.15000000E+06  -.85604415E+06
Mv-Hv               
 0.00000000E+00  -.18548638E+03
 0.00000000E+00  -.18684190E+03
 0.00000000E+00  -.18820948E+03
 0.00000000E+00  -.18959245E+03
 0.00000000E+00  -.19099096E+03
 0.00000000E+00  -.19240548E+03
 0.00000000E+00  -.19383602E+03
 0.00000000E+00  -.19528307E+03
 0.00000000E+00  -.19674678E+03
 0.00000000E+00  -.19822730E+03
 0.00000000E+00  -.19972513E+03
 0.00000000E+00  -.20124044E+03
 0.00000000E+00  -.20277339E+03
 0.00000000E+00  -.20432450E+03
 0.00000000E+00  -.20589394E+03
 0.00000000E+00  -.20748194E+03
 0.00000000E+00  -.20908898E+03
 0.00000000E+00  -.21071529E+03
 0.00000000E+00  -.21236111E+03
 0.00000000E+00  -.21402693E+03
 0.00000000E+00  -.21571300E+03
 0.00000000E+00  -.21741960E+03
 0.00000000E+00  -.21914723E+03
 0.00000000E+00  -.22089615E+03
 0.00000000E+00  -.22266672E+03
 0.00000000E+00  -.22445938E+03
 0.00000000E+00  -.22627448E+03
 0.00000000E+00  -.22811239E+03
 0.00000000E+00  -.22997356E+03
 0.00000000E+00  -.23185837E+03
 0.00000000E+00  -.23376725E+03
 0.00000000E+00  -.23570063E+03
 0.00000000E+00  -.23765895E+03
 0.00000000E+00  -.23964269E+03
 0.00000000E+00  -.24165226E+03
 0.00000000E+00  -.24368816E+03
 0.00000000E+00  -.24575093E+03
 0.00000000E+00  -.24784096E+03
 0.00000000E+00  -.24995881E+03
 0.00000000E+00  -.25210509E+03
 0.00000000E+00  -.25428017E+03
 0.00000000E+00  -.25648468E+03
 0.00000000E+00  -.25871930E+03
 0.00000000E+00  -.26098437E+03
 0.00000000E+00  -.26328059E+03
 0.00000000E+00  -.26560875E+03
 0.00000000E+00  -.26796913E+03
 0.00000000E+00  -.27036254E+03
 0.00000000E+00  -.27278982E+03
 0.00000000E+00  -.27525127E+03
 0.00000000E+00  -.27774799E+03
 0.00000000E+00  -.28028024E+03
 0.00000000E+00  -.28284922E+03
 0.00000000E+00  -.28545543E+03
 0.00000000E+00  -.28809941E+03
 0.00000000E+00  -.29078243E+03
 0.00000000E+00  -.29350480E+03
 0.00000000E+00  -.29626787E+03
 0.00000000E+00  -.29907224E+03
 0.00000000E+00  -.30191851E+03
 0.00000000E+00  -.30480814E+03
 0.00000000E+00  -.30774178E+03
 0.00000000E+00  -.31072010E+03
 0.00000000E+00  -.31374468E+03
 0.00000000E+00  -.31681623E+03
 0.00000000E+00  -.31993548E+03
 0.00000000E+00  -.32310415E+03
 0.00000000E+00  -.32632267E+03
 0.00000000E+00  -.32959288E+03
 0.00000000E+00  -.33291561E+03
 0.00000000E+00  -.33629206E+03
 0.00000000E+00  -.33972313E+03
 0.00000000E+00  -.34321083E+03
 0.00000000E+00  -.34675612E+03
 0.00000000E+00  -.35035999E+03
 0.00000000E+00  -.35402461E+03
 0.00000000E+00  -.35775108E+03
 0.00000000E+00  -.36154048E+03
 0.00000000E+00  -.36539517E+03
 0.00000000E+00  -.36931636E+03
 0.00000000E+00  -.37330529E+03
 0.00000000E+00  -.37736451E+03
 0.00000000E+00  -.38149494E+03
 0.00000000E+00  -.38569928E+03
 0.00000000E+00  -.38997854E+03
 0.00000000E+00  -.39433558E+03
 0.00000000E+00  -.39877152E+03
 0.00000000E+00  -.40328936E+03
 0.00000000E+00  -.40789039E+03
 0.00000000E+00  -.41257775E+03
 0.00000000E+00  -.41735288E+03
 0.00000000E+00  -.42221909E+03
 0.00000000E+00  -.42717800E+03
 0.00000000E+00  -.43223266E+03
 0.00000000E+00  -.43738619E+03
 0.00000000E+00  -.44264055E+03
 0.00000000E+00  -.44799908E+03
 0.00000000E+00  -.45346480E+03
 0.00000000E+00  -.45904120E+03
 0.00000000E+00  -.46473083E+03
 0.00000000E+00  -.47053745E+03
 0.00000000E+00  -.47646460E+03
 0.00000000E+00  -.48251595E+03
 0.00000000E+00  -.48869533E+03
 0.00000000E+00  -.49500672E+03
 0.00000000E+00  -.50145427E+03
 0.00000000E+00  -.50804231E+03
 0.00000000E+00  -.51477535E+03
 0.00000000E+00  -.52165809E+03
 0.00000000E+00  -.52869525E+03
 0.00000000E+00  -.53589226E+03
 0.00000000E+00  -.54325436E+03
 0.00000000E+00  -.55078675E+03
 0.00000000E+00  -.55849556E+03
 0.00000000E+00  -.56638650E+03
 0.00000000E+00  -.57446674E+03
 0.00000000E+00  -.58274220E+03
 0.00000000E+00  -.59122070E+03
 0.00000000E+00  -.59990879E+03
 0.00000000E+00  -.60881462E+03
 0.00000000E+00  -.61794667E+03
 0.00000000E+00  -.62731310E+03
 0.00000000E+00  -.63692239E+03
 0.00000000E+00  -.64678486E+03
 0.00000000E+00  -.65690997E+03
 0.00000000E+00  -.66730816E+03
 0.00000000E+00  -.67799043E+03
 0.00000000E+00  -.68896836E+03
 0.00000000E+00  -.70025418E+03
 0.00000000E+00  -.71186082E+03
 0.00000000E+00  -.72380191E+03
 0.00000000E+00  -.73609189E+03
 0.00000000E+00  -.74874605E+03
 0.00000000E+00  -.76178056E+03
 0.00000000E+00  -.77521258E+03
 0.00000000E+00  -.78906033E+03
 0.00000000E+00  -.80334314E+03
 0.00000000E+00  -.81808157E+03
 0.00000000E+00  -.83329652E+03
 0.00000000E+00  -.84901324E+03
 0.00000000E+00  -.86525463E+03
 0.00000000E+00  -.88204820E+03
 0.00000000E+00  -.89942229E+03
 0.00000000E+00  -.91740724E+03
 0.00000000E+00  -.93603553E+03
 0.00000000E+00  -.95534197E+03
 0.00000000E+00  -.97536485E+03
 0.00000000E+00  -.99614259E+03
 0.00000000E+00  -.10177210E+04
 0.00000000E+00  -.10401578E+04
 0.00000000E+00  -.10634763E+04
 0.00000000E+00  -.10877428E+04
 0.00000000E+00  -.11130187E+04
 0.00000000E+00  -.11393688E+04
 0.00000000E+00  -.11668613E+04
 0.00000000E+00  -.11955719E+04
 0.00000000E+00  -.12255834E+04
 0.00000000E+00  -.12569859E+04
 0.00000000E+00  -.12898779E+04
 0.00000000E+00  -.13243678E+04
 0.00000000E+00  -.13605746E+04
 0.00000000E+00  -.13986292E+04
 0.00000000E+00  -.14386780E+04
 0.00000000E+00  -.14808825E+04
 0.00000000E+00  -.15254186E+04
 0.00000000E+00  -.15724836E+04
 0.00000000E+00  -.16223002E+04
 0.00000000E+00  -.16751167E+04
 0.00000000E+00  -.17312125E+04
 0.00000000E+00  -.17909015E+04
 0.00000000E+00  -.18545416E+04
 0.00000000E+00  -.19225368E+04
 0.00000000E+00  -.19953328E+04
 0.00000000E+00  -.20735147E+04
 0.00000000E+00  -.21576590E+04
 0.00000000E+00  -.22484698E+04
 0.00000000E+00  -.23467747E+04
 0.00000000E+00  -.24535464E+04
 0.00000000E+00  -.25699305E+04
 0.00000000E+00  -.26972872E+04
 0.00000000E+00  -.28372466E+04
 0.00000000E+00  -.29917794E+04
 0.00000000E+00  -.31632903E+04
 0.00000000E+00  -.33547436E+04
 0.00000000E+00  -.35698377E+04
 0.00000000E+00  -.38132464E+04
 0.00000000E+00  -.40909653E+04
 0.00000000E+00  -.44108155E+04
 0.00000000E+00  -.47832009E+04
 0.00000000E+00  -.52222856E+04
 0.00000000E+00  -.57479268E+04
 0.00000000E+00  -.63892829E+04
 0.00000000E+00  -.72000661E+04
 0.00000000E+00  -.83931800E+04
 0.00000000E+00  -.62231011E+04
 0.00000000E+00  -.34768518E+04
 0.00000000E+00  0.19993275E+03
 0.00000000E+00  0.54859064E+04
 0.00000000E+00  0.13858583E+05
 0.00000000E+00  0.29334972E+05
 0.00000000E+00  0.71364674E+05
 0.00000000E+00  0.67833045E+04
 0.00000000E+00  0.69137600E+04
 0.00000000E+00  0.69575779E+04
 0.00000000E+00  0.69069429E+04
 0.00000000E+00  0.67555259E+04
 0.00000000E+00  0.64989484E+04
 0.00000000E+00  0.61355107E+04
 0.00000000E+00  0.56671353E+04
 0.00000000E+00  0.51002648E+04
 0.00000000E+00  0.44462721E+04
 0.00000000E+00  0.37209771E+04
 0.00000000E+00  0.29432318E+04
 0.00000000E+00  0.21330817E+04
 0.00000000E+00  0.13102509E+04
 0.00000000E+00  0.49341551E+03
 0.00000000E+00  -.29986988E+03
 0.00000000E+00  -.10528803E+04
 0.00000000E+00  -.17497134E+04
 0.00000000E+00  -.23756711E+04
 0.00000000E+00  -.29179839E+04
 0.00000000E+00  -.33667643E+04
 0.00000000E+00  -.37157598E+04
 0.00000000E+00  -.39627185E+04
 0.00000000E+00  -.41093135E+04
 0.00000000E+00  -.41606006E+04
 0.00000000E+00  -.41242220E+04
 0.00000000E+00  -.40095224E+04
 0.00000000E+00  -.38267089E+04
 0.00000000E+00  -.35861604E+04
 0.00000000E+00  -.32979306E+04
 0.00000000E+00  -.29714445E+04
 0.00000000E+00  -.26153611E+04
 0.00000000E+00  -.22375639E+04
 0.00000000E+00  -.18452374E+04
 0.00000000E+00  -.14449965E+04
 0.00000000E+00  -.10430378E+04
 0.00000000E+00  -.64529257E+03
 0.00000000E+00  -.25756302E+03
 0.00000000E+00  0.11436936E+03
 0.00000000E+00  0.46467344E+03
 0.00000000E+00  0.78744234E+03
 0.00000000E+00  0.10767191E+04
 0.00000000E+00  0.13265682E+04
 0.00000000E+00  0.15312071E+04
 0.00000000E+00  0.16851348E+04
 0.00000000E+00  0.17833193E+04
 0.00000000E+00  0.18213865E+04
 0.00000000E+00  0.17958003E+04
 0.00000000E+00  0.17040337E+04
 0.00000000E+00  0.15447135E+04
 0.00000000E+00  0.13177767E+04
 0.00000000E+00  0.10245982E+04
 0.00000000E+00  0.66806465E+03
 0.00000000E+00  0.25261823E+03
 0.00000000E+00  -.21578503E+03
 0.00000000E+00  -.72982828E+03
 0.00000000E+00  -.12811141E+04
 0.00000000E+00  -.18605640E+04
 0.00000000E+00  -.24589189E+04
 0.00000000E+00  -.30672500E+04
 0.00000000E+00  -.36774229E+04
 0.00000000E+00  -.42824576E+04
 0.00000000E+00  -.48767432E+04
 0.00000000E+00  -.54561053E+04
 0.00000000E+00  -.60177470E+04
 0.00000000E+00  -.65601003E+04
 0.00000000E+00  -.70826232E+04
 0.00000000E+00  -.75855760E+04
 0.00000000E+00  -.80697979E+04
 0.00000000E+00  -.85364957E+04
 0.00000000E+00  -.89870520E+04
 0.00000000E+00  -.94228504E+04
 0.00000000E+00  -.98451211E+04
 0.00000000E+00  -.10254812E+05
 0.00000000E+00  -.10652450E+05
 0.00000000E+00  -.11038050E+05
 0.00000000E+00  -.11411045E+05
 0.00000000E+00  -.11770247E+05
 0.00000000E+00  -.12113862E+05
 0.00000000E+00  -.12439553E+05
 0.00000000E+00  -.12744568E+05
 0.00000000E+00  -.13025908E+05
 0.00000000E+00  -.13280534E+05
 0.00000000E+00  -.13505588E+05
 0.00000000E+00  -.13698587E+05
 0.00000000E+00  -.13857575E+05
 0.00000000E+00  -.13981243E+05
 0.00000000E+00  -.14068967E+05
 0.00000000E+00  -.14120798E+05
 0.00000000E+00  -.14137412E+05
 0.00000000E+00  -.14120039E+05
 0.00000000E+00  -.14070374E+05
 0.00000000E+00  -.13990493E+05
 0.00000000E+00  -.13882774E+05
 0.00000000E+00  -.13749829E+05
 0.00000000E+00  -.13594451E+05
 0.00000000E+00  -.13419559E+05
 0.00000000E+00  -.13228165E+05
 0.00000000E+00  -.13023327E+05
 0.00000000E+00  -.12808103E+05
 0.00000000E+00  -.12585490E+05
 0.00000000E+00  -.12358347E+05
 0.00000000E+00  -.12129295E+05
 0.00000000E+00  -.11900594E+05
 0.00000000E+00  -.11674002E+05
 0.00000000E+00  -.11450630E+05
 0.00000000E+00  -.11230829E+05
 0.00000000E+00  -.11014117E+05
 0.00000000E+00  -.10799216E+05
 0.00000000E+00  -.10584191E+05
 0.00000000E+00  -.10366714E+05
 0.00000000E+00  -.10144442E+05
 0.00000000E+00  -.99154560E+04
 0.00000000E+00  -.96787702E+04
 0.00000000E+00  -.94349093E+04
 0.00000000E+00  -.91866184E+04
 0.00000000E+00  -.89397689E+04
 0.00000000E+00  -.87048714E+04
 0.00000000E+00  -.84998263E+04
 0.00000000E+00  -.83590544E+04
 0.00000000E+00  0.36932043E+03
 0.00000000E+00  0.36539928E+03
 0.00000000E+00  0.36154443E+03
 0.00000000E+00  0.35775410E+03
 0.00000000E+00  0.35402751E+03
 0.00000000E+00  0.35036277E+03
 0.00000000E+00  0.34675803E+03
 0.00000000E+00  0.34321265E+03
 0.00000000E+00  0.33972487E+03
 0.00000000E+00  0.33629300E+03
 0.00000000E+00  0.33291648E+03
 0.00000000E+00  0.32959370E+03
 0.00000000E+00  0.32632310E+03
 0.00000000E+00  0.32310419E+03
 0.00000000E+00  0.31993550E+03
 0.00000000E+00  0.31681558E+03
 0.00000000E+00  0.31374401E+03
 0.00000000E+00  0.31071942E+03
 0.00000000E+00  0.30774049E+03
 0.00000000E+00  0.30480685E+03
 0.00000000E+00  0.30191722E+03
 0.00000000E+00  0.29907041E+03
 0.00000000E+00  0.29626605E+03
 0.00000000E+00  0.29350274E+03
 0.00000000E+00  0.29078014E+03
 0.00000000E+00  0.28809715E+03
 0.00000000E+00  0.28545271E+03
 0.00000000E+00  0.28284653E+03
 0.00000000E+00  0.28027737E+03
 0.00000000E+00  0.27774494E+03
 0.00000000E+00  0.27524827E+03
 0.00000000E+00  0.27278645E+03
 0.00000000E+00  0.27035921E+03
 0.00000000E+00  0.26796548E+03
 0.00000000E+00  0.26560480E+03
 0.00000000E+00  0.26327670E+03
 0.00000000E+00  0.26098022E+03
 0.00000000E+00  0.25871493E+03
 0.00000000E+00  0.25648036E+03
 0.00000000E+00  0.25427567E+03
 0.00000000E+00  0.25210044E+03
 0.00000000E+00  0.24995419E+03
 0.00000000E+00  0.24783622E+03
 0.00000000E+00  0.24574609E+03
 0.00000000E+00  0.24368335E+03
 0.00000000E+00  0.24164738E+03
 0.00000000E+00  0.23963777E+03
 0.00000000E+00  0.23765405E+03
 0.00000000E+00  0.23569571E+03
 0.00000000E+00  0.23376233E+03
 0.00000000E+00  0.23185347E+03
 0.00000000E+00  0.22996868E+03
 0.00000000E+00  0.22810755E+03
 0.00000000E+00  0.22626964E+03
 0.00000000E+00  0.22445460E+03
 0.00000000E+00  0.22266201E+03
 0.00000000E+00  0.22089144E+03
 0.00000000E+00  0.21914259E+03
 0.00000000E+00  0.21741507E+03
 0.00000000E+00  0.21570845E+03
 0.00000000E+00  0.21402249E+03
 0.00000000E+00  0.21235679E+03
 0.00000000E+00  0.21071094E+03
 0.00000000E+00  0.20908476E+03
 0.00000000E+00  0.20747786E+03
 0.00000000E+00  0.20588982E+03
 0.00000000E+00  0.20432052E+03
 0.00000000E+00  0.20276957E+03
 0.00000000E+00  0.20123657E+03
 0.00000000E+00  0.19972142E+03
 0.00000000E+00  0.19822376E+03
 0.00000000E+00  0.19674317E+03
 0.00000000E+00  0.19527963E+03
 0.00000000E+00  0.19383274E+03
 0.00000000E+00  0.19240214E+03
 0.00000000E+00  0.19098779E+03
 0.00000000E+00  0.18958934E+03
 0.00000000E+00  0.18820641E+03
 0.00000000E+00  0.18683901E+03
 0.00000000E+00  0.18548665E+03
Mw-Hw               
 0.00000000E+00  0.17261621E-02
 0.00000000E+00  -.60455813E-03
 0.00000000E+00  -.57957512E-03
 0.00000000E+00  -.55325260E-03
 0.00000000E+00  -.56917788E-03
 0.00000000E+00  -.54084130E-03
 0.00000000E+00  -.55709459E-03
 0.00000000E+00  -.52657126E-03
 0.00000000E+00  -.49210841E-03
 0.00000000E+00  -.51027867E-03
 0.00000000E+00  -.47339235E-03
 0.00000000E+00  -.43241406E-03
 0.00000000E+00  -.45235101E-03
 0.00000000E+00  -.40868941E-03
 0.00000000E+00  -.36081327E-03
 0.00000000E+00  -.38232652E-03
 0.00000000E+00  -.33151622E-03
 0.00000000E+00  -.27640647E-03
 0.00000000E+00  -.29926387E-03
 0.00000000E+00  -.24098700E-03
 0.00000000E+00  -.17837186E-03
 0.00000000E+00  -.20229927E-03
 0.00000000E+00  -.13631264E-03
 0.00000000E+00  -.66004529E-04
 0.00000000E+00  -.90686525E-04
 0.00000000E+00  -.16843877E-04
 0.00000000E+00  0.61237686E-04
 0.00000000E+00  0.36155232E-04
 0.00000000E+00  0.11787821E-03
 0.00000000E+00  0.20368062E-03
 0.00000000E+00  0.17858610E-03
 0.00000000E+00  0.26806376E-03
 0.00000000E+00  0.36137247E-03
 0.00000000E+00  0.33668183E-03
 0.00000000E+00  0.43360742E-03
 0.00000000E+00  0.53401423E-03
 0.00000000E+00  0.51016142E-03
 0.00000000E+00  0.61401339E-03
 0.00000000E+00  0.72088213E-03
 0.00000000E+00  0.69830650E-03
 0.00000000E+00  0.80831230E-03
 0.00000000E+00  0.92074218E-03
 0.00000000E+00  0.89987260E-03
 0.00000000E+00  0.10149706E-02
 0.00000000E+00  0.11317581E-02
 0.00000000E+00  0.11129931E-02
 0.00000000E+00  0.12317934E-02
 0.00000000E+00  0.13513935E-02
 0.00000000E+00  0.13350776E-02
 0.00000000E+00  0.14558233E-02
 0.00000000E+00  0.14414530E-02
 0.00000000E+00  0.15627583E-02
 0.00000000E+00  0.15503702E-02
 0.00000000E+00  0.15392536E-02
 0.00000000E+00  0.16613184E-02
 0.00000000E+00  0.16521269E-02
 0.00000000E+00  0.17735622E-02
 0.00000000E+00  0.17663310E-02
 0.00000000E+00  0.17602825E-02
 0.00000000E+00  0.18810447E-02
 0.00000000E+00  0.18768636E-02
 0.00000000E+00  0.18738036E-02
 0.00000000E+00  0.19928861E-02
 0.00000000E+00  0.19915708E-02
 0.00000000E+00  0.19912957E-02
 0.00000000E+00  0.21074535E-02
 0.00000000E+00  0.21087241E-02
 0.00000000E+00  0.22202062E-02
 0.00000000E+00  0.22227458E-02
 0.00000000E+00  0.22261004E-02
 0.00000000E+00  0.22303533E-02
 0.00000000E+00  0.23358005E-02
 0.00000000E+00  0.23408959E-02
 0.00000000E+00  0.23466094E-02
 0.00000000E+00  0.24436202E-02
 0.00000000E+00  0.24496292E-02
 0.00000000E+00  0.24560301E-02
 0.00000000E+00  0.25420606E-02
 0.00000000E+00  0.25480481E-02
 0.00000000E+00  0.25541440E-02
 0.00000000E+00  0.26262466E-02
 0.00000000E+00  0.26310343E-02
 0.00000000E+00  0.26881415E-02
 0.00000000E+00  0.26906132E-02
 0.00000000E+00  0.27304148E-02
 0.00000000E+00  0.27296384E-02
 0.00000000E+00  0.27497000E-02
 0.00000000E+00  0.27446317E-02
 0.00000000E+00  0.27424157E-02
 0.00000000E+00  0.27319022E-02
 0.00000000E+00  0.27047961E-02
 0.00000000E+00  0.26875821E-02
 0.00000000E+00  0.26329350E-02
 0.00000000E+00  0.25548326E-02
 0.00000000E+00  0.25230333E-02
 0.00000000E+00  0.24128165E-02
 0.00000000E+00  0.22762790E-02
 0.00000000E+00  0.21122510E-02
 0.00000000E+00  0.20538200E-02
 0.00000000E+00  0.18526471E-02
 0.00000000E+00  0.16221640E-02
 0.00000000E+00  0.13618723E-02
 0.00000000E+00  0.10715543E-02
 0.00000000E+00  0.75123097E-03
 0.00000000E+00  0.40118350E-03
 0.00000000E+00  0.21976257E-04
 0.00000000E+00  -.38552178E-03
 0.00000000E+00  -.82011511E-03
 0.00000000E+00  -.12802615E-02
 0.00000000E+00  -.14404246E-02
 0.00000000E+00  -.19319767E-02
 0.00000000E+00  -.24445263E-02
 0.00000000E+00  -.26262315E-02
 0.00000000E+00  -.28130613E-02
 0.00000000E+00  -.26650821E-02
 0.00000000E+00  -.28619855E-02
 0.00000000E+00  -.27323264E-02
 0.00000000E+00  -.29395753E-02
 0.00000000E+00  -.28277285E-02
 0.00000000E+00  -.27280191E-02
 0.00000000E+00  -.29499106E-02
 0.00000000E+00  -.31767393E-02
 0.00000000E+00  -.30986991E-02
 0.00000000E+00  -.33335070E-02
 0.00000000E+00  -.35717345E-02
 0.00000000E+00  -.38121679E-02
 0.00000000E+00  -.40538045E-02
 0.00000000E+00  -.42955027E-02
 0.00000000E+00  -.45359711E-02
 0.00000000E+00  -.47737582E-02
 0.00000000E+00  -.50072413E-02
 0.00000000E+00  -.52346168E-02
 0.00000000E+00  -.54538899E-02
 0.00000000E+00  -.56628663E-02
 0.00000000E+00  -.58591440E-02
 0.00000000E+00  -.60401075E-02
 0.00000000E+00  -.62029236E-02
 0.00000000E+00  -.63445401E-02
 0.00000000E+00  -.62711170E-02
 0.00000000E+00  -.63772770E-02
 0.00000000E+00  -.62902020E-02
 0.00000000E+00  -.61993631E-02
 0.00000000E+00  -.61028711E-02
 0.00000000E+00  -.59989284E-02
 0.00000000E+00  -.58856085E-02
 0.00000000E+00  -.57608577E-02
 0.00000000E+00  -.57102052E-02
 0.00000000E+00  -.55417342E-02
 0.00000000E+00  -.54477259E-02
 0.00000000E+00  -.30258880E-02
 0.00000000E+00  -.79360471E-03
 0.00000000E+00  0.20549270E-02
 0.00000000E+00  0.26999689E-02
 0.00000000E+00  0.24096606E-02
 0.00000000E+00  0.26491418E-02
 0.00000000E+00  0.33568020E-02
 0.00000000E+00  0.40758405E-02
 0.00000000E+00  0.48001349E-02
 0.00000000E+00  0.55213500E-02
 0.00000000E+00  0.62291809E-02
 0.00000000E+00  0.69110528E-02
 0.00000000E+00  0.75518078E-02
 0.00000000E+00  0.77530571E-02
 0.00000000E+00  0.72316031E-02
 0.00000000E+00  0.67868801E-02
 0.00000000E+00  0.66722215E-02
 0.00000000E+00  0.65360040E-02
 0.00000000E+00  0.63612073E-02
 0.00000000E+00  0.61292223E-02
 0.00000000E+00  0.59760346E-02
 0.00000000E+00  0.56591124E-02
 0.00000000E+00  0.53192191E-02
 0.00000000E+00  -.24198703E-02
 0.00000000E+00  -.39074318E-02
 0.00000000E+00  -.53770032E-02
 0.00000000E+00  -.45964986E-02
 0.00000000E+00  -.27127280E-02
 0.00000000E+00  -.10699139E-02
 0.00000000E+00  -.28599137E-03
 0.00000000E+00  -.84226021E-04
 0.00000000E+00  -.41670533E-04
 0.00000000E+00  -.23485638E-04
 0.00000000E+00  -.12524221E-04
 0.00000000E+00  -.70686211E-05
 0.00000000E+00  -.56686312E-05
 0.00000000E+00  -.56526251E-05
 0.00000000E+00  -.54501819E-05
 0.00000000E+00  -.47244052E-05
 0.00000000E+00  -.36048238E-05
 0.00000000E+00  -.22154184E-05
 0.00000000E+00  -.47142249E-06
 0.00000000E+00  0.21401620E-05
 0.00000000E+00  0.10630328E-04
 0.00000000E+00  -.95076746E-02
 0.00000000E+00  -.91395225E-02
 0.00000000E+00  -.90047573E-02
 0.00000000E+00  -.90907504E-02
 0.00000000E+00  -.94248849E-02
 0.00000000E+00  -.10006079E-01
 0.00000000E+00  -.10993327E-01
 0.00000000E+00  -.12914471E-01
 0.00000000E+00  -.20790240E+05
 0.00000000E+00  -.20898031E+05
 0.00000000E+00  -.21008677E+05
 0.00000000E+00  -.21122108E+05
 0.00000000E+00  -.21237924E+05
 0.00000000E+00  -.21355308E+05
 0.00000000E+00  -.21472977E+05
 0.00000000E+00  -.21589219E+05
 0.00000000E+00  -.21702036E+05
 0.00000000E+00  -.21809415E+05
 0.00000000E+00  -.21909669E+05
 0.00000000E+00  -.22001718E+05
 0.00000000E+00  -.22085209E+05
 0.00000000E+00  -.22160417E+05
 0.00000000E+00  -.22228029E+05
 0.00000000E+00  -.22288897E+05
 0.00000000E+00  -.22343870E+05
 0.00000000E+00  -.22393703E+05
 0.00000000E+00  -.22439056E+05
 0.00000000E+00  -.22480517E+05
 0.00000000E+00  -.22518644E+05
 0.00000000E+00  -.22553991E+05
 0.00000000E+00  -.22587120E+05
 0.00000000E+00  -.22618603E+05
 0.00000000E+00  -.22649009E+05
 0.00000000E+00  -.22678898E+05
 0.00000000E+00  -.22708803E+05
 0.00000000E+00  -.22739227E+05
 0.00000000E+00  -.22770622E+05
 0.00000000E+00  -.22803392E+05
 0.00000000E+00  -.22837874E+05
 0.00000000E+00  -.22874342E+05
 0.00000000E+00  -.22912995E+05
 0.00000000E+00  -.22953962E+05
 0.00000000E+00  -.22997296E+05
 0.00000000E+00  -.23042978E+05
 0.00000000E+00  -.23090918E+05
 0.00000000E+00  -.23140962E+05
 0.00000000E+00  -.23192898E+05
 0.00000000E+00  -.23246464E+05
 0.00000000E+00  -.23301361E+05
 0.00000000E+00  -.23357267E+05
 0.00000000E+00  -.23413851E+05
 0.00000000E+00  -.23470791E+05
 0.00000000E+00  -.23527784E+05
 0.00000000E+00  -.23584561E+05
 0.00000000E+00  -.23640889E+05
 0.00000000E+00  -.23696572E+05
 0.00000000E+00  -.23751446E+05
 0.00000000E+00  -.23805367E+05
 0.00000000E+00  -.23858203E+05
 0.00000000E+00  -.23909823E+05
 0.00000000E+00  -.23960096E+05
 0.00000000E+00  -.24008896E+05
 0.00000000E+00  -.24056111E+05
 0.00000000E+00  -.24101669E+05
 0.00000000E+00  -.24145552E+05
 0.00000000E+00  -.24187827E+05
 0.00000000E+00  -.24228650E+05
 0.00000000E+00  -.24268278E+05
 0.00000000E+00  -.24307055E+05
 0.00000000E+00  -.24345398E+05
 0.00000000E+00  -.24383767E+05
 0.00000000E+00  -.24422645E+05
 0.00000000E+00  -.24462507E+05
 0.00000000E+00  -.24503801E+05
 0.00000000E+00  -.24546928E+05
 0.00000000E+00  -.24592236E+05
 0.00000000E+00  -.24640007E+05
 0.00000000E+00  -.24690455E+05
 0.00000000E+00  -.24743726E+05
 0.00000000E+00  -.24799898E+05
 0.00000000E+00  -.24858981E+05
 0.00000000E+00  -.24920924E+05
 0.00000000E+00  -.24985620E+05
 0.00000000E+00  -.25052915E+05
 0.00000000E+00  -.25122620E+05
 0.00000000E+00  -.25194526E+05
 0.00000000E+00  -.25268423E+05
 0.00000000E+00  -.25344120E+05
 0.00000000E+00  -.25421467E+05
 0.00000000E+00  -.25500376E+05
 0.00000000E+00  -.25580834E+05
 0.00000000E+00  -.25662914E+05
 0.00000000E+00  -.25746778E+05
 0.00000000E+00  -.25832672E+05
 0.00000000E+00  -.25920912E+05
 0.00000000E+00  -.26011874E+05
 0.00000000E+00  -.26105973E+05
 0.00000000E+00  -.26203645E+05
 0.00000000E+00  -.26305340E+05
 0.00000000E+00  -.26411500E+05
 0.00000000E+00  -.26522556E+05
 0.00000000E+00  -.26638918E+05
 0.00000000E+00  -.26760967E+05
 0.00000000E+00  -.26889054E+05
 0.00000000E+00  -.27023493E+05
 0.00000000E+00  -.27164561E+05
 0.00000000E+00  -.27312488E+05
 0.00000000E+00  -.27467459E+05
 0.00000000E+00  -.27629607E+05
 0.00000000E+00  -.27799016E+05
 0.00000000E+00  -.27975719E+05
 0.00000000E+00  -.28159713E+05
 0.00000000E+00  -.28350977E+05
 0.00000000E+00  -.28549505E+05
 0.00000000E+00  -.28755360E+05
 0.00000000E+00  -.28968740E+05
 0.00000000E+00  -.29190067E+05
 0.00000000E+00  -.29420084E+05
 0.00000000E+00  -.29659967E+05
 0.00000000E+00  -.29911445E+05
 0.00000000E+00  -.30176962E+05
 0.00000000E+00  -.30459909E+05
 0.00000000E+00  -.30765023E+05
 0.00000000E+00  -.31099156E+05
 0.00000000E+00  -.31472952E+05
 0.00000000E+00  -.31905032E+05
 0.00000000E+00  -.32435493E+05
 0.00000000E+00  -.33201652E+05
 0.00000000E+00  -.11630091E-02
 0.00000000E+00  -.25858110E-02
 0.00000000E+00  -.25789026E-02
 0.00000000E+00  -.24910981E-02
 0.00000000E+00  -.24841918E-02
 0.00000000E+00  -.24780311E-02
 0.00000000E+00  -.23791594E-02
 0.00000000E+00  -.23730088E-02
 0.00000000E+00  -.23677739E-02
 0.00000000E+00  -.22604164E-02
 0.00000000E+00  -.22558045E-02
 0.00000000E+00  -.22522274E-02
 0.00000000E+00  -.21385838E-02
 0.00000000E+00  -.21361031E-02
 0.00000000E+00  -.21347359E-02
 0.00000000E+00  -.20166561E-02
 0.00000000E+00  -.20167399E-02
 0.00000000E+00  -.20179856E-02
 0.00000000E+00  -.18970057E-02
 0.00000000E+00  -.18999584E-02
 0.00000000E+00  -.19040987E-02
 0.00000000E+00  -.17814773E-02
 0.00000000E+00  -.17874995E-02
 0.00000000E+00  -.16634996E-02
 0.00000000E+00  -.16714933E-02
 0.00000000E+00  -.16806850E-02
 0.00000000E+00  -.15568454E-02
 0.00000000E+00  -.15680709E-02
 0.00000000E+00  -.14443056E-02
 0.00000000E+00  -.14575325E-02
 0.00000000E+00  -.14719453E-02
 0.00000000E+00  -.13495309E-02
 0.00000000E+00  -.13659848E-02
 0.00000000E+00  -.12446609E-02
 0.00000000E+00  -.11243840E-02
 0.00000000E+00  -.11433299E-02
 0.00000000E+00  -.10248928E-02
 0.00000000E+00  -.90845190E-03
 0.00000000E+00  -.92953750E-03
 0.00000000E+00  -.81555426E-03
 0.00000000E+00  -.70433816E-03
 0.00000000E+00  -.72715704E-03
 0.00000000E+00  -.61884756E-03
 0.00000000E+00  -.51391331E-03
 0.00000000E+00  -.53802886E-03
 0.00000000E+00  -.43630516E-03
 0.00000000E+00  -.33841854E-03
 0.00000000E+00  -.36338398E-03
 0.00000000E+00  -.26888894E-03
 0.00000000E+00  -.17856350E-03
 0.00000000E+00  -.20393803E-03
 0.00000000E+00  -.11708261E-03
 0.00000000E+00  -.34616493E-04
 0.00000000E+00  -.59978006E-04
 0.00000000E+00  0.19023805E-04
 0.00000000E+00  0.93513558E-04
 0.00000000E+00  0.68558876E-04
 0.00000000E+00  0.13965777E-03
 0.00000000E+00  0.20620386E-03
 0.00000000E+00  0.18201479E-03
 0.00000000E+00  0.24529666E-03
 0.00000000E+00  0.30405328E-03
 0.00000000E+00  0.28094905E-03
 0.00000000E+00  0.33660859E-03
 0.00000000E+00  0.38782622E-03
 0.00000000E+00  0.36608415E-03
 0.00000000E+00  0.41440138E-03
 0.00000000E+00  0.45840460E-03
 0.00000000E+00  0.43825916E-03
 0.00000000E+00  0.47957890E-03
 0.00000000E+00  0.51674723E-03
 0.00000000E+00  0.49839062E-03
 0.00000000E+00  0.53310462E-03
 0.00000000E+00  0.56385593E-03
 0.00000000E+00  0.54743953E-03
 0.00000000E+00  0.57597133E-03
 0.00000000E+00  0.60074781E-03
 0.00000000E+00  0.58638448E-03
 0.00000000E+00  0.60917654E-03
 0.00000000E+00  0.59518994E-03
